0,WEAgent1,FEMALE_OLD,53,49.65530345263433,73,11.680000000000007
0,WEAgent2,MALE_YOUNG_LOW_INCOME,35,34.39366693916886,35,34.393666939168845
0,WEAgent0,MALE_HIGH_INCOME,25,29.1502137600187,51,29.147458710054785
0,WEAgent5,MALE_HIGH_INCOME,25,25.88840958674603,25,24.98745871005478
0,WEAgent6,YOUNG_LOW_INCOME,72,80.64477671173513,159,80.55930528355157
0,WEAgent3,YOUNG_HIGH_INCOME,15,14.191715351562696,61,9.760000000000005
0,WEAgent4,MALE_OLD,49,48.97541907170736,166,26.56000000000002
0,WEAgent7,YOUNG_LOW_INCOME,72,83.2245341567472,84,82.54480065400537
1,WEAgent1,MALE_OLD,49,45.498818996090705,168,26.88000000000002
1,WEAgent2,MALE_OLD_LOW_INCOME,34,30.030041636968537,187,29.920000000000023
1,WEAgent0,MALE_LOW_INCOME,69,74.20311170877149,84,74.19186757368699
1,WEAgent5,MALE_YOUNG,45,48.572949405583415,87,19.418827719979696
1,WEAgent6,YOUNG_LOW_INCOME,72,77.095062185962,87,76.84157712989008
1,WEAgent3,FEMALE_YOUNG,42,46.310908359168835,53,10.31294257332657
1,WEAgent4,YOUNG_HIGH_INCOME,15,11.564712866632814,15,11.564712866632814
1,WEAgent7,FEMALE_OLD_HIGH_INCOME,8,8.78083505561871,54,8.640000000000004
2,WEAgent1,MALE_OLD_HIGH_INCOME,16,13.148531682211077,15,12.326748452072886
2,WEAgent2,MALE_LOW_INCOME,69,60.03701461419532,95,59.936404647743494
2,WEAgent0,YOUNG_HIGH_INCOME,15,14.199799691712526,14,13.253146378931694
2,WEAgent5,FEMALE_HIGH_INCOME,13,13.50828169420874,28,9.199919876685014
2,WEAgent6,MALE_OLD,49,47.05189882094217,139,31.50496522193471
2,WEAgent3,MALE_OLD_LOW_INCOME,34,33.14029820457877,38,33.06386312086121
2,WEAgent4,FEMALE_OLD_LOW_INCOME,46,42.324435597791854,264,42.2399999999998
2,WEAgent7,FEMALE_HIGH_INCOME,13,12.814400226374058,13,12.306493066150859
3,WEAgent1,MALE_HIGH_INCOME,25,24.833091616603234,97,15.52000000000001
3,WEAgent2,MALE_OLD,49,47.95331888533026,179,28.640000000000022
3,WEAgent0,FEMALE_OLD_LOW_INCOME,46,38.419714327188125,46,38.419714327188125
3,WEAgent5,YOUNG_LOW_INCOME,72,74.3021938388682,88,73.49858393027284
3,WEAgent6,MALE_YOUNG_LOW_INCOME,35,32.496640591721004,203,32.48000000000001
3,WEAgent3,MALE_OLD_LOW_INCOME,34,24.375127520158134,152,24.320000000000018
3,WEAgent4,FEMALE_LOW_INCOME,83,87.66130333942142,184,87.50816156822086
3,WEAgent7,FEMALE_OLD_LOW_INCOME,46,50.15802036568915,144,50.04844724103281
4,WEAgent1,MALE_OLD_LOW_INCOME,34,36.01769746309871,37,35.91137667071732
4,WEAgent2,FEMALE_OLD,53,47.29429913767507,52,30.290358002457573
4,WEAgent0,FEMALE_YOUNG_HIGH_INCOME,5,4.433628401344156,4,3.546902721075325
4,WEAgent5,MALE_YOUNG_LOW_INCOME,35,35.972015400845414,224,35.83999999999994
4,WEAgent6,OLD_HIGH_INCOME,23,26.553444987392492,29,25.878012735708985
4,WEAgent3,FEMALE_YOUNG_HIGH_INCOME,5,4.873220362699563,21,4.813451360537664
4,WEAgent4,OLD_LOW_INCOME,79,76.67564208072076,271,76.59368766214544
4,WEAgent7,MALE_HIGH_INCOME,25,23.28615701934702,101,16.16000000000001
5,WEAgent1,MALE_OLD_HIGH_INCOME,16,15.375022802925152,96,15.36000000000001
5,WEAgent2,MALE_HIGH_INCOME,25,27.35169041678946,32,26.627893801310762
5,WEAgent0,FEMALE_YOUNG,42,39.74486465066588,51,18.913946900655393
5,WEAgent5,OLD_HIGH_INCOME,23,22.548961177151952,40,22.41877850365644
5,WEAgent6,YOUNG_HIGH_INCOME,15,14.707997995897877,17,14.14606858194635
5,WEAgent3,MALE_YOUNG_HIGH_INCOME,10,9.9957623629533,12,9.98546017549154
5,WEAgent4,MALE_YOUNG,45,37.44547565809327,46,24.163042032274042
5,WEAgent7,OLD_HIGH_INCOME,23,22.517163348418343,23,22.101595279204908
6,WEAgent1,FEMALE_HIGH_INCOME,13,12.66961359826017,13,11.778724668754835
6,WEAgent2,FEMALE_OLD_HIGH_INCOME,8,8.224061090612915,32,8.104222975001493
6,WEAgent0,MALE_YOUNG_HIGH_INCOME,10,11.069442442018865,69,11.040000000000006
6,WEAgent5,MALE_OLD,49,49.091984050196416,168,26.88000000000002
6,WEAgent6,FEMALE_YOUNG_HIGH_INCOME,5,4.865374258678392,0,0.0
6,WEAgent3,FEMALE_LOW_INCOME,83,75.20262673128089,367,58.71999999999945
6,WEAgent4,MALE_LOW_INCOME,69,73.85185406747503,349,55.83999999999951
6,WEAgent7,FEMALE_YOUNG,42,50.871083623641006,48,11.410278718751867
7,WEAgent1,MALE_LOW_INCOME,69,67.53935700353951,345,55.19999999999953
7,WEAgent2,MALE_OLD_HIGH_INCOME,16,13.82933737220442,86,13.760000000000009
7,WEAgent0,MALE_HIGH_INCOME,25,24.134199591133797,27,23.337006815594947
7,WEAgent5,MALE_YOUNG_HIGH_INCOME,10,11.650778982973424,13,11.236336614916091
7,WEAgent6,MALE_YOUNG_HIGH_INCOME,10,8.644158768162482,10,8.643335857627763
7,WEAgent3,MALE_YOUNG_HIGH_INCOME,10,9.254936438751088,10,8.643335857627763
7,WEAgent4,FEMALE_LOW_INCOME,83,84.22951267800869,428,68.47999999999925
7,WEAgent7,MALE_HIGH_INCOME,25,25.309663147747106,32,19.911005301018296
8,WEAgent1,FEMALE_OLD_HIGH_INCOME,8,8.961970173946389,9,8.182581057497828
8,WEAgent2,FEMALE_OLD,53,52.18442768449522,57,21.855986441940345
8,WEAgent0,FEMALE_YOUNG,42,35.73533205536285,49,7.840000000000004
8,WEAgent5,FEMALE_OLD_HIGH_INCOME,8,7.273405384442514,8,7.273405384442513
8,WEAgent6,FEMALE_OLD_HIGH_INCOME,8,9.118918150401692,10,9.091756730553142
8,WEAgent3,FEMALE_LOW_INCOME,83,75.88039117755811,400,63.99999999999934
8,WEAgent4,MALE_LOW_INCOME,69,67.35470703639236,356,56.95999999999949
8,WEAgent7,MALE_OLD_HIGH_INCOME,16,14.923495492866618,93,14.88000000000001
9,WEAgent1,FEMALE_OLD_LOW_INCOME,46,38.59076911748591,241,38.55999999999988
9,WEAgent2,MALE_YOUNG_HIGH_INCOME,10,10.068500193089637,10,9.3013646118532
9,WEAgent0,MALE_YOUNG,45,41.8561407533394,58,31.613957374374287
9,WEAgent5,FEMALE_YOUNG,42,39.04374476803148,56,8.960000000000004
9,WEAgent6,MALE_OLD_LOW_INCOME,34,36.22480995505388,226,36.15999999999993
9,WEAgent3,MALE_HIGH_INCOME,25,30.802483323522775,33,30.694503219115564
9,WEAgent4,FEMALE_LOW_INCOME,83,89.36450720308117,261,89.28508343965186
9,WEAgent7,FEMALE_YOUNG_LOW_INCOME,38,39.52859222893589,47,39.429698880909534
10,WEAgent1,FEMALE_OLD_LOW_INCOME,46,50.72810352125024,317,50.71999999999962
10,WEAgent2,MALE_LOW_INCOME,69,71.47244908821536,313,70.93505916324965
10,WEAgent0,MALE_OLD_LOW_INCOME,34,30.764000412518442,34,30.764000412518413
10,WEAgent5,YOUNG_HIGH_INCOME,15,16.357551771975853,19,15.87425642532845
10,WEAgent6,YOUNG_LOW_INCOME,72,67.16872069451027,385,61.59999999999939
10,WEAgent3,FEMALE_HIGH_INCOME,13,14.464283495755216,18,14.36328206476756
10,WEAgent4,MALE_YOUNG,45,37.59692311262,96,15.36000000000001
10,WEAgent7,FEMALE_YOUNG_LOW_INCOME,38,38.44055300139082,240,38.399999999999885
11,WEAgent1,OLD_LOW_INCOME,79,85.90594378623922,191,85.77944025881604
11,WEAgent2,MALE_OLD_HIGH_INCOME,16,17.101413586129897,18,16.254679360586202
11,WEAgent0,FEMALE_HIGH_INCOME,13,11.987350537930444,53,8.480000000000004
11,WEAgent5,FEMALE_OLD_HIGH_INCOME,8,7.563099908376853,47,7.520000000000004
11,WEAgent6,MALE_OLD,49,44.248849370484685,152,39.18075484509564
11,WEAgent3,MALE_HIGH_INCOME,25,22.323422651749816,34,22.297548839609828
11,WEAgent4,MALE_HIGH_INCOME,25,23.934154090901433,26,23.2163595578198
11,WEAgent7,OLD_LOW_INCOME,79,72.39802438967818,79,72.39802438967806
12,WEAgent1,YOUNG_LOW_INCOME,72,61.55268331426798,364,58.23999999999946
12,WEAgent2,OLD_HIGH_INCOME,23,21.412474435256506,72,19.177196232458236
12,WEAgent0,FEMALE_OLD_HIGH_INCOME,8,7.405756985966582,8,7.405756985966582
12,WEAgent5,FEMALE_OLD_HIGH_INCOME,8,7.836173136984261,8,7.405756985966582
12,WEAgent6,MALE_YOUNG,45,42.897198477152656,102,16.32000000000001
12,WEAgent3,FEMALE_YOUNG_LOW_INCOME,38,32.09514622915404,200,32.00000000000002
12,WEAgent4,MALE_LOW_INCOME,69,79.4860635899779,345,55.19999999999953
12,WEAgent7,FEMALE_YOUNG_HIGH_INCOME,5,5.581788117597498,34,5.440000000000002
13,WEAgent1,FEMALE_OLD_HIGH_INCOME,8,7.466293471319277,8,6.942494408790075
13,WEAgent2,FEMALE_YOUNG_HIGH_INCOME,5,4.6484963026285,5,4.339059005493796
13,WEAgent0,FEMALE_OLD_HIGH_INCOME,8,8.206701843905874,9,7.810306209888834
13,WEAgent5,FEMALE_HIGH_INCOME,13,13.29592735069436,15,13.017177016481385
13,WEAgent6,MALE_YOUNG_LOW_INCOME,35,36.71970157888884,229,36.63999999999992
13,WEAgent3,MALE_OLD,49,50.28821976562502,140,22.400000000000016
13,WEAgent4,FEMALE_OLD,53,48.63364257602284,54,19.25717701648139
13,WEAgent7,FEMALE_YOUNG_HIGH_INCOME,5,4.339059005493796,5,4.339059005493796
14,WEAgent1,FEMALE_OLD,53,48.08056486869958,64,24.436428915194192
14,WEAgent2,MALE_OLD_LOW_INCOME,34,34.29685291106959,34,33.7260838006127
14,WEAgent0,FEMALE_OLD_HIGH_INCOME,8,8.691209407420448,0,0.0
14,WEAgent5,OLD_HIGH_INCOME,23,22.188620720024975,24,21.772331261297925
14,WEAgent6,OLD_LOW_INCOME,79,78.36354765436477,292,78.33385836538979
14,WEAgent3,MALE_HIGH_INCOME,25,26.2251499796377,109,17.440000000000012
14,WEAgent4,FEMALE_LOW_INCOME,83,87.78959139370353,410,65.59999999999931
14,WEAgent7,MALE_OLD_HIGH_INCOME,16,17.965641012626136,112,17.920000000000012
15,WEAgent1,FEMALE_OLD_LOW_INCOME,46,44.75704036643477,279,44.63999999999975
15,WEAgent2,OLD_LOW_INCOME,79,78.27961947261676,133,78.18853968805261
15,WEAgent0,OLD_LOW_INCOME,79,77.7306444461244,79,76.86535193365967
15,WEAgent5,OLD_HIGH_INCOME,23,23.7721625796178,41,23.63256190641588
15,WEAgent6,YOUNG_HIGH_INCOME,15,14.033804138177215,58,9.280000000000005
15,WEAgent3,OLD_HIGH_INCOME,23,24.354323175528272,25,24.324478460018902
15,WEAgent4,MALE_OLD,49,58.8987269203521,173,27.68000000000002
15,WEAgent7,MALE_HIGH_INCOME,25,27.12994276040887,125,20.000000000000014
16,WEAgent1,FEMALE_HIGH_INCOME,13,11.133331842245363,13,11.133331842245363
16,WEAgent2,FEMALE_OLD_LOW_INCOME,46,49.59325039043147,309,49.43999999999965
16,WEAgent0,OLD_HIGH_INCOME,23,20.54891651126003,51,13.034870991978279
16,WEAgent5,FEMALE_YOUNG_HIGH_INCOME,5,5.8239640369139085,5,5.02753983774948
16,WEAgent6,FEMALE_YOUNG_LOW_INCOME,38,41.09510410490962,49,41.012203888861684
16,WEAgent3,FEMALE_YOUNG_LOW_INCOME,38,46.60350472980335,43,46.502354645029286
16,WEAgent4,FEMALE_YOUNG_HIGH_INCOME,5,5.02753983774948,10,4.982031870199585
16,WEAgent7,FEMALE_OLD_HIGH_INCOME,8,8.933481389921473,10,8.564101417111818
17,WEAgent1,FEMALE_LOW_INCOME,83,75.0057212353415,377,60.31999999999942
17,WEAgent2,FEMALE_OLD_HIGH_INCOME,8,8.672203879424224,54,8.640000000000004
17,WEAgent0,YOUNG_HIGH_INCOME,15,15.649911101379367,29,13.166819996942564
17,WEAgent5,MALE_OLD,49,50.550365223827946,65,50.536261152014994
17,WEAgent6,YOUNG_HIGH_INCOME,15,15.925380952705417,17,15.897812722547592
17,WEAgent3,FEMALE_YOUNG_HIGH_INCOME,5,4.675827271337529,5,4.675827271337529
17,WEAgent4,MALE_OLD,49,58.48970057120465,97,56.27374209281512
17,WEAgent7,OLD_HIGH_INCOME,23,17.882061638405286,23,17.882061638405283
18,WEAgent1,OLD_HIGH_INCOME,23,24.613963700415454,26,24.228918001398743
18,WEAgent2,MALE_OLD_HIGH_INCOME,16,14.910103385476154,93,14.88000000000001
18,WEAgent0,FEMALE_YOUNG,42,43.287207340861805,47,12.923170231145821
18,WEAgent5,MALE_OLD_LOW_INCOME,34,35.387287047539004,221,35.35999999999995
18,WEAgent6,FEMALE_OLD_HIGH_INCOME,8,7.735659807023902,0,0.0
18,WEAgent3,FEMALE_OLD,53,51.62115870820574,48,27.748918001398746
18,WEAgent4,FEMALE_HIGH_INCOME,13,13.590022533374961,0,0.0
18,WEAgent7,FEMALE_HIGH_INCOME,13,13.786245600694803,14,13.046340462291637
19,WEAgent1,YOUNG_LOW_INCOME,72,64.25913025823279,73,63.44958649178059
19,WEAgent2,MALE_HIGH_INCOME,25,27.267830534028107,104,16.64000000000001
19,WEAgent0,FEMALE_LOW_INCOME,83,79.03117500316262,139,78.97379341564975
19,WEAgent5,FEMALE_OLD_LOW_INCOME,46,39.981931213998806,249,39.839999999999854
19,WEAgent6,FEMALE_YOUNG_LOW_INCOME,38,41.163667803748766,47,40.8511036316944
19,WEAgent3,MALE_OLD_LOW_INCOME,34,39.50878919375888,246,39.359999999999864
19,WEAgent4,FEMALE_YOUNG,42,39.558067906348846,38,11.753379341565013
19,WEAgent7,FEMALE_YOUNG_HIGH_INCOME,5,5.069597973709662,5,4.345862088478131
20,WEAgent1,FEMALE_OLD,53,45.601624795286355,45,31.714280525189128
20,WEAgent2,OLD_HIGH_INCOME,23,24.471195082544522,28,24.091424420151295
20,WEAgent0,FEMALE_YOUNG_LOW_INCOME,38,29.565818598113147,184,29.440000000000023
20,WEAgent5,MALE_YOUNG_LOW_INCOME,35,35.70439999771725,223,35.67999999999994
20,WEAgent6,YOUNG_HIGH_INCOME,15,13.496129136534531,52,8.320000000000004
20,WEAgent3,OLD_HIGH_INCOME,23,27.268736460867213,31,26.67264846516751
20,WEAgent4,MALE_OLD,49,56.83068785010601,142,42.33142442015108
20,WEAgent7,MALE_YOUNG_HIGH_INCOME,10,9.316845525629297,58,9.280000000000005
21,WEAgent1,MALE_OLD,49,39.75139727573893,170,27.20000000000002
21,WEAgent2,MALE_OLD_LOW_INCOME,34,36.18756174122669,36,36.0455545035401
21,WEAgent0,FEMALE_OLD_LOW_INCOME,46,49.41744007221668,308,49.27999999999965
21,WEAgent5,MALE_YOUNG_HIGH_INCOME,10,11.369245536135958,12,10.586580547746696
21,WEAgent6,MALE_YOUNG_LOW_INCOME,35,30.87752659759453,192,30.720000000000024
21,WEAgent3,OLD_LOW_INCOME,79,79.09996682721294,273,79.013146920796
21,WEAgent4,MALE_YOUNG,45,49.98229605300895,92,17.608860182582244
21,WEAgent7,FEMALE_YOUNG,42,43.24046922770982,58,9.280000000000005
22,WEAgent1,FEMALE_OLD,53,49.84586669172502,91,31.507845892421027
22,WEAgent2,YOUNG_LOW_INCOME,72,72.51409069699112,289,72.50134460564807
22,WEAgent0,YOUNG_HIGH_INCOME,15,12.568707535452612,15,12.568707535452608
22,WEAgent5,YOUNG_HIGH_INCOME,15,13.025832556653668,17,12.888707535452609
22,WEAgent6,MALE_YOUNG_LOW_INCOME,35,40.71484006668966,40,40.28560594277281
22,WEAgent3,FEMALE_HIGH_INCOME,13,12.288814092555096,14,11.730793699755768
22,WEAgent4,MALE_OLD,49,50.12343604817504,160,25.60000000000002
22,WEAgent7,MALE_YOUNG_HIGH_INCOME,10,9.285125298120894,58,9.280000000000005
23,WEAgent1,FEMALE_OLD_LOW_INCOME,46,39.75969989289243,248,39.67999999999986
23,WEAgent2,FEMALE_YOUNG,42,38.53865649869804,38,14.316961313836586
23,WEAgent0,FEMALE_OLD_HIGH_INCOME,8,7.636875934763097,9,7.142511678809942
23,WEAgent5,FEMALE_OLD_HIGH_INCOME,8,8.903176991007633,11,8.729736496323262
23,WEAgent6,FEMALE_HIGH_INCOME,13,12.587038157871842,19,12.544186131349903
23,WEAgent3,OLD_LOW_INCOME,79,89.118110495104,361,57.75999999999947
23,WEAgent4,FEMALE_HIGH_INCOME,13,10.316961313836584,13,10.316961313836583
23,WEAgent7,FEMALE_HIGH_INCOME,13,12.957186886634712,16,12.697798540106563
24,WEAgent1,FEMALE_HIGH_INCOME,13,12.156592862076897,45,7.200000000000004
24,WEAgent2,MALE_LOW_INCOME,69,75.98121709981379,143,75.8685531470263
24,WEAgent0,YOUNG_LOW_INCOME,72,76.42152752699235,74,76.34944520613577
24,WEAgent5,MALE_HIGH_INCOME,25,27.508265859557586,29,26.80331321127512
24,WEAgent6,MALE_YOUNG,45,41.591348086461416,68,31.514808851876843
24,WEAgent3,YOUNG_HIGH_INCOME,15,15.939158137788585,17,15.712287054885419
24,WEAgent4,MALE_LOW_INCOME,69,63.27157381635474,69,63.27157381635474
24,WEAgent7,FEMALE_LOW_INCOME,83,85.63518854201715,164,85.51894964888116
25,WEAgent1,FEMALE_OLD,53,53.31844032161745,74,33.77961170024431
25,WEAgent2,MALE_OLD_HIGH_INCOME,16,18.234458652281262,113,18.080000000000013
25,WEAgent0,MALE_YOUNG_HIGH_INCOME,10,8.29883542789499,51,8.160000000000004
25,WEAgent5,MALE_OLD_LOW_INCOME,34,36.64262071652258,229,36.63999999999992
25,WEAgent6,FEMALE_YOUNG_HIGH_INCOME,5,4.857121339601276,5,4.149417713947495
25,WEAgent3,OLD_HIGH_INCOME,23,21.701823896629296,23,21.70182389662929
25,WEAgent4,YOUNG_LOW_INCOME,72,78.76858845521437,385,61.59999999999939
25,WEAgent7,YOUNG_HIGH_INCOME,15,15.706974852447116,44,10.3894177139475
26,WEAgent1,MALE_HIGH_INCOME,25,22.127797227353454,113,18.080000000000013
26,WEAgent2,FEMALE_OLD_LOW_INCOME,46,35.03847573064131,218,34.87999999999996
26,WEAgent0,FEMALE_HIGH_INCOME,13,14.326078416628803,43,11.221809415715578
26,WEAgent5,FEMALE_YOUNG_HIGH_INCOME,5,5.1418094157155725,5,5.1418094157155725
26,WEAgent6,MALE_OLD_LOW_INCOME,34,27.68433994473154,173,27.68000000000002
26,WEAgent3,MALE_OLD_HIGH_INCOME,16,12.393491750085861,15,11.618898515705496
26,WEAgent4,MALE_YOUNG_LOW_INCOME,35,33.66994226977209,210,33.59999999999999
26,WEAgent7,MALE_OLD,49,51.79966493490796,135,33.8918646876073
27,WEAgent1,YOUNG_HIGH_INCOME,15,16.607451755253393,52,11.22230179146946
27,WEAgent2,FEMALE_YOUNG_HIGH_INCOME,5,4.427877239336817,4,3.5423017914694537
27,WEAgent0,YOUNG_LOW_INCOME,72,68.90726980101618,206,68.8270436256346
27,WEAgent5,MALE_YOUNG_LOW_INCOME,35,44.21522193053265,46,44.02408903953815
27,WEAgent6,FEMALE_OLD_HIGH_INCOME,8,8.121729564925445,50,8.000000000000004
27,WEAgent3,MALE_OLD,49,50.77683327044843,174,27.84000000000002
27,WEAgent4,FEMALE_YOUNG_HIGH_INCOME,5,4.956430407150918,5,4.4278772393368175
27,WEAgent7,MALE_LOW_INCOME,69,76.39490811496616,352,56.3199999999995
28,WEAgent1,FEMALE_YOUNG_LOW_INCOME,38,31.75477749530286,198,31.680000000000025
28,WEAgent2,MALE_YOUNG_HIGH_INCOME,10,10.061517671059852,20,9.973021222988727
28,WEAgent0,OLD_LOW_INCOME,79,81.30815197927429,330,52.79999999999958
28,WEAgent5,MALE_YOUNG_HIGH_INCOME,10,9.973539679403268,10,9.125579136654139
28,WEAgent6,FEMALE_OLD,53,54.11888716916984,76,12.160000000000007
28,WEAgent3,MALE_YOUNG_HIGH_INCOME,10,11.027219488842036,12,10.950694963984965
28,WEAgent4,MALE_YOUNG_HIGH_INCOME,10,9.12557913665414,10,9.125579136654139
28,WEAgent7,FEMALE_OLD_LOW_INCOME,46,55.35257130851971,345,55.19999999999953
29,WEAgent1,MALE_YOUNG_LOW_INCOME,35,32.27846773816436,35,32.27846773816436
29,WEAgent2,MALE_LOW_INCOME,69,74.59688949617549,80,73.77935483008982
29,WEAgent0,MALE_HIGH_INCOME,25,21.00021173477339,113,18.080000000000013
29,WEAgent5,FEMALE_LOW_INCOME,83,86.77561209000257,381,60.959999999999404
29,WEAgent6,MALE_YOUNG_LOW_INCOME,35,38.86387731335141,42,38.73416128579721
29,WEAgent3,FEMALE_HIGH_INCOME,13,14.755892817005094,63,10.080000000000005
29,WEAgent4,OLD_LOW_INCOME,79,80.72146945775192,128,80.69711289471353
29,WEAgent7,MALE_YOUNG_LOW_INCOME,35,33.00603544274735,44,32.95622580278822
30,WEAgent1,OLD_HIGH_INCOME,23,24.424648061324696,82,13.120000000000008
30,WEAgent2,MALE_HIGH_INCOME,25,21.75417520144942,25,21.75417520144941
30,WEAgent0,MALE_YOUNG_HIGH_INCOME,10,9.31061011609361,10,8.701670080579769
30,WEAgent5,MALE_LOW_INCOME,69,73.01597127381697,372,59.519999999999435
30,WEAgent6,MALE_OLD_HIGH_INCOME,16,16.0812839583224,100,16.00000000000001
30,WEAgent3,FEMALE_YOUNG,42,46.81779277090467,47,7.520000000000004
30,WEAgent4,FEMALE_YOUNG_LOW_INCOME,38,36.856250534845316,230,36.79999999999992
30,WEAgent7,MALE_HIGH_INCOME,25,24.977007069445047,62,24.833507169217512
31,WEAgent1,MALE_YOUNG_HIGH_INCOME,10,9.488211862210864,59,9.440000000000005
31,WEAgent2,FEMALE_OLD,53,43.62136310960612,111,43.61873889197409
31,WEAgent0,FEMALE_OLD,53,54.56530534431284,83,15.932178347894812
31,WEAgent5,FEMALE_YOUNG_HIGH_INCOME,5,5.19861306715278,32,5.120000000000002
31,WEAgent6,YOUNG_LOW_INCOME,72,65.0924231800102,146,65.0274402511187
31,WEAgent3,YOUNG_LOW_INCOME,72,66.73005439164243,73,65.99648461306585
31,WEAgent4,FEMALE_OLD,53,49.25315782925565,59,48.55963063144836
31,WEAgent7,MALE_YOUNG_LOW_INCOME,35,34.27817917671992,37,33.45027302306081
32,WEAgent1,FEMALE_OLD_HIGH_INCOME,8,8.646184736255615,54,8.640000000000004
32,WEAgent2,FEMALE_YOUNG_HIGH_INCOME,5,3.887521511065885,4,3.1100172088527085
32,WEAgent0,FEMALE_HIGH_INCOME,13,12.203720230687228,15,11.66256453319766
32,WEAgent5,FEMALE_YOUNG_LOW_INCOME,38,35.17843734161844,219,35.03999999999996
32,WEAgent6,FEMALE_YOUNG_HIGH_INCOME,5,4.935656865641916,6,4.665025813279063
32,WEAgent3,MALE_YOUNG_HIGH_INCOME,10,10.353406629782034,64,10.240000000000006
32,WEAgent4,YOUNG_HIGH_INCOME,15,14.549014730906858,27,8.025025813279065
32,WEAgent7,FEMALE_YOUNG_HIGH_INCOME,5,4.726312330605115,6,4.665025813279063
33,WEAgent1,MALE_OLD,49,42.46969647299248,37,32.06895447960655
33,WEAgent2,YOUNG_LOW_INCOME,72,75.04700259319581,352,69.33853217015854
33,WEAgent0,FEMALE_OLD_LOW_INCOME,46,40.57749840224635,253,40.47999999999984
33,WEAgent5,MALE_OLD,49,58.52700954252426,56,48.53679596913424
33,WEAgent6,MALE_OLD,49,50.11967578617824,57,49.403524468583065
33,WEAgent3,MALE_YOUNG_LOW_INCOME,35,34.07803912222354,34,33.10438086158859
33,WEAgent4,FEMALE_YOUNG_HIGH_INCOME,5,5.6315973103958425,24,5.619620534332536
33,WEAgent7,FEMALE_YOUNG_HIGH_INCOME,5,5.249051335831332,4,4.199241068665066
34,WEAgent1,MALE_YOUNG_LOW_INCOME,35,32.241255442523276,201,32.16000000000002
34,WEAgent2,OLD_HIGH_INCOME,23,18.51480109531139,80,16.024956759850312
34,WEAgent0,FEMALE_OLD_HIGH_INCOME,8,7.745012281856557,9,7.244922167730544
34,WEAgent5,MALE_OLD_HIGH_INCOME,16,14.791107798638691,92,14.72000000000001
34,WEAgent6,FEMALE_YOUNG_LOW_INCOME,38,37.721944518744884,38,37.57350068223983
34,WEAgent3,FEMALE_LOW_INCOME,83,82.06843570068172,326,81.99594801475254
34,WEAgent4,YOUNG_HIGH_INCOME,15,15.094941309803469,66,10.560000000000006
34,WEAgent7,MALE_LOW_INCOME,69,70.13041776449094,361,57.75999999999947
35,WEAgent1,FEMALE_OLD_HIGH_INCOME,8,8.334388446564795,11,8.003779513976172
35,WEAgent2,MALE_YOUNG,45,49.01587523650912,77,25.29516205814877
35,WEAgent0,FEMALE_OLD_LOW_INCOME,46,44.41852758007818,277,44.31999999999976
35,WEAgent5,YOUNG_HIGH_INCOME,15,13.130304302168703,16,12.445837758589532
35,WEAgent6,YOUNG_HIGH_INCOME,15,11.667972898677686,15,11.667972898677686
35,WEAgent3,YOUNG_LOW_INCOME,72,78.94291742946521,339,54.23999999999955
35,WEAgent4,MALE_YOUNG_HIGH_INCOME,10,11.277571591794176,14,10.89010803876584
35,WEAgent7,OLD_HIGH_INCOME,23,16.73517534740472,54,14.883779513976178
36,WEAgent1,OLD_LOW_INCOME,79,78.29742309469266,343,54.879999999999534
36,WEAgent2,MALE_HIGH_INCOME,25,20.316392800009194,25,20.31639280000919
36,WEAgent0,FEMALE_OLD_HIGH_INCOME,8,7.06156574553408,7,6.17887002734232
36,WEAgent5,FEMALE_OLD_HIGH_INCOME,8,8.595006125815857,9,7.944261463725841
36,WEAgent6,MALE_HIGH_INCOME,25,26.480387109150634,32,26.004982784011762
36,WEAgent3,OLD_HIGH_INCOME,23,21.830007951741987,70,16.25887002734233
36,WEAgent4,MALE_YOUNG,45,44.518615406521945,33,26.81763849601213
36,WEAgent7,MALE_YOUNG_HIGH_INCOME,10,10.288586437112299,0,0.0
37,WEAgent1,FEMALE_YOUNG_LOW_INCOME,38,39.399373280325044,48,38.95404600907636
37,WEAgent2,YOUNG_HIGH_INCOME,15,14.667127503431967,91,14.56000000000001
37,WEAgent0,MALE_OLD,49,44.16921866973985,151,24.160000000000018
37,WEAgent5,FEMALE_YOUNG,42,39.34955112398498,40,11.61234100151273
37,WEAgent6,FEMALE_LOW_INCOME,83,67.35803789069452,164,67.28718538691238
37,WEAgent3,FEMALE_OLD_LOW_INCOME,46,44.7676174053409,279,44.63999999999975
37,WEAgent4,FEMALE_YOUNG,42,35.40421935428614,43,34.8963328831309
37,WEAgent7,OLD_HIGH_INCOME,23,21.606567159695203,98,15.68000000000001
38,WEAgent1,FEMALE_OLD,53,57.547129333085934,75,56.7945988914519
38,WEAgent2,OLD_HIGH_INCOME,23,20.97096427596541,131,20.960000000000015
38,WEAgent0,MALE_LOW_INCOME,69,71.24871404517282,72,70.60361365684344
38,WEAgent5,FEMALE_OLD_LOW_INCOME,46,46.98599132705363,45,45.96455673298728
38,WEAgent6,FEMALE_OLD,53,64.33778985530397,67,17.611476752531072
38,WEAgent3,YOUNG_LOW_INCOME,72,74.22351683080605,140,74.09816194973779
38,WEAgent4,MALE_YOUNG_LOW_INCOME,35,34.32120108318779,34,33.340595337953864
38,WEAgent7,FEMALE_OLD_HIGH_INCOME,8,8.718434995459566,0,0.0
39,WEAgent1,FEMALE_OLD_HIGH_INCOME,8,7.8208431911044665,8,7.8208431911044665
39,WEAgent2,FEMALE_OLD_HIGH_INCOME,8,8.899036477116386,35,8.870421595552237
39,WEAgent0,MALE_LOW_INCOME,69,70.04189322241137,106,69.89716966101044
39,WEAgent5,YOUNG_HIGH_INCOME,15,15.35852592723393,51,8.160000000000004
39,WEAgent6,FEMALE_OLD_LOW_INCOME,46,48.2058530441446,301,48.15999999999968
39,WEAgent3,MALE_OLD,49,52.60727150343451,150,24.000000000000018
39,WEAgent4,MALE_HIGH_INCOME,25,23.824615813503673,111,17.760000000000012
39,WEAgent7,OLD_LOW_INCOME,79,62.42614765737889,78,61.63594325665263
40,WEAgent1,FEMALE_YOUNG,42,38.15805327238647,46,37.57441072297764
40,WEAgent2,FEMALE_YOUNG,42,40.35374747712356,49,40.02491577012835
40,WEAgent0,FEMALE_OLD_HIGH_INCOME,8,6.5500326460368345,40,6.400000000000003
40,WEAgent5,FEMALE_OLD_LOW_INCOME,46,37.57441072297769,234,37.439999999999905
40,WEAgent6,MALE_LOW_INCOME,69,72.6811729037222,365,58.39999999999946
40,WEAgent3,FEMALE_LOW_INCOME,83,80.71518822002388,315,70.76188548722325
40,WEAgent4,MALE_YOUNG,45,37.25466553637253,103,16.48000000000001
40,WEAgent7,FEMALE_YOUNG,42,45.4711585597742,41,10.501010094301442
41,WEAgent1,YOUNG_HIGH_INCOME,15,15.298849569568613,39,14.839233046379082
41,WEAgent2,MALE_YOUNG_LOW_INCOME,35,34.049115852308084,41,33.98948218031772
41,WEAgent0,YOUNG_LOW_INCOME,72,67.61990745543042,300,65.39430577288371
41,WEAgent5,MALE_YOUNG_LOW_INCOME,35,29.0154116173444,35,29.015411617344395
41,WEAgent6,MALE_LOW_INCOME,69,81.90792732224993,338,54.07999999999955
41,WEAgent3,OLD_HIGH_INCOME,23,24.340623967234635,79,12.640000000000008
41,WEAgent4,MALE_OLD,49,51.30746304402778,164,26.24000000000002
41,WEAgent7,FEMALE_YOUNG,42,44.24314767684447,44,16.499156351016993
42,WEAgent1,MALE_YOUNG_HIGH_INCOME,10,8.88057490968146,11,8.417576418065705
42,WEAgent2,OLD_HIGH_INCOME,23,27.56093491124428,30,27.36651679801706
42,WEAgent0,YOUNG_HIGH_INCOME,15,16.085622490156464,23,13.968981737010635
42,WEAgent5,FEMALE_YOUNG_HIGH_INCOME,5,4.6756216063545,6,4.59140531894493
42,WEAgent6,FEMALE_YOUNG_HIGH_INCOME,5,4.870934075320921,6,4.59140531894493
42,WEAgent3,YOUNG_HIGH_INCOME,15,16.90875754924091,22,16.83515283613141
42,WEAgent4,MALE_YOUNG,45,34.43553989208697,98,24.15327907753818
42,WEAgent7,FEMALE_OLD,53,48.34751300983018,58,35.60760293101982
43,WEAgent1,FEMALE_YOUNG,42,40.20494884719241,40,9.15868884419994
43,WEAgent2,MALE_YOUNG_LOW_INCOME,35,29.738527386749432,185,29.600000000000023
43,WEAgent0,FEMALE_LOW_INCOME,83,88.07385243909795,217,87.98960217410404
43,WEAgent5,FEMALE_YOUNG_LOW_INCOME,38,38.202800722222754,39,38.201761304462686
43,WEAgent6,FEMALE_LOW_INCOME,83,83.06058339996532,84,82.2807166557659
43,WEAgent3,YOUNG_HIGH_INCOME,15,14.48890726872518,17,14.444427587849727
43,WEAgent4,MALE_YOUNG,45,38.584441186880056,104,24.916066532599817
43,WEAgent7,FEMALE_YOUNG_LOW_INCOME,38,37.22222896332261,37,36.24269662218254
44,WEAgent1,MALE_HIGH_INCOME,25,29.50682492595085,32,29.109258037402558
44,WEAgent2,MALE_OLD,49,53.34628521541583,58,52.760530192792075
44,WEAgent0,FEMALE_YOUNG_LOW_INCOME,38,40.724354675551766,40,40.52148980195113
44,WEAgent5,MALE_OLD,49,47.087724982171835,55,47.03287999711027
44,WEAgent6,FEMALE_YOUNG_LOW_INCOME,38,38.49541531185356,53,38.336303576707174
44,WEAgent3,OLD_HIGH_INCOME,23,20.92227921438308,23,20.92227921438308
44,WEAgent4,FEMALE_YOUNG,42,39.26857458365402,40,6.400000000000003
44,WEAgent7,MALE_YOUNG,45,48.89583514941931,69,32.03060078272724
45,WEAgent1,MALE_OLD_HIGH_INCOME,16,15.176071965357803,94,15.04000000000001
45,WEAgent2,MALE_YOUNG_LOW_INCOME,35,39.0578751942157,244,39.03999999999987
45,WEAgent0,FEMALE_YOUNG_LOW_INCOME,38,38.523466552985376,43,37.78875216726572
45,WEAgent5,FEMALE_OLD_LOW_INCOME,46,41.85514853041118,261,41.75999999999981
45,WEAgent6,FEMALE_LOW_INCOME,83,72.94107976472222,271,72.83113578739211
45,WEAgent3,FEMALE_YOUNG_LOW_INCOME,38,37.206046858648186,42,36.909943977329306
45,WEAgent4,MALE_YOUNG,45,47.48162131787168,99,15.84000000000001
45,WEAgent7,YOUNG_HIGH_INCOME,15,13.593203245066421,39,6.240000000000003
46,WEAgent1,OLD_LOW_INCOME,79,81.56025192674036,84,81.29062180160044
46,WEAgent2,FEMALE_LOW_INCOME,83,107.2769235729508,378,98.339916783282
46,WEAgent0,MALE_LOW_INCOME,69,66.77443933702891,69,66.77443933702885
46,WEAgent5,MALE_OLD_LOW_INCOME,34,36.599884637274116,37,35.806583412609676
46,WEAgent6,MALE_LOW_INCOME,69,78.49140048123276,111,78.34091232285736
46,WEAgent3,FEMALE_OLD,53,52.8266421788479,70,23.513272277889932
46,WEAgent4,FEMALE_HIGH_INCOME,13,12.751502640837932,12,11.770617822311939
46,WEAgent7,FEMALE_YOUNG_LOW_INCOME,38,32.72216366231038,38,32.722163662310344
47,WEAgent1,FEMALE_OLD,53,47.941395074785554,72,29.742298516767292
47,WEAgent2,FEMALE_OLD,53,47.11127285554662,203,47.05783881341359
47,WEAgent0,FEMALE_YOUNG_HIGH_INCOME,5,4.909266712315926,5,4.161346265726503
47,WEAgent5,MALE_OLD,49,42.56282659788599,49,42.56282659788598
47,WEAgent6,YOUNG_HIGH_INCOME,15,16.117562693575454,44,15.107231037743611
47,WEAgent3,MALE_OLD_HIGH_INCOME,16,17.98989000378258,20,17.372582284851422
47,WEAgent4,MALE_OLD,49,49.20416708900851,98,48.276939255158084
47,WEAgent7,MALE_YOUNG_HIGH_INCOME,10,8.322692531453006,52,8.320000000000004
48,WEAgent1,MALE_OLD,49,48.364904942960656,54,48.337866066573696
48,WEAgent2,FEMALE_YOUNG_LOW_INCOME,38,36.97853835733509,45,36.32837238011504
48,WEAgent0,MALE_HIGH_INCOME,25,26.31124645330622,26,25.663010786060745
48,WEAgent5,MALE_OLD,49,49.60066970636841,50,49.351943819347625
48,WEAgent6,FEMALE_LOW_INCOME,83,87.63792038119766,355,82.04458939609864
48,WEAgent3,FEMALE_OLD_LOW_INCOME,46,47.21335188341018,64,47.135938348145686
48,WEAgent4,FEMALE_YOUNG,42,36.13179563791549,50,8.000000000000004
48,WEAgent7,FEMALE_OLD_LOW_INCOME,46,37.13566954411764,46,37.1356695441176
49,WEAgent1,MALE_OLD_LOW_INCOME,34,38.28621009456886,239,38.23999999999989
49,WEAgent2,MALE_OLD,49,45.84598156185185,155,41.8639100889945
49,WEAgent0,MALE_YOUNG,45,48.23322598323906,114,18.240000000000013
49,WEAgent5,FEMALE_YOUNG,42,44.320805675697734,50,21.55387128297849
49,WEAgent6,MALE_OLD_HIGH_INCOME,16,15.241554196682063,16,14.97011642835978
49,WEAgent3,FEMALE_YOUNG,42,38.345699660283145,192,38.24992849054352
49,WEAgent4,FEMALE_OLD_HIGH_INCOME,8,7.750027712174486,48,7.680000000000004
49,WEAgent7,FEMALE_YOUNG_HIGH_INCOME,5,4.85134142858184,0,0.0
50,WEAgent1,FEMALE_OLD_HIGH_INCOME,8,8.11470261459037,0,0.0
50,WEAgent2,OLD_HIGH_INCOME,23,24.48779170071732,13,11.075506754568485
50,WEAgent0,FEMALE_OLD_HIGH_INCOME,8,7.10234347592421,0,0.0
50,WEAgent5,MALE_OLD,49,44.04950442272711,168,26.88000000000002
50,WEAgent6,OLD_HIGH_INCOME,23,20.781395850756653,19,16.187279102830864
50,WEAgent3,OLD_HIGH_INCOME,23,23.157745837918682,19,16.187279102830864
50,WEAgent4,FEMALE_OLD_HIGH_INCOME,8,8.18413015135806,0,0.0
50,WEAgent7,FEMALE_HIGH_INCOME,13,11.075506754568481,12,10.223544696524755
51,WEAgent1,MALE_OLD,49,52.75853654918924,183,29.280000000000022
51,WEAgent2,MALE_YOUNG,45,53.52861913190619,91,14.56000000000001
51,WEAgent0,FEMALE_OLD_LOW_INCOME,46,51.375753672731264,321,51.35999999999961
51,WEAgent5,YOUNG_LOW_INCOME,72,77.63145638452526,373,59.67999999999943
51,WEAgent6,FEMALE_YOUNG,42,44.83635523809006,48,7.680000000000004
51,WEAgent3,OLD_HIGH_INCOME,23,20.6633942555373,23,20.6633942555373
51,WEAgent4,FEMALE_YOUNG_LOW_INCOME,38,39.7493098514819,248,39.67999999999986
51,WEAgent7,OLD_HIGH_INCOME,23,21.324076978770854,50,20.552943580179747
52,WEAgent1,FEMALE_OLD_LOW_INCOME,46,55.550389875480086,95,55.44608683000549
52,WEAgent2,MALE_YOUNG_LOW_INCOME,35,33.46566045154608,35,33.46566045154607
52,WEAgent0,MALE_YOUNG_LOW_INCOME,35,34.18966977423291,49,34.11333699717196
52,WEAgent5,FEMALE_OLD_LOW_INCOME,46,43.66039204275022,46,43.66039204275019
52,WEAgent6,FEMALE_LOW_INCOME,83,84.61108744051339,390,62.39999999999937
52,WEAgent3,FEMALE_HIGH_INCOME,13,11.60819928562045,45,7.200000000000004
52,WEAgent4,MALE_OLD_HIGH_INCOME,16,15.061483219938248,94,15.04000000000001
52,WEAgent7,MALE_HIGH_INCOME,25,28.114438724589,90,14.40000000000001
53,WEAgent1,YOUNG_LOW_INCOME,72,62.242814246736714,72,62.242814246736714
53,WEAgent2,YOUNG_LOW_INCOME,72,78.12306783871588,118,78.05661662119277
53,WEAgent0,YOUNG_HIGH_INCOME,15,16.248704534972806,53,16.12804890238618
53,WEAgent5,FEMALE_YOUNG,42,42.41089487780215,37,10.168916056881212
53,WEAgent6,FEMALE_OLD_LOW_INCOME,46,51.21507066705057,320,51.19999999999961
53,WEAgent3,OLD_LOW_INCOME,79,100.34793364031182,360,57.599999999999476
53,WEAgent4,MALE_YOUNG_LOW_INCOME,35,35.22508887928009,40,34.57934124818706
53,WEAgent7,FEMALE_YOUNG_HIGH_INCOME,5,5.090825491347293,0,0.0
54,WEAgent1,MALE_OLD_HIGH_INCOME,16,13.591754414239507,15,12.74226976334954
54,WEAgent2,YOUNG_HIGH_INCOME,15,15.30760804891731,17,14.988005775631889
54,WEAgent0,FEMALE_YOUNG,42,37.02919073979645,181,36.89812138423231
54,WEAgent5,YOUNG_HIGH_INCOME,15,16.43511342652568,53,16.418121384232403
54,WEAgent6,MALE_OLD,49,42.16459819632405,156,37.37072371601935
54,WEAgent3,MALE_YOUNG_LOW_INCOME,35,34.739483000209894,217,34.71999999999996
54,WEAgent4,FEMALE_YOUNG,42,45.95444000015703,31,13.619768782798984
54,WEAgent7,MALE_YOUNG_HIGH_INCOME,10,11.428898633274823,12,10.57976878279898
55,WEAgent1,MALE_YOUNG_HIGH_INCOME,10,8.691333617567532,54,8.640000000000004
55,WEAgent2,YOUNG_HIGH_INCOME,15,16.96658332751066,58,9.280000000000005
55,WEAgent0,FEMALE_HIGH_INCOME,13,12.80788184498333,16,12.329829287580992
55,WEAgent5,MALE_OLD_LOW_INCOME,34,26.17491208360452,163,26.08000000000002
55,WEAgent6,OLD_HIGH_INCOME,23,23.656522684311586,43,20.92412960089768
55,WEAgent3,OLD_HIGH_INCOME,23,17.724129600897676,23,17.724129600897676
55,WEAgent4,FEMALE_OLD_LOW_INCOME,46,52.58283428802054,328,52.479999999999585
55,WEAgent7,FEMALE_YOUNG_LOW_INCOME,38,32.7741647878513,204,32.64000000000001
56,WEAgent1,MALE_YOUNG,45,45.712136212367746,49,43.49004905823226
56,WEAgent2,OLD_LOW_INCOME,79,76.86064267833937,363,58.079999999999465
56,WEAgent0,FEMALE_YOUNG_HIGH_INCOME,5,5.431382888880383,33,5.280000000000002
56,WEAgent5,FEMALE_YOUNG_LOW_INCOME,38,35.059476706387535,219,35.03999999999996
56,WEAgent6,MALE_YOUNG,45,39.93984097184598,190,39.858176280755416
56,WEAgent3,MALE_YOUNG,45,46.451528627423826,43,38.1647369286528
56,WEAgent4,OLD_HIGH_INCOME,23,19.906394886718115,87,13.920000000000009
56,WEAgent7,MALE_OLD,49,48.725647883270156,156,24.96000000000002
57,WEAgent1,MALE_OLD_HIGH_INCOME,16,16.606725118523524,16,16.60672511852352
57,WEAgent2,OLD_HIGH_INCOME,23,20.526725449623594,69,11.040000000000006
57,WEAgent0,MALE_OLD,49,51.771182135280554,133,30.059203199077217
57,WEAgent5,FEMALE_YOUNG_HIGH_INCOME,5,5.923752258410248,0,0.0
57,WEAgent6,FEMALE_YOUNG,42,42.58049101433294,48,12.769080441270198
57,WEAgent3,MALE_HIGH_INCOME,25,27.998690089316554,102,27.952183865760446
57,WEAgent4,OLD_LOW_INCOME,79,94.04231308425791,365,58.39999999999946
57,WEAgent7,YOUNG_HIGH_INCOME,15,13.305172374150409,15,13.305172374150407
58,WEAgent1,FEMALE_YOUNG,42,37.56528924445701,40,13.009704838097935
58,WEAgent2,FEMALE_LOW_INCOME,83,78.61768174370214,240,78.54725022805732
58,WEAgent0,FEMALE_OLD,53,49.16896475933902,50,28.56352616297133
58,WEAgent5,MALE_YOUNG_HIGH_INCOME,10,9.253786282190964,16,9.12604756377884
58,WEAgent6,OLD_HIGH_INCOME,23,24.756166772336638,27,24.149114514293778
58,WEAgent3,MALE_YOUNG_HIGH_INCOME,10,8.895608404198711,10,8.895608404198711
58,WEAgent4,FEMALE_YOUNG_LOW_INCOME,38,38.67773855348473,40,37.88803939455524
58,WEAgent7,FEMALE_HIGH_INCOME,13,14.921970794133369,16,14.31058637884076
59,WEAgent1,FEMALE_YOUNG_HIGH_INCOME,5,6.128710839572157,38,6.080000000000003
59,WEAgent2,FEMALE_OLD_LOW_INCOME,46,39.86703138995812,249,39.839999999999854
59,WEAgent0,MALE_HIGH_INCOME,25,23.898835350127175,80,20.925119351939117
59,WEAgent5,FEMALE_HIGH_INCOME,13,14.668178467290678,16,13.86679352694196
59,WEAgent6,FEMALE_OLD_HIGH_INCOME,8,10.100138851365788,11,9.533420549772597
59,WEAgent3,MALE_YOUNG_HIGH_INCOME,10,8.370932793282588,10,8.370932793282588
59,WEAgent4,MALE_OLD_HIGH_INCOME,16,15.952493195963415,99,15.84000000000001
59,WEAgent7,FEMALE_OLD,53,47.23384466284436,54,24.893515694979065
60,WEAgent1,FEMALE_YOUNG_HIGH_INCOME,5,4.15527077568804,0,0.0
60,WEAgent2,YOUNG_HIGH_INCOME,15,13.923613076322379,15,13.923613076322379
60,WEAgent0,MALE_YOUNG,45,46.00870949787503,81,26.02009481983204
60,WEAgent5,FEMALE_HIGH_INCOME,13,13.1019756829103,15,12.935182629277556
60,WEAgent6,FEMALE_OLD,53,45.704311956780714,53,18.312837120659058
60,WEAgent3,FEMALE_OLD_LOW_INCOME,46,45.23515861556214,282,45.11999999999974
60,WEAgent4,FEMALE_YOUNG,42,48.52598873418043,47,15.202408717548257
60,WEAgent7,YOUNG_HIGH_INCOME,15,14.07475971380647,15,13.923613076322379
61,WEAgent1,MALE_OLD,49,44.69450383891206,157,25.12000000000002
61,WEAgent2,YOUNG_HIGH_INCOME,15,15.939074390869385,16,15.732418323535398
61,WEAgent0,FEMALE_OLD_HIGH_INCOME,8,7.886687879515552,8,7.297061851250946
61,WEAgent5,OLD_HIGH_INCOME,23,22.668820335541415,81,15.968530925625485
61,WEAgent6,YOUNG_LOW_INCOME,72,73.68043328350501,362,57.91999999999947
61,WEAgent3,FEMALE_OLD_LOW_INCOME,46,45.67948498215935,285,45.59999999999973
61,WEAgent4,OLD_LOW_INCOME,79,89.72603937296114,354,56.639999999999496
61,WEAgent7,YOUNG_HIGH_INCOME,15,14.749142178314436,32,14.17603759743059
62,WEAgent1,FEMALE_OLD_HIGH_INCOME,8,8.378783528072622,52,8.320000000000004
62,WEAgent2,MALE_YOUNG_LOW_INCOME,35,29.34396057474855,183,29.280000000000022
62,WEAgent0,YOUNG_HIGH_INCOME,15,17.36888018514166,20,16.76797747128489
62,WEAgent5,FEMALE_YOUNG,42,46.12598188875767,39,19.29209157002631
62,WEAgent6,FEMALE_YOUNG,42,45.87627471007892,205,45.85209157002614
62,WEAgent3,MALE_YOUNG,45,43.12353701969843,51,19.69278085059216
62,WEAgent4,MALE_OLD_LOW_INCOME,34,36.68206614774575,229,36.63999999999992
62,WEAgent7,MALE_YOUNG_HIGH_INCOME,10,11.927297736960622,14,11.737584229899424
63,WEAgent1,FEMALE_YOUNG,42,40.30873030357235,43,15.503444563920525
63,WEAgent2,YOUNG_HIGH_INCOME,15,13.224182478949071,82,13.120000000000008
63,WEAgent0,FEMALE_OLD,53,55.3395885090635,64,22.740604302813914
63,WEAgent5,FEMALE_YOUNG,42,39.645879244060175,203,39.535545552298494
63,WEAgent6,OLD_LOW_INCOME,79,77.45517187240543,113,77.42494263565636
63,WEAgent3,MALE_LOW_INCOME,69,67.13316495699041,69,67.13316495699037
63,WEAgent4,FEMALE_OLD,53,52.64880186994249,222,52.18747240375173
63,WEAgent7,FEMALE_YOUNG_HIGH_INCOME,5,5.346539072732508,0,0.0
64,WEAgent1,MALE_LOW_INCOME,69,70.15662475776666,350,55.99999999999951
64,WEAgent2,YOUNG_HIGH_INCOME,15,13.604224392062157,34,12.626909571046031
64,WEAgent0,FEMALE_HIGH_INCOME,13,10.573620402145307,13,10.573620402145306
64,WEAgent5,FEMALE_HIGH_INCOME,13,16.18724622409637,19,15.453752895443138
64,WEAgent6,YOUNG_HIGH_INCOME,15,13.490701998927669,16,13.013686648794222
64,WEAgent3,FEMALE_HIGH_INCOME,13,14.160900538712028,17,13.82704206434386
64,WEAgent4,FEMALE_OLD,53,52.02629607980369,44,12.920198739946754
64,WEAgent7,MALE_YOUNG,45,44.442637969876365,91,14.56000000000001
65,WEAgent1,FEMALE_LOW_INCOME,83,79.93961882757792,411,65.75999999999931
65,WEAgent2,MALE_HIGH_INCOME,25,26.73416080809055,58,22.7497032856253
65,WEAgent0,MALE_OLD,49,42.57765584187578,159,25.44000000000002
65,WEAgent5,FEMALE_OLD,53,58.376730243167835,80,16.55891230853651
65,WEAgent6,FEMALE_HIGH_INCOME,13,11.853172002194903,12,10.941389540487604
65,WEAgent3,MALE_HIGH_INCOME,25,24.700831434999387,28,24.33008905250045
65,WEAgent4,MALE_YOUNG_HIGH_INCOME,10,9.96973938207976,11,9.558249270625172
65,WEAgent7,FEMALE_YOUNG,42,46.57832418212958,47,9.775347385121906
66,WEAgent1,FEMALE_LOW_INCOME,83,73.4280205569897,420,67.19999999999928
66,WEAgent2,FEMALE_YOUNG_HIGH_INCOME,5,4.943111981714502,30,4.800000000000002
66,WEAgent0,YOUNG_LOW_INCOME,72,68.64831428107479,402,64.31999999999934
66,WEAgent5,FEMALE_OLD_LOW_INCOME,46,47.24424926754434,295,47.1999999999997
66,WEAgent6,MALE_YOUNG_HIGH_INCOME,10,7.818319240947595,48,7.680000000000004
66,WEAgent3,MALE_OLD_HIGH_INCOME,16,17.660295703671043,110,17.600000000000012
66,WEAgent4,FEMALE_OLD,53,60.84178557411086,71,11.360000000000007
66,WEAgent7,OLD_LOW_INCOME,79,72.40184441980239,352,56.3199999999995
67,WEAgent1,FEMALE_OLD_LOW_INCOME,46,40.1412359177037,45,39.26860035427537
67,WEAgent2,FEMALE_YOUNG_HIGH_INCOME,5,4.6380713604117245,28,4.480000000000001
67,WEAgent0,FEMALE_OLD_HIGH_INCOME,8,8.374491300328692,52,8.320000000000004
67,WEAgent5,FEMALE_OLD_LOW_INCOME,46,50.98969440363337,58,50.61286267884378
67,WEAgent6,FEMALE_OLD_LOW_INCOME,46,50.57435767013832,71,50.55495598855871
67,WEAgent3,MALE_LOW_INCOME,69,64.67588290637681,68,63.73855127005253
67,WEAgent4,FEMALE_YOUNG_LOW_INCOME,38,38.75779976549205,242,38.71999999999988
67,WEAgent7,YOUNG_LOW_INCOME,72,79.19198207316629,116,79.19186763329542
68,WEAgent1,FEMALE_LOW_INCOME,83,91.11993342216029,303,80.9690853241485
68,WEAgent2,FEMALE_YOUNG_HIGH_INCOME,5,4.6707233498489575,5,4.184279721265558
68,WEAgent0,OLD_LOW_INCOME,79,68.13307810985393,367,58.71999999999945
68,WEAgent5,OLD_HIGH_INCOME,23,25.01805845034823,81,12.960000000000008
68,WEAgent6,FEMALE_YOUNG_LOW_INCOME,38,35.631913436930134,42,35.1479496586307
68,WEAgent3,FEMALE_YOUNG_LOW_INCOME,38,31.80052588161824,37,30.963669937365147
68,WEAgent4,MALE_YOUNG_LOW_INCOME,35,32.968678913292585,206,32.96
68,WEAgent7,FEMALE_YOUNG,42,36.30199440997211,42,8.750567832759339
69,WEAgent1,FEMALE_YOUNG_HIGH_INCOME,5,4.812417337282111,4,3.849933869825689
69,WEAgent2,FEMALE_YOUNG_HIGH_INCOME,5,5.672291185407342,15,5.60993386982569
69,WEAgent0,YOUNG_HIGH_INCOME,15,14.220848379075663,18,13.838756993758063
69,WEAgent5,FEMALE_YOUNG_LOW_INCOME,38,33.96420049571693,212,33.91999999999998
69,WEAgent6,MALE_YOUNG,45,34.59689248439517,48,24.726955323623653
69,WEAgent3,FEMALE_OLD_HIGH_INCOME,8,7.8295063066044825,9,7.286084926191546
69,WEAgent4,FEMALE_OLD,53,42.90694456535022,60,12.84782495899531
69,WEAgent7,MALE_HIGH_INCOME,25,25.79157565137088,33,25.371054488556442
70,WEAgent1,MALE_YOUNG_HIGH_INCOME,10,9.881966943921057,10,9.622721648005934
70,WEAgent2,FEMALE_OLD,53,60.3725107996751,66,12.85504095879384
70,WEAgent0,FEMALE_YOUNG_LOW_INCOME,38,39.467064625949924,246,39.359999999999864
70,WEAgent5,MALE_YOUNG_HIGH_INCOME,10,9.622721648005934,45,9.606816494401786
70,WEAgent6,OLD_LOW_INCOME,79,73.40729455648105,369,59.039999999999445
70,WEAgent3,MALE_OLD_HIGH_INCOME,16,16.51259727951633,103,16.48000000000001
70,WEAgent4,FEMALE_OLD_LOW_INCOME,46,42.71753581840006,266,42.559999999999796
70,WEAgent7,FEMALE_OLD_HIGH_INCOME,8,7.400109223450216,8,7.400109223450216
71,WEAgent1,FEMALE_OLD,53,52.83478319273279,70,11.200000000000006
71,WEAgent2,MALE_OLD_LOW_INCOME,34,32.38976083367639,202,32.320000000000014
71,WEAgent0,MALE_YOUNG,45,41.436360123070514,97,15.52000000000001
71,WEAgent5,FEMALE_YOUNG_LOW_INCOME,38,42.315055629379295,110,42.16970353616226
71,WEAgent6,FEMALE_YOUNG_HIGH_INCOME,5,4.342431073588152,27,4.320000000000001
71,WEAgent3,YOUNG_LOW_INCOME,72,70.62393104733346,381,60.959999999999404
71,WEAgent4,FEMALE_YOUNG_LOW_INCOME,38,34.37238589012648,38,34.37238589012647
71,WEAgent7,MALE_OLD,49,48.44166973609533,165,26.40000000000002
72,WEAgent1,FEMALE_YOUNG,42,42.7470517360234,43,10.700088016543553
72,WEAgent2,YOUNG_HIGH_INCOME,15,15.614138974118577,35,15.532228843013225
72,WEAgent0,FEMALE_YOUNG_HIGH_INCOME,5,4.992041731760781,0,0.0
72,WEAgent5,YOUNG_LOW_INCOME,72,69.47240993324799,378,60.479999999999414
72,WEAgent6,FEMALE_OLD_LOW_INCOME,46,44.585232254058845,278,44.479999999999755
72,WEAgent3,FEMALE_YOUNG_LOW_INCOME,38,35.11266892573097,219,35.03999999999996
72,WEAgent4,FEMALE_HIGH_INCOME,13,11.414617307941352,13,11.414617307941352
72,WEAgent7,OLD_HIGH_INCOME,23,22.357812678472538,86,21.658522337488847
73,WEAgent1,MALE_OLD_LOW_INCOME,34,31.26938781690412,34,31.2693878169041
73,WEAgent2,MALE_YOUNG_HIGH_INCOME,10,11.064757490529264,12,10.23278795152564
73,WEAgent0,YOUNG_HIGH_INCOME,15,14.280810636956884,42,6.720000000000003
73,WEAgent5,MALE_OLD,49,49.79569022620061,169,27.04000000000002
73,WEAgent6,MALE_OLD_LOW_INCOME,34,31.509702074121375,40,31.469699939936334
73,WEAgent3,FEMALE_OLD,53,46.35065050794766,212,46.067189785567926
73,WEAgent4,FEMALE_OLD,53,54.12816552706595,70,27.634433239298062
73,WEAgent7,MALE_HIGH_INCOME,25,21.318308232345085,72,21.218252610113257
74,WEAgent1,FEMALE_LOW_INCOME,83,88.9021800178309,393,62.87999999999936
74,WEAgent2,FEMALE_OLD_HIGH_INCOME,8,8.269291147409637,8,7.558601046245557
74,WEAgent0,OLD_LOW_INCOME,79,90.88786314711207,360,57.599999999999476
74,WEAgent5,FEMALE_YOUNG_HIGH_INCOME,5,5.508157792190247,5,4.873952413934659
74,WEAgent6,MALE_YOUNG_HIGH_INCOME,10,8.658925009367234,54,8.640000000000004
74,WEAgent3,MALE_YOUNG_LOW_INCOME,35,34.439743487052084,215,34.39999999999997
74,WEAgent4,FEMALE_OLD,53,50.07573193137682,71,15.284125653903482
74,WEAgent7,FEMALE_YOUNG,42,40.94120027705114,45,11.273952413934664
75,WEAgent1,FEMALE_HIGH_INCOME,13,11.59728297266145,17,11.498873936504014
75,WEAgent2,FEMALE_LOW_INCOME,83,74.00054472748606,261,73.94920443384731
75,WEAgent0,MALE_OLD_LOW_INCOME,34,40.42932375820238,252,40.319999999999844
75,WEAgent5,FEMALE_YOUNG,42,48.67807072956194,53,12.869436968252012
75,WEAgent6,MALE_OLD_HIGH_INCOME,16,15.01676084145822,93,14.88000000000001
75,WEAgent3,FEMALE_YOUNG,42,46.654728462525725,52,46.361787058184056
75,WEAgent4,FEMALE_OLD_HIGH_INCOME,8,7.680276229849831,8,7.132582624336008
75,WEAgent7,MALE_YOUNG_HIGH_INCOME,10,10.066793501564883,62,9.920000000000005
76,WEAgent1,FEMALE_HIGH_INCOME,13,12.76643735606692,15,12.558237641988608
76,WEAgent2,FEMALE_YOUNG_HIGH_INCOME,5,5.364516472096447,25,5.354431685598484
76,WEAgent0,FEMALE_OLD,53,58.2622812128552,52,24.57318022718177
76,WEAgent5,MALE_OLD_LOW_INCOME,34,26.532418055037745,34,26.532418055037745
76,WEAgent6,FEMALE_HIGH_INCOME,13,13.307693755845449,15,12.558237641988608
76,WEAgent3,MALE_LOW_INCOME,69,60.536879676208926,77,60.088123242291246
76,WEAgent4,OLD_LOW_INCOME,79,76.41721149057761,190,76.30702753155224
76,WEAgent7,FEMALE_YOUNG_HIGH_INCOME,5,4.186079213996202,5,4.186079213996202
77,WEAgent1,YOUNG_HIGH_INCOME,15,12.583114717697919,15,12.583114717697919
77,WEAgent2,MALE_YOUNG,45,39.7315738979564,45,26.887355120882646
77,WEAgent0,OLD_HIGH_INCOME,23,21.384833015820615,86,13.760000000000009
77,WEAgent5,MALE_OLD_LOW_INCOME,34,33.022139628957405,34,33.022139628957376
77,WEAgent6,MALE_YOUNG_HIGH_INCOME,10,9.22657023207274,10,8.388743145131945
77,WEAgent3,MALE_OLD_HIGH_INCOME,16,18.275584778706598,114,18.240000000000013
77,WEAgent4,MALE_HIGH_INCOME,25,21.501023190008816,25,20.971857862829864
77,WEAgent7,MALE_LOW_INCOME,69,72.35075986990965,305,72.32594262469809
78,WEAgent1,MALE_OLD_LOW_INCOME,34,36.0831963807793,225,35.999999999999936
78,WEAgent2,YOUNG_LOW_INCOME,72,74.81991531369174,157,74.80589436458344
78,WEAgent0,MALE_YOUNG,45,47.89829290119068,52,44.00986778301087
78,WEAgent5,MALE_YOUNG_LOW_INCOME,35,39.33359903773472,45,38.691059808539016
78,WEAgent6,MALE_YOUNG,45,49.666351297098394,57,49.00867575748273
78,WEAgent3,YOUNG_LOW_INCOME,72,61.90569569366242,72,61.905695693662366
78,WEAgent4,FEMALE_OLD_LOW_INCOME,46,46.46025338908253,290,46.399999999999714
78,WEAgent7,FEMALE_OLD_HIGH_INCOME,8,7.886759649857001,49,7.840000000000004
79,WEAgent1,MALE_OLD,49,60.11736653054947,166,26.56000000000002
79,WEAgent2,FEMALE_OLD,53,48.19353344385994,48,22.666239035418844
79,WEAgent0,OLD_HIGH_INCOME,23,20.92812081224588,23,20.914174890731665
79,WEAgent5,FEMALE_HIGH_INCOME,13,13.309108726642146,14,12.730367324793187
79,WEAgent6,OLD_LOW_INCOME,79,84.65482492796986,360,57.599999999999476
79,WEAgent3,FEMALE_LOW_INCOME,83,93.84644499771811,374,86.17247422539248
79,WEAgent4,FEMALE_YOUNG_LOW_INCOME,38,36.40224304742296,38,36.40224304742296
79,WEAgent7,FEMALE_YOUNG,42,39.161431751594556,45,13.943807565938483
80,WEAgent1,MALE_YOUNG,45,42.81730456444318,94,30.07841748276491
80,WEAgent2,MALE_LOW_INCOME,69,54.49201631382491,194,54.340356574079564
80,WEAgent0,FEMALE_HIGH_INCOME,13,11.554433988958506,13,11.554433988958504
80,WEAgent5,FEMALE_YOUNG_LOW_INCOME,38,39.1512076741779,244,39.03999999999987
80,WEAgent6,MALE_OLD_LOW_INCOME,34,37.19522870726801,47,37.1177502427503
80,WEAgent3,MALE_YOUNG_HIGH_INCOME,10,11.41618240499666,11,10.46645222686389
80,WEAgent4,MALE_OLD_HIGH_INCOME,16,16.250365333748007,101,16.16000000000001
80,WEAgent7,FEMALE_HIGH_INCOME,13,12.231327623292616,30,12.0880261453527
81,WEAgent1,MALE_LOW_INCOME,69,60.73624969855691,68,59.85601419567934
81,WEAgent2,FEMALE_YOUNG,42,41.400397222747024,42,41.40039722274702
81,WEAgent0,FEMALE_YOUNG_HIGH_INCOME,5,5.611213947343001,0,0.0
81,WEAgent5,MALE_OLD_LOW_INCOME,34,39.47170699772177,44,38.73036212661601
81,WEAgent6,FEMALE_LOW_INCOME,83,96.06701596380333,343,82.12888353215733
81,WEAgent3,MALE_LOW_INCOME,69,67.78650089449019,77,67.77813372157809
81,WEAgent4,FEMALE_YOUNG,42,44.820527607794105,48,13.460066203791175
81,WEAgent7,OLD_LOW_INCOME,79,75.05125909544734,113,74.97860472733325
82,WEAgent1,FEMALE_YOUNG_HIGH_INCOME,5,4.421192473869066,5,4.226337884008538
82,WEAgent2,MALE_OLD,49,55.41644188860865,172,27.52000000000002
82,WEAgent0,MALE_HIGH_INCOME,25,22.72993535784558,92,18.831605460810255
82,WEAgent5,FEMALE_HIGH_INCOME,13,11.792719218054833,13,10.988478498422202
82,WEAgent6,MALE_YOUNG_HIGH_INCOME,10,8.452675768017077,10,8.452675768017077
82,WEAgent3,YOUNG_HIGH_INCOME,15,15.365976139222555,31,14.553746075223913
82,WEAgent4,FEMALE_LOW_INCOME,83,72.22611971112806,269,72.1579627488697
82,WEAgent7,FEMALE_YOUNG_LOW_INCOME,38,36.722663401024086,42,36.548156962257565
83,WEAgent1,MALE_YOUNG,45,41.063601190575675,82,25.57548725294908
83,WEAgent2,MALE_YOUNG_HIGH_INCOME,10,9.27038645990926,11,8.971071567496832
83,WEAgent0,FEMALE_OLD_HIGH_INCOME,8,9.217422434398514,11,8.971071567496832
83,WEAgent5,FEMALE_OLD_HIGH_INCOME,8,7.763030954357467,9,7.339967646133771
83,WEAgent6,FEMALE_YOUNG,42,39.54881351372951,47,7.520000000000004
83,WEAgent3,MALE_OLD,49,39.96204607339499,154,24.64000000000002
83,WEAgent4,OLD_HIGH_INCOME,23,25.189745885630646,72,24.63103921363061
83,WEAgent7,MALE_HIGH_INCOME,25,24.283699449799382,29,23.65100685976439
84,WEAgent1,MALE_LOW_INCOME,69,67.6210600732147,256,67.56179067512049
84,WEAgent2,MALE_YOUNG_LOW_INCOME,35,30.763856044033584,192,30.720000000000024
84,WEAgent0,MALE_OLD_LOW_INCOME,34,35.476639030671656,40,35.158692621752685
84,WEAgent5,MALE_YOUNG_HIGH_INCOME,10,8.304827395604926,10,8.304827395604926
84,WEAgent6,FEMALE_OLD_LOW_INCOME,46,55.17916918724733,344,55.03999999999953
84,WEAgent3,FEMALE_HIGH_INCOME,13,13.711364356144438,14,13.398330714044484
84,WEAgent4,FEMALE_OLD,53,50.7222519888827,66,21.71833071404449
84,WEAgent7,MALE_YOUNG_HIGH_INCOME,10,9.274504309158766,11,9.135310135165419
85,WEAgent1,FEMALE_OLD,53,59.73933017992573,36,27.157057139287573
85,WEAgent2,OLD_HIGH_INCOME,23,24.185513091817256,23,24.185513091817256
85,WEAgent0,YOUNG_LOW_INCOME,72,69.28734655360145,73,69.20277654527393
85,WEAgent5,OLD_LOW_INCOME,79,71.94324972459818,78,71.03257567745139
85,WEAgent6,MALE_LOW_INCOME,69,72.41234685270096,138,72.37516115883622
85,WEAgent3,FEMALE_LOW_INCOME,83,101.7623353458162,233,97.16672626631205
85,WEAgent4,MALE_OLD_LOW_INCOME,34,36.33208530194722,39,35.516287838725695
85,WEAgent7,YOUNG_LOW_INCOME,72,68.25479330492772,72,68.25479330492772
86,WEAgent1,MALE_OLD_HIGH_INCOME,16,15.443231023857567,15,14.478029084866472
86,WEAgent2,FEMALE_HIGH_INCOME,13,13.391560500292501,13,12.438242949592833
86,WEAgent0,MALE_OLD_HIGH_INCOME,16,18.626291179853776,19,18.33883684083086
86,WEAgent5,MALE_OLD,49,50.83279257578201,124,39.164846535786204
86,WEAgent6,MALE_YOUNG_HIGH_INCOME,10,9.971592410465325,17,9.891091272795038
86,WEAgent3,OLD_LOW_INCOME,79,79.63061202452649,367,58.71999999999945
86,WEAgent4,YOUNG_HIGH_INCOME,15,18.267559476708325,44,14.211091272795041
86,WEAgent7,MALE_YOUNG_HIGH_INCOME,10,9.567879191994484,9,8.611091272795036
87,WEAgent1,OLD_LOW_INCOME,79,92.15833816265892,346,55.35999999999952
87,WEAgent2,MALE_OLD,49,43.372021644606455,44,37.72845286142023
87,WEAgent0,YOUNG_LOW_INCOME,72,61.99924970036999,355,56.79999999999949
87,WEAgent5,MALE_HIGH_INCOME,25,21.43662094398876,68,21.341972566393263
87,WEAgent6,MALE_HIGH_INCOME,25,28.862437915044357,33,28.29633964606517
87,WEAgent3,MALE_HIGH_INCOME,25,24.86866963767781,29,24.866480295026967
87,WEAgent4,MALE_OLD,49,48.512478407941515,37,31.726198997103374
87,WEAgent7,FEMALE_OLD_HIGH_INCOME,8,8.290383630676333,51,8.160000000000004
88,WEAgent1,MALE_LOW_INCOME,69,52.88023531910085,69,52.88023531910083
88,WEAgent2,FEMALE_YOUNG_HIGH_INCOME,5,5.467958363143259,0,0.0
88,WEAgent0,FEMALE_YOUNG,42,39.24435876810916,46,11.204148352037691
88,WEAgent5,OLD_LOW_INCOME,79,69.9825750290143,122,69.84955842732406
88,WEAgent6,YOUNG_HIGH_INCOME,15,15.785544368767523,46,15.688988096081653
88,WEAgent3,FEMALE_YOUNG_HIGH_INCOME,5,4.457079745943711,0,0.0
88,WEAgent4,FEMALE_YOUNG_LOW_INCOME,38,30.426272896238686,190,30.400000000000023
88,WEAgent7,FEMALE_OLD_LOW_INCOME,46,48.13723386648993,300,47.99999999999968
89,WEAgent1,FEMALE_LOW_INCOME,83,92.63410428943877,305,91.63234753457795
89,WEAgent2,MALE_HIGH_INCOME,25,27.730951750332505,26,27.568130555772232
89,WEAgent0,FEMALE_YOUNG_LOW_INCOME,38,42.591817533002235,46,42.54371404626116
89,WEAgent5,MALE_HIGH_INCOME,25,27.608567836010472,54,27.5465669873545
89,WEAgent6,MALE_HIGH_INCOME,25,26.507817842088677,24,25.447505128405137
89,WEAgent3,YOUNG_LOW_INCOME,72,66.5901611158871,72,66.59016111588701
89,WEAgent4,FEMALE_YOUNG_HIGH_INCOME,5,5.47101837044948,17,5.34234896970051
89,WEAgent7,FEMALE_YOUNG_HIGH_INCOME,5,5.170581616167515,5,5.170581616167515
90,WEAgent1,MALE_YOUNG,45,46.84388428209531,62,17.90786724706664
90,WEAgent2,MALE_YOUNG_LOW_INCOME,35,33.29862017612354,89,33.21846464294124
90,WEAgent0,FEMALE_OLD_LOW_INCOME,46,45.511850867499135,284,45.439999999999735
90,WEAgent5,MALE_OLD,49,55.42611385377169,177,28.32000000000002
90,WEAgent6,MALE_YOUNG_HIGH_INCOME,10,7.305619462190453,10,7.305619462190452
90,WEAgent3,FEMALE_OLD_HIGH_INCOME,8,10.094806559652936,63,10.080000000000005
90,WEAgent4,MALE_YOUNG_LOW_INCOME,35,32.16985050011777,35,32.16985050011777
90,WEAgent7,MALE_YOUNG_HIGH_INCOME,10,10.714284195162946,14,10.227867247066635
91,WEAgent1,OLD_LOW_INCOME,79,81.76593932750309,141,81.71678477896177
91,WEAgent2,OLD_LOW_INCOME,79,79.76391095516425,82,79.5700870119847
91,WEAgent0,MALE_YOUNG_HIGH_INCOME,10,10.356116033670359,11,9.916213003689679
91,WEAgent5,MALE_YOUNG_LOW_INCOME,35,32.31647817370089,35,32.316478173700865
91,WEAgent6,YOUNG_LOW_INCOME,72,73.55263673128559,297,73.47315022587996
91,WEAgent3,MALE_OLD_LOW_INCOME,34,32.99247510253029,33,32.02210818775
91,WEAgent4,OLD_HIGH_INCOME,23,24.742597578975996,84,13.440000000000008
91,WEAgent7,MALE_YOUNG_HIGH_INCOME,10,9.014739094263344,37,8.885895637705342
92,WEAgent1,FEMALE_LOW_INCOME,83,85.64237491973431,390,62.39999999999937
92,WEAgent2,OLD_HIGH_INCOME,23,19.497768095727935,93,14.88000000000001
92,WEAgent0,MALE_OLD_LOW_INCOME,34,38.11157541548115,41,37.92623045109036
92,WEAgent5,MALE_LOW_INCOME,69,67.29025033498874,152,67.16168061612314
92,WEAgent6,MALE_YOUNG_HIGH_INCOME,10,11.21969022618276,70,11.200000000000006
92,WEAgent3,FEMALE_YOUNG,42,39.34107177153001,43,6.8800000000000034
92,WEAgent4,MALE_OLD_HIGH_INCOME,16,16.644117567535414,104,16.64000000000001
92,WEAgent7,MALE_LOW_INCOME,69,63.82707075915206,68,62.90204074814994
93,WEAgent1,FEMALE_OLD,53,55.60033677703442,71,24.770139358622107
93,WEAgent2,YOUNG_HIGH_INCOME,15,13.836205229619363,15,13.796157280312691
93,WEAgent0,MALE_YOUNG_LOW_INCOME,35,33.886474542099016,211,33.759999999999984
93,WEAgent5,YOUNG_HIGH_INCOME,15,13.796157280312691,15,13.796157280312691
93,WEAgent6,FEMALE_YOUNG,42,42.5609210179312,37,11.997950549500105
93,WEAgent3,FEMALE_YOUNG_HIGH_INCOME,5,5.469176961896798,0,0.0
93,WEAgent4,MALE_OLD_HIGH_INCOME,16,15.97922993538935,99,15.84000000000001
93,WEAgent7,FEMALE_OLD_HIGH_INCOME,8,7.985069679311048,8,7.985069679311047
94,WEAgent1,OLD_HIGH_INCOME,23,23.023666274805546,31,22.83854857230724
94,WEAgent2,MALE_LOW_INCOME,69,68.06377430077728,79,67.25473583167926
94,WEAgent0,FEMALE_OLD,53,47.772375088500425,74,30.29527594560748
94,WEAgent5,MALE_OLD_HIGH_INCOME,16,11.787637972803736,16,11.787637972803736
94,WEAgent6,MALE_LOW_INCOME,69,58.74147813146673,120,58.60556889121141
94,WEAgent3,MALE_YOUNG_LOW_INCOME,35,40.29121165949164,251,40.15999999999985
94,WEAgent4,MALE_OLD_HIGH_INCOME,16,17.272640692948915,79,17.25381898640188
94,WEAgent7,YOUNG_HIGH_INCOME,15,14.416969979903564,53,8.480000000000004
95,WEAgent1,OLD_LOW_INCOME,79,71.13169418400808,180,71.09402580300511
95,WEAgent2,MALE_OLD_LOW_INCOME,34,32.763019242351945,40,32.42709280184953
95,WEAgent0,MALE_YOUNG,45,39.52043988991379,106,16.96000000000001
95,WEAgent5,FEMALE_YOUNG_LOW_INCOME,38,40.95587586537084,255,40.799999999999834
95,WEAgent6,FEMALE_OLD_HIGH_INCOME,8,7.957216213446821,49,7.840000000000004
95,WEAgent3,OLD_LOW_INCOME,79,64.04350828365278,78,63.232830963606595
95,WEAgent4,MALE_OLD,49,41.81722056934671,168,26.88000000000002
95,WEAgent7,MALE_OLD_LOW_INCOME,34,37.11610870683828,45,36.480479402080725
96,WEAgent1,MALE_OLD,49,42.333366523070865,147,32.5208618138519
96,WEAgent2,FEMALE_OLD_LOW_INCOME,46,40.83763042608504,255,40.799999999999834
96,WEAgent0,MALE_YOUNG,45,40.9593529387251,115,18.400000000000013
96,WEAgent5,OLD_LOW_INCOME,79,79.05426177630314,334,53.439999999999564
96,WEAgent6,OLD_HIGH_INCOME,23,24.179613624948345,28,23.866471599065637
96,WEAgent3,FEMALE_OLD,53,48.49293359880546,52,27.70647159906564
96,WEAgent4,OLD_HIGH_INCOME,23,19.60460167066105,22,18.752227684980138
96,WEAgent7,FEMALE_YOUNG,42,38.7207225013915,50,8.000000000000004
97,WEAgent1,FEMALE_OLD_LOW_INCOME,46,47.854941440668725,299,47.839999999999684
97,WEAgent2,MALE_OLD_HIGH_INCOME,16,17.547574337805273,109,17.440000000000012
97,WEAgent0,FEMALE_YOUNG,42,44.376295739671036,46,8.902502438633602
97,WEAgent5,YOUNG_LOW_INCOME,72,64.23020864623886,370,59.19999999999944
97,WEAgent6,MALE_HIGH_INCOME,25,24.218112657239274,100,16.00000000000001
97,WEAgent3,FEMALE_OLD,53,55.07838919689723,76,12.160000000000007
97,WEAgent4,FEMALE_YOUNG_HIGH_INCOME,5,4.656256096583994,5,4.656256096583994
97,WEAgent7,MALE_OLD_LOW_INCOME,34,31.460149069706123,196,31.360000000000024
98,WEAgent1,MALE_YOUNG,45,43.33252015841806,47,36.239065280387656
98,WEAgent2,FEMALE_YOUNG_LOW_INCOME,38,32.60128350260557,38,32.60128350260555
98,WEAgent0,MALE_HIGH_INCOME,25,20.986180878559637,25,20.317650727492996
98,WEAgent5,FEMALE_YOUNG_LOW_INCOME,38,34.94797466733764,122,34.87442729098211
98,WEAgent6,YOUNG_HIGH_INCOME,15,15.620910277853561,19,15.441414552894685
98,WEAgent3,FEMALE_YOUNG_HIGH_INCOME,5,4.554117397490788,5,4.554117397490788
98,WEAgent4,FEMALE_HIGH_INCOME,13,13.561907198866338,61,12.763293917992637
98,WEAgent7,MALE_OLD_HIGH_INCOME,16,13.003296465595518,81,12.960000000000008
99,WEAgent1,FEMALE_YOUNG_HIGH_INCOME,5,5.581098170067588,34,5.440000000000002
99,WEAgent2,MALE_LOW_INCOME,69,75.50922001042491,348,55.67999999999952
99,WEAgent0,YOUNG_LOW_INCOME,72,71.61661872375646,71,70.6219434637044
99,WEAgent5,YOUNG_LOW_INCOME,72,73.92772343824514,96,73.78726820365213
99,WEAgent6,OLD_HIGH_INCOME,23,21.298698291007256,22,20.37266793052868
99,WEAgent3,OLD_HIGH_INCOME,23,24.234815041920378,49,20.8625161281358
99,WEAgent4,MALE_HIGH_INCOME,25,23.487865266520853,112,17.920000000000012
99,WEAgent7,FEMALE_HIGH_INCOME,13,12.096280411047701,13,12.03839468622149

