0,WEAgent1,MALE_YOUNG_HIGH_INCOME,39,48.290423769907164,0,0.0
0,WEAgent2,MALE_YOUNG,177,190.6637240573306,334,190.37999999999852
0,WEAgent0,MALE_OLD,196,183.52187212515312,0,0.0
0,WEAgent3,OLD_LOW_INCOME,315,301.0042332331615,76,72.6232435737151
0,WEAgent4,MALE_OLD,196,189.4882394467052,178,143.87258938300863
0,WFAgent0,MALE_OLD_LOW_INCOME,135,148.21172057524132,155,148.11319413060338
0,WFAgent1,FEMALE_OLD_HIGH_INCOME,31,30.308501218756035,53,30.210000000000015
0,WFAgent2,MALE_HIGH_INCOME,100,98.01503358893422,102,97.46803742788076
1,WEAgent1,OLD_HIGH_INCOME,92,96.43010506710095,130,90.84496585522231
1,WEAgent2,OLD_LOW_INCOME,315,313.7854947002526,178,172.20748073831382
1,WEAgent0,MALE_OLD,196,193.77033269058924,196,193.7703326905886
1,WEAgent3,MALE_YOUNG,177,220.2079477953564,386,220.01999999999816
1,WEAgent4,FEMALE_YOUNG_LOW_INCOME,149,147.62866702828555,151,147.50627775925966
1,WFAgent0,FEMALE_YOUNG,168,183.87574664777605,203,183.03742768138008
1,WFAgent1,MALE_YOUNG,177,204.18037945842687,77,43.89000000000002
1,WFAgent2,MALE_OLD_HIGH_INCOME,61,65.9351776570706,66,65.24919366111686
2,WEAgent1,MALE_YOUNG_HIGH_INCOME,39,38.12409745025691,49,37.71098304631196
2,WEAgent2,MALE_YOUNG_HIGH_INCOME,39,39.46842366227661,40,39.10163841051994
2,WEAgent0,FEMALE_OLD_HIGH_INCOME,31,31.477283346899455,0,0.0
2,WEAgent3,FEMALE_HIGH_INCOME,50,52.22930889253054,50,28.500000000000014
2,WEAgent4,OLD_HIGH_INCOME,92,103.40877424321393,181,103.16999999999956
2,WFAgent0,OLD_LOW_INCOME,315,258.9364394069775,454,258.7799999999977
2,WFAgent1,MALE_YOUNG_LOW_INCOME,138,135.4347909241078,237,135.08999999999918
2,WFAgent2,FEMALE_OLD_HIGH_INCOME,31,26.247254081854116,31,17.67000000000001
3,WEAgent1,MALE_YOUNG_LOW_INCOME,138,132.03047158816815,146,131.6393119522897
3,WEAgent2,MALE_YOUNG_HIGH_INCOME,39,34.28868312809287,39,34.28868312809285
3,WEAgent0,YOUNG_LOW_INCOME,287,273.8784327802162,398,273.3579106843415
3,WEAgent3,OLD_LOW_INCOME,315,299.4141660904699,366,208.6199999999983
3,WEAgent4,YOUNG_HIGH_INCOME,59,65.2138847595864,94,64.71109211823958
3,WFAgent0,FEMALE_HIGH_INCOME,50,46.65775934595088,9,5.130000000000003
3,WFAgent1,FEMALE_LOW_INCOME,329,319.4278570801163,509,290.1299999999973
3,WFAgent2,OLD_HIGH_INCOME,92,84.27853157641069,147,83.7899999999998
4,WEAgent1,MALE_YOUNG_LOW_INCOME,138,168.76044017157022,296,168.71999999999878
4,WEAgent2,MALE_YOUNG_HIGH_INCOME,39,46.68900487378206,81,46.17000000000002
4,WEAgent0,OLD_LOW_INCOME,315,305.2240763697324,445,305.1165265133173
4,WEAgent3,OLD_LOW_INCOME,315,306.46269728698866,219,174.3016999042746
4,WEAgent4,FEMALE_OLD_HIGH_INCOME,31,33.107552486215106,58,33.06000000000002
4,WFAgent0,MALE_OLD_HIGH_INCOME,61,62.00213096577635,108,61.56000000000003
4,WFAgent1,MALE_YOUNG_HIGH_INCOME,39,39.98532580823334,14,7.980000000000004
4,WFAgent2,FEMALE_LOW_INCOME,329,404.17527296968524,409,233.129999999998
5,WEAgent1,YOUNG_HIGH_INCOME,59,55.913945357159996,98,55.86000000000003
5,WEAgent2,MALE_OLD_LOW_INCOME,135,142.61885821560705,167,142.5556432618316
5,WEAgent0,YOUNG_LOW_INCOME,287,313.9133986551163,247,199.45052742426807
5,WEAgent3,MALE_YOUNG,177,171.68896659414767,0,0.0
5,WEAgent4,MALE_LOW_INCOME,273,255.07785084984727,273,255.07785084984684
5,WFAgent0,MALE_LOW_INCOME,273,213.08678863684338,0,0.0
5,WFAgent1,FEMALE_OLD,211,212.2516078910339,372,212.03999999999826
5,WFAgent2,MALE_YOUNG_HIGH_INCOME,39,36.60197740173535,33,18.81000000000001
6,WEAgent1,FEMALE_YOUNG_LOW_INCOME,149,169.61062950782917,0,0.0
6,WEAgent2,MALE_LOW_INCOME,273,261.4745905272388,0,0.0
6,WEAgent0,FEMALE_YOUNG,168,174.09983152968556,0,0.0
6,WEAgent3,OLD_LOW_INCOME,315,299.7618221326959,314,178.97999999999865
6,WEAgent4,YOUNG_LOW_INCOME,287,278.0283745641427,333,204.56337929920838
6,WFAgent0,FEMALE_YOUNG,168,185.2929157653643,196,184.68941653393117
6,WFAgent1,FEMALE_HIGH_INCOME,50,57.056830376910625,81,46.17000000000002
6,WFAgent2,YOUNG_LOW_INCOME,287,296.0272150187711,305,295.4656942232193
7,WEAgent1,FEMALE_HIGH_INCOME,50,50.75274629149426,59,33.63000000000002
7,WEAgent2,OLD_HIGH_INCOME,92,100.36885349398726,0,0.0
7,WEAgent0,MALE_YOUNG,177,170.87072082812185,299,170.42999999999876
7,WEAgent3,FEMALE_YOUNG_HIGH_INCOME,20,20.667354722694547,0,0.0
7,WEAgent4,MALE_OLD,196,204.40495389804005,206,117.41999999999939
7,WFAgent0,YOUNG_LOW_INCOME,287,294.22074307352483,406,231.41999999999803
7,WFAgent1,OLD_LOW_INCOME,315,330.50300644299585,316,329.5508440396969
7,WFAgent2,FEMALE_OLD,211,249.13899521497342,437,249.08999999999781
8,WEAgent1,MALE_YOUNG_LOW_INCOME,138,142.20063774875757,0,0.0
8,WEAgent2,FEMALE_OLD_LOW_INCOME,181,170.27004483073082,0,0.0
8,WEAgent0,YOUNG_LOW_INCOME,287,279.33719648754715,215,191.51435748909597
8,WEAgent3,OLD_LOW_INCOME,315,264.55621273590975,0,0.0
8,WEAgent4,MALE_YOUNG,177,201.69153881821273,237,201.63455547193473
8,WFAgent0,OLD_LOW_INCOME,315,335.56225211931655,356,334.8957787830965
8,WFAgent1,FEMALE_OLD,211,224.73600351564957,224,127.67999999999927
8,WFAgent2,MALE_LOW_INCOME,273,320.20043509424994,353,269.7546921743532
9,WEAgent1,YOUNG_HIGH_INCOME,59,56.87447651661793,0,0.0
9,WEAgent2,YOUNG_HIGH_INCOME,59,58.99930163919821,103,58.71000000000003
9,WEAgent0,FEMALE_YOUNG_HIGH_INCOME,20,20.088161025254703,0,0.0
9,WEAgent3,MALE_OLD_HIGH_INCOME,61,62.99819695194698,0,0.0
9,WEAgent4,MALE_OLD,196,186.91655807753423,327,186.38999999999857
9,WFAgent0,FEMALE_YOUNG_LOW_INCOME,149,144.0697622284851,72,41.04000000000002
9,WFAgent1,FEMALE_YOUNG,168,182.6787341750001,320,182.3999999999986
9,WFAgent2,MALE_YOUNG_HIGH_INCOME,39,36.39096093855664,0,0.0
10,WEAgent1,FEMALE_YOUNG_HIGH_INCOME,20,17.34385631055647,21,17.319470679500828
10,WEAgent2,MALE_YOUNG_LOW_INCOME,138,131.82354506009963,138,131.8235450600996
10,WEAgent0,OLD_LOW_INCOME,315,315.0064621584542,345,196.64999999999844
10,WEAgent3,FEMALE_YOUNG_HIGH_INCOME,20,18.192338271264678,20,17.343856310556472
10,WEAgent4,MALE_OLD_LOW_INCOME,135,160.5317901305306,0,0.0
10,WFAgent0,FEMALE_OLD_LOW_INCOME,181,180.61404420727175,316,180.11999999999864
10,WFAgent1,MALE_YOUNG_LOW_INCOME,138,148.48022290025926,184,148.02722497631225
10,WFAgent2,FEMALE_LOW_INCOME,329,279.24078113698585,489,278.72999999999746
11,WEAgent1,FEMALE_LOW_INCOME,329,316.40628290035306,458,286.52187960037196
11,WEAgent2,MALE_LOW_INCOME,273,286.38659928301183,372,212.03999999999826
11,WEAgent0,FEMALE_YOUNG_HIGH_INCOME,20,19.29969862692274,22,18.8597589015382
11,WEAgent3,MALE_YOUNG_HIGH_INCOME,39,41.940168554268375,73,41.61000000000002
11,WEAgent4,MALE_OLD,196,189.1446611671763,0,0.0
11,WFAgent0,FEMALE_YOUNG_HIGH_INCOME,20,19.84260152141744,20,19.299698626922744
11,WFAgent1,OLD_LOW_INCOME,315,327.90131476550806,340,326.9852163711865
11,WFAgent2,OLD_LOW_INCOME,315,322.3698434112739,404,253.78327347726622
12,WEAgent1,MALE_YOUNG,177,187.01409241611648,216,187.01170139876234
12,WEAgent2,FEMALE_OLD_LOW_INCOME,181,186.8139369326199,181,186.81393693261953
12,WEAgent0,MALE_OLD_HIGH_INCOME,61,57.93741117072518,0,0.0
12,WEAgent3,FEMALE_OLD_LOW_INCOME,181,201.3806938636925,204,201.31030052818767
12,WEAgent4,MALE_YOUNG_HIGH_INCOME,39,38.66223240813312,0,0.0
12,WFAgent0,MALE_YOUNG_LOW_INCOME,138,138.24178260988919,178,101.45999999999958
12,WFAgent1,MALE_OLD,196,178.98938193397402,0,0.0
12,WFAgent2,MALE_LOW_INCOME,273,263.2793486534711,358,204.05999999999835
13,WEAgent1,MALE_OLD,196,222.41455439586187,251,222.25180793305677
13,WEAgent2,YOUNG_LOW_INCOME,287,287.67775803743785,369,210.32999999999828
13,WEAgent0,FEMALE_YOUNG_HIGH_INCOME,20,20.776564298528527,36,20.52000000000001
13,WEAgent3,MALE_OLD,196,174.4088778771415,0,0.0
13,WEAgent4,FEMALE_OLD_HIGH_INCOME,31,33.48497895902575,58,33.06000000000002
13,WFAgent0,MALE_OLD,196,176.13623363897898,286,163.01999999999884
13,WFAgent1,FEMALE_YOUNG_HIGH_INCOME,20,16.121481324551542,9,5.130000000000003
13,WFAgent2,OLD_HIGH_INCOME,92,80.56991760572367,34,19.38000000000001
14,WEAgent1,FEMALE_HIGH_INCOME,50,40.83084373573955,40,22.80000000000001
14,WEAgent2,MALE_YOUNG_LOW_INCOME,138,136.5990310120007,239,136.22999999999917
14,WEAgent0,FEMALE_LOW_INCOME,329,385.37164208855256,419,238.82999999999794
14,WEAgent3,MALE_YOUNG_HIGH_INCOME,39,37.217936846491774,0,0.0
14,WEAgent4,MALE_OLD,196,185.2777943949997,325,185.24999999999858
14,WFAgent0,FEMALE_OLD,211,181.8214907754269,318,181.25999999999863
14,WFAgent1,MALE_HIGH_INCOME,100,90.13358488095955,66,37.62000000000002
14,WFAgent2,MALE_YOUNG,177,166.58813199489225,134,76.37999999999988
15,WEAgent1,FEMALE_YOUNG_LOW_INCOME,149,171.90023717696215,219,171.45340212858903
15,WEAgent2,FEMALE_YOUNG_LOW_INCOME,149,135.2697602692739,148,134.3619095292119
15,WEAgent0,FEMALE_HIGH_INCOME,50,52.18520267877639,53,30.210000000000015
15,WEAgent3,MALE_YOUNG_HIGH_INCOME,39,35.73086765306667,0,0.0
15,WEAgent4,FEMALE_OLD_LOW_INCOME,181,174.5564192981248,180,173.5920191915058
15,WFAgent0,FEMALE_OLD,211,232.75416144774795,298,227.4424155664425
15,WFAgent1,MALE_LOW_INCOME,273,316.9695876074938,339,193.22999999999848
15,WFAgent2,MALE_YOUNG,177,171.35832568301694,300,170.99999999999875
16,WEAgent1,MALE_LOW_INCOME,273,261.6685649073513,397,261.51581613465055
16,WEAgent2,MALE_HIGH_INCOME,100,95.7595598472178,146,95.2354635526373
16,WEAgent0,OLD_LOW_INCOME,315,298.2015190508633,239,175.14884524554228
16,WEAgent3,MALE_OLD_LOW_INCOME,135,130.32693459998146,0,0.0
16,WEAgent4,MALE_HIGH_INCOME,100,98.12322956905541,56,42.38508115874881
16,WFAgent0,FEMALE_OLD,211,204.66648144071291,359,204.62999999999835
16,WFAgent1,FEMALE_OLD_LOW_INCOME,181,154.58832839009708,165,94.04999999999967
16,WFAgent2,FEMALE_YOUNG_HIGH_INCOME,20,21.231300715142197,37,21.09000000000001
17,WEAgent1,MALE_YOUNG_HIGH_INCOME,39,42.26495476523767,0,0.0
17,WEAgent2,FEMALE_YOUNG_LOW_INCOME,149,132.83314580365845,233,132.8099999999992
17,WEAgent0,MALE_YOUNG,177,186.58829543300118,228,186.54358162042797
17,WEAgent3,MALE_LOW_INCOME,273,285.7178883473992,160,91.1999999999997
17,WEAgent4,YOUNG_LOW_INCOME,287,262.63338485860805,210,178.53406498033155
17,WFAgent0,MALE_YOUNG_HIGH_INCOME,39,45.16207776441851,50,44.57488114216729
17,WFAgent1,MALE_OLD,196,231.36548137137717,290,230.88551506004103
17,WFAgent2,MALE_YOUNG_HIGH_INCOME,39,38.03762144149696,0,0.0
18,WEAgent1,YOUNG_HIGH_INCOME,59,55.184778355960646,96,54.72000000000003
18,WEAgent2,MALE_OLD_LOW_INCOME,135,157.9156354437021,277,157.8899999999989
18,WEAgent0,OLD_HIGH_INCOME,92,94.23498513025821,91,80.94477226452724
18,WEAgent3,OLD_HIGH_INCOME,92,101.72967264481348,129,101.24189231462768
18,WEAgent4,FEMALE_HIGH_INCOME,50,47.27230136808363,0,0.0
18,WFAgent0,FEMALE_OLD_LOW_INCOME,181,199.5768104943399,350,199.4999999999984
18,WFAgent1,MALE_YOUNG_HIGH_INCOME,39,34.15082518067749,6,3.4200000000000017
18,WFAgent2,FEMALE_HIGH_INCOME,50,58.94302056114314,46,39.97479828539713
19,WEAgent1,FEMALE_OLD_LOW_INCOME,181,158.07529331317832,277,157.8899999999989
19,WEAgent2,MALE_OLD_LOW_INCOME,135,137.59218606063746,142,137.09017227836762
19,WEAgent0,MALE_OLD,196,198.91478335113462,244,198.37458192595568
19,WEAgent3,MALE_LOW_INCOME,273,199.84765809532945,177,129.57155854532408
19,WEAgent4,MALE_YOUNG,177,202.615204720333,271,179.91070447240574
19,WFAgent0,OLD_HIGH_INCOME,92,92.63269808030141,46,26.220000000000013
19,WFAgent1,FEMALE_OLD_HIGH_INCOME,31,28.59121504220054,50,28.500000000000014
19,WFAgent2,FEMALE_LOW_INCOME,329,327.077327885984,408,232.559999999998
20,WEAgent1,MALE_YOUNG_LOW_INCOME,138,141.38765767613185,248,141.3599999999991
20,WEAgent2,MALE_HIGH_INCOME,100,108.80553963742364,110,62.70000000000003
20,WEAgent0,MALE_YOUNG,177,155.4570231480658,0,0.0
20,WEAgent3,FEMALE_YOUNG,168,168.10719513402498,0,0.0
20,WEAgent4,FEMALE_LOW_INCOME,329,335.97732505901877,389,221.72999999999814
20,WFAgent0,FEMALE_YOUNG_HIGH_INCOME,20,18.87468233530094,14,7.980000000000004
20,WFAgent1,YOUNG_LOW_INCOME,287,251.06378578606154,113,64.41000000000003
20,WFAgent2,FEMALE_YOUNG_HIGH_INCOME,20,19.720034710987207,34,19.38000000000001
21,WEAgent1,MALE_OLD_HIGH_INCOME,61,61.419864651556615,0,0.0
21,WEAgent2,MALE_YOUNG,177,210.27546870527593,368,209.75999999999829
21,WEAgent0,MALE_OLD,196,220.40422559058314,386,220.01999999999816
21,WEAgent3,MALE_YOUNG_HIGH_INCOME,39,37.342742240914404,0,0.0
21,WEAgent4,FEMALE_YOUNG_HIGH_INCOME,20,22.7852458627542,39,22.23000000000001
21,WFAgent0,FEMALE_OLD_HIGH_INCOME,31,26.85387875805877,47,26.790000000000013
21,WFAgent1,OLD_HIGH_INCOME,92,87.2987661901826,45,25.650000000000013
21,WFAgent2,YOUNG_LOW_INCOME,287,316.1979250051121,387,220.58999999999816
22,WEAgent1,MALE_OLD,196,190.46682132376313,241,190.4035735445754
22,WEAgent2,YOUNG_HIGH_INCOME,59,60.19305261942527,58,50.168406771833254
22,WEAgent0,FEMALE_HIGH_INCOME,50,48.86830994127706,85,48.450000000000024
22,WEAgent3,FEMALE_YOUNG_LOW_INCOME,149,155.29317071698551,0,0.0
22,WEAgent4,YOUNG_HIGH_INCOME,59,62.97486813743992,77,62.34907046434645
22,WFAgent0,MALE_LOW_INCOME,273,326.332176435296,258,203.3077295169729
22,WFAgent1,MALE_YOUNG_LOW_INCOME,138,155.68858878767975,273,155.60999999999893
22,WFAgent2,FEMALE_LOW_INCOME,329,340.6761388938656,494,281.5799999999974
23,WEAgent1,FEMALE_LOW_INCOME,329,355.92292869415127,250,230.02337631215644
23,WEAgent2,FEMALE_YOUNG_HIGH_INCOME,20,21.24182412714249,20,21.241824127142483
23,WEAgent0,MALE_OLD,196,195.6407904556213,0,0.0
23,WEAgent3,MALE_LOW_INCOME,273,278.7106258048955,488,278.15999999999747
23,WEAgent4,MALE_OLD_HIGH_INCOME,61,59.596180189927466,104,59.28000000000003
23,WFAgent0,MALE_OLD_HIGH_INCOME,61,55.96766079024394,60,34.20000000000002
23,WFAgent1,OLD_LOW_INCOME,315,320.67196280068407,492,280.43999999999744
23,WFAgent2,FEMALE_YOUNG,168,192.70124979902886,189,191.67054804206853
24,WEAgent1,FEMALE_LOW_INCOME,329,360.8532631658485,385,219.44999999999817
24,WEAgent2,MALE_YOUNG,177,173.3999170334262,304,173.27999999999872
24,WEAgent0,MALE_OLD_LOW_INCOME,135,135.86050224300922,135,135.3300563067453
24,WEAgent3,MALE_OLD_HIGH_INCOME,61,58.68348782425436,0,0.0
24,WEAgent4,MALE_OLD_LOW_INCOME,135,135.33005630674546,135,135.3300563067453
24,WFAgent0,YOUNG_LOW_INCOME,287,304.02493345485647,0,0.0
24,WFAgent1,MALE_OLD_HIGH_INCOME,61,59.583110936647515,76,43.32000000000002
24,WFAgent2,MALE_HIGH_INCOME,100,102.00174404185593,106,101.97458539952412
25,WEAgent1,MALE_LOW_INCOME,273,237.8323845192786,188,140.40034793800834
25,WEAgent2,YOUNG_LOW_INCOME,287,217.18539246184497,381,217.1699999999982
25,WEAgent0,MALE_OLD,196,211.3153335934323,319,210.77524679995142
25,WEAgent3,FEMALE_HIGH_INCOME,50,54.20864665357759,46,26.220000000000013
25,WEAgent4,MALE_HIGH_INCOME,100,99.43798367901611,105,59.85000000000003
25,WFAgent0,FEMALE_YOUNG_HIGH_INCOME,20,20.261152339431998,0,0.0
25,WFAgent1,FEMALE_LOW_INCOME,329,328.35171433473676,480,273.5999999999975
25,WFAgent2,FEMALE_YOUNG,168,206.29161716362705,272,205.83423954572197
26,WEAgent1,MALE_YOUNG_LOW_INCOME,138,122.37450729934577,214,121.97999999999934
26,WEAgent2,MALE_OLD_HIGH_INCOME,61,69.56847290973785,122,69.53999999999996
26,WEAgent0,MALE_HIGH_INCOME,100,99.0386880873732,106,60.42000000000003
26,WEAgent3,FEMALE_OLD_LOW_INCOME,181,201.70901001757036,353,201.2099999999984
26,WEAgent4,MALE_YOUNG_HIGH_INCOME,39,39.828019201022386,0,0.0
26,WFAgent0,FEMALE_YOUNG,168,175.18455090261241,307,174.9899999999987
26,WFAgent1,MALE_OLD_LOW_INCOME,135,140.4597269398575,246,140.21999999999912
26,WFAgent2,MALE_HIGH_INCOME,100,91.7005188837494,0,0.0
27,WEAgent1,MALE_OLD,196,187.6948061603727,240,187.19145306555305
27,WEAgent2,FEMALE_OLD,211,196.39016276201605,344,196.07999999999845
27,WEAgent0,MALE_HIGH_INCOME,100,110.54632028854166,0,0.0
27,WEAgent3,YOUNG_HIGH_INCOME,59,51.492179190694074,0,0.0
27,WEAgent4,MALE_YOUNG,177,182.9272565760128,210,182.48064476571795
27,WFAgent0,MALE_YOUNG,177,170.62279532732398,234,133.3799999999992
27,WFAgent1,MALE_LOW_INCOME,273,300.44726061746866,229,184.02246556189462
27,WFAgent2,MALE_YOUNG,177,169.0628473836321,0,0.0
28,WEAgent1,FEMALE_YOUNG_LOW_INCOME,149,164.00596297808428,0,0.0
28,WEAgent2,FEMALE_LOW_INCOME,329,395.83667143210545,392,223.43999999999812
28,WEAgent0,MALE_OLD,196,224.5419323523876,325,223.9375900498737
28,WEAgent3,OLD_LOW_INCOME,315,248.7919935551737,191,143.16127299875228
28,WEAgent4,FEMALE_YOUNG_LOW_INCOME,149,163.44793640151826,0,0.0
28,WFAgent0,FEMALE_YOUNG_HIGH_INCOME,20,17.31660955541917,16,9.120000000000005
28,WFAgent1,FEMALE_OLD_HIGH_INCOME,31,31.504176170013046,55,31.350000000000016
28,WFAgent2,FEMALE_YOUNG_HIGH_INCOME,20,20.65678641898261,36,20.52000000000001
29,WEAgent1,MALE_YOUNG_HIGH_INCOME,39,39.32593438786168,0,0.0
29,WEAgent2,MALE_YOUNG,177,211.97404388274163,371,211.46999999999827
29,WEAgent0,MALE_HIGH_INCOME,100,117.14980391083171,0,0.0
29,WEAgent3,FEMALE_YOUNG,168,191.0560027481195,335,190.9499999999985
29,WEAgent4,FEMALE_OLD_HIGH_INCOME,31,27.704125069300996,35,27.394673438513646
29,WFAgent0,OLD_HIGH_INCOME,92,91.41414620519141,150,91.0025847154229
29,WFAgent1,FEMALE_HIGH_INCOME,50,50.852670338757086,21,11.970000000000006
29,WFAgent2,MALE_OLD,196,238.08055869583174,378,215.45999999999822
30,WEAgent1,FEMALE_OLD_HIGH_INCOME,31,34.80053452460084,0,0.0
30,WEAgent2,OLD_LOW_INCOME,315,328.90357954460364,311,177.26999999999867
30,WEAgent0,MALE_YOUNG_LOW_INCOME,138,144.51715738928826,253,144.20999999999907
30,WEAgent3,FEMALE_OLD_LOW_INCOME,181,182.09382183249193,247,181.39086978152514
30,WEAgent4,FEMALE_OLD_LOW_INCOME,181,132.92205437431636,0,0.0
30,WFAgent0,OLD_LOW_INCOME,315,311.90196776834364,262,149.339999999999
30,WFAgent1,FEMALE_YOUNG_HIGH_INCOME,20,18.128844794866655,31,17.67000000000001
30,WFAgent2,OLD_HIGH_INCOME,92,82.73492453717282,145,82.6499999999998
31,WEAgent1,MALE_YOUNG,177,196.89495080190383,322,196.65174558016344
31,WEAgent2,FEMALE_HIGH_INCOME,50,55.846037894669365,55,31.350000000000016
31,WEAgent0,FEMALE_OLD_LOW_INCOME,181,154.19471351646314,180,153.34280902189747
31,WEAgent3,MALE_HIGH_INCOME,100,81.73914260408311,143,81.50999999999982
31,WEAgent4,FEMALE_OLD_LOW_INCOME,181,182.64700491469665,226,182.38185396755821
31,WFAgent0,MALE_YOUNG_HIGH_INCOME,39,39.750911552114566,42,39.56595818661554
31,WFAgent1,MALE_YOUNG_LOW_INCOME,138,130.00243404173676,80,45.60000000000002
31,WFAgent2,YOUNG_HIGH_INCOME,59,60.079983959679446,20,11.400000000000006
32,WEAgent1,FEMALE_YOUNG_LOW_INCOME,149,152.64748922798222,0,0.0
32,WEAgent2,MALE_OLD_LOW_INCOME,135,139.68371553748187,245,139.64999999999912
32,WEAgent0,OLD_HIGH_INCOME,92,97.2969349016936,124,96.85741765398262
32,WEAgent3,MALE_HIGH_INCOME,100,114.0558634710653,116,66.12
32,WEAgent4,FEMALE_LOW_INCOME,329,338.85974924795386,360,205.19999999999834
32,WFAgent0,MALE_YOUNG_LOW_INCOME,138,140.4711183285003,246,140.21999999999912
32,WFAgent1,OLD_HIGH_INCOME,92,82.92509397679004,0,0.0
32,WFAgent2,MALE_HIGH_INCOME,100,97.43193783116877,78,44.46000000000002
33,WEAgent1,FEMALE_YOUNG_HIGH_INCOME,20,17.01003550275892,0,0.0
33,WEAgent2,MALE_YOUNG_LOW_INCOME,138,116.56844996241239,0,0.0
33,WEAgent0,OLD_LOW_INCOME,315,366.3283529036877,339,193.22999999999848
33,WEAgent3,YOUNG_HIGH_INCOME,59,59.34308618360182,91,58.86348047263275
33,WEAgent4,FEMALE_HIGH_INCOME,50,55.06730409072027,25,22.155403155139574
33,WFAgent0,FEMALE_HIGH_INCOME,50,45.15114398245884,74,42.18000000000002
33,WFAgent1,MALE_YOUNG_LOW_INCOME,138,146.81417092902814,192,109.43999999999949
33,WFAgent2,MALE_YOUNG_LOW_INCOME,138,160.30983946422054,189,159.6480945137387
34,WEAgent1,OLD_HIGH_INCOME,92,95.90909542626265,168,95.75999999999965
34,WEAgent2,FEMALE_HIGH_INCOME,50,55.05671917634348,0,0.0
34,WEAgent0,FEMALE_YOUNG_HIGH_INCOME,20,17.420467887562356,0,0.0
34,WEAgent3,FEMALE_LOW_INCOME,329,271.98586639144617,200,158.92333318693937
34,WEAgent4,OLD_LOW_INCOME,315,330.9121095021153,381,217.1699999999982
34,WFAgent0,MALE_YOUNG_HIGH_INCOME,39,36.81609971103854,26,14.820000000000007
34,WFAgent1,YOUNG_HIGH_INCOME,59,64.50087422411912,113,64.41000000000003
34,WFAgent2,FEMALE_YOUNG_LOW_INCOME,149,159.12750728962592,192,158.72731412509918
35,WEAgent1,MALE_LOW_INCOME,273,262.9646419068755,376,262.6885749250753
35,WEAgent2,FEMALE_YOUNG_HIGH_INCOME,20,18.552534242723333,32,18.24000000000001
35,WEAgent0,YOUNG_HIGH_INCOME,59,62.217672162634244,0,0.0
35,WEAgent3,YOUNG_LOW_INCOME,287,280.252528650875,242,181.58968956653084
35,WEAgent4,MALE_YOUNG_HIGH_INCOME,39,37.22289017764971,0,0.0
35,WFAgent0,FEMALE_OLD_HIGH_INCOME,31,34.277900296967466,60,34.20000000000002
35,WFAgent1,MALE_HIGH_INCOME,100,94.18519648508331,140,79.79999999999984
35,WFAgent2,YOUNG_HIGH_INCOME,59,60.62277329363252,106,60.42000000000003
36,WEAgent1,FEMALE_OLD,211,210.66771884878872,210,209.66929364097464
36,WEAgent2,FEMALE_OLD_LOW_INCOME,181,194.8455240208055,0,0.0
36,WEAgent0,MALE_OLD,196,190.82664622830876,224,190.31251028231836
36,WEAgent3,FEMALE_YOUNG_LOW_INCOME,149,143.18715712550795,251,143.06999999999908
36,WEAgent4,MALE_OLD,196,187.9682733871703,226,185.61718323738128
36,WFAgent0,MALE_OLD_HIGH_INCOME,61,59.97326763108445,62,59.45935178573748
36,WFAgent1,FEMALE_OLD,211,225.3349649383305,254,144.77999999999906
36,WFAgent2,MALE_YOUNG_HIGH_INCOME,39,37.74303864373976,66,37.62000000000002
37,WEAgent1,FEMALE_YOUNG,168,190.0351878762551,333,189.80999999999852
37,WEAgent2,OLD_LOW_INCOME,315,258.5071080571922,191,108.8699999999995
37,WEAgent0,FEMALE_YOUNG_HIGH_INCOME,20,20.611863976900512,0,0.0
37,WEAgent3,MALE_OLD,196,184.71428080895495,0,0.0
37,WEAgent4,FEMALE_OLD_LOW_INCOME,181,195.69515763874918,0,0.0
37,WFAgent0,FEMALE_LOW_INCOME,329,251.69437036833455,0,0.0
37,WFAgent1,OLD_LOW_INCOME,315,320.94657121274736,468,320.19780389338416
37,WFAgent2,MALE_LOW_INCOME,273,264.35733359853396,382,217.7399999999982
38,WEAgent1,MALE_LOW_INCOME,273,218.86518307446906,178,101.45999999999958
38,WEAgent2,MALE_YOUNG_LOW_INCOME,138,149.76107360106312,173,149.63782339187478
38,WEAgent0,MALE_YOUNG_LOW_INCOME,138,130.8217750228059,138,130.82177502280558
38,WEAgent3,YOUNG_HIGH_INCOME,59,61.17332248739453,107,60.99000000000003
38,WEAgent4,MALE_OLD_LOW_INCOME,135,120.1910510308667,0,0.0
38,WFAgent0,MALE_OLD_LOW_INCOME,135,139.28316789058007,173,138.69478634389378
38,WFAgent1,FEMALE_OLD_HIGH_INCOME,31,30.31360533208307,53,30.210000000000015
38,WFAgent2,FEMALE_OLD_LOW_INCOME,181,217.9949386284107,382,217.7399999999982
39,WEAgent1,FEMALE_YOUNG,168,147.24229877405935,191,108.8699999999995
39,WEAgent2,FEMALE_OLD,211,144.3837747596479,253,144.20999999999907
39,WEAgent0,YOUNG_HIGH_INCOME,59,59.982626094465175,105,59.85000000000003
39,WEAgent3,MALE_OLD,196,199.53424923958988,227,199.28297388457142
39,WEAgent4,YOUNG_LOW_INCOME,287,304.5876430708843,369,210.32999999999828
39,WFAgent0,MALE_OLD_LOW_INCOME,135,146.73112607240157,210,119.69999999999936
39,WFAgent1,FEMALE_OLD_HIGH_INCOME,31,33.16462888240506,58,33.06000000000002
39,WFAgent2,FEMALE_YOUNG,168,178.26512022902847,203,177.91777768532182
40,WEAgent1,FEMALE_OLD,211,213.96265305480114,244,213.89479154201285
40,WEAgent2,FEMALE_YOUNG_HIGH_INCOME,20,16.25016432265564,20,16.25016432265564
40,WEAgent0,MALE_OLD_HIGH_INCOME,61,65.76606052678162,115,65.55000000000001
40,WEAgent3,FEMALE_OLD,211,205.14054309336004,211,205.14054309335893
40,WEAgent4,MALE_YOUNG,177,204.45942771124965,358,204.05999999999835
40,WFAgent0,FEMALE_YOUNG_HIGH_INCOME,20,19.564980590658585,34,19.38000000000001
40,WFAgent1,MALE_OLD_HIGH_INCOME,61,59.38870758587275,37,21.09000000000001
40,WFAgent2,MALE_YOUNG,177,181.31857179896102,67,38.19000000000002
41,WEAgent1,FEMALE_YOUNG_HIGH_INCOME,20,17.885895989077326,0,0.0
41,WEAgent2,MALE_YOUNG_HIGH_INCOME,39,44.41821200596811,20,17.094494435293537
41,WEAgent0,YOUNG_HIGH_INCOME,59,50.428758584115926,44,30.20504499176418
41,WEAgent3,FEMALE_OLD_HIGH_INCOME,31,33.05289024095299,57,32.490000000000016
41,WEAgent4,FEMALE_YOUNG_HIGH_INCOME,20,18.08249634896556,0,0.0
41,WFAgent0,MALE_YOUNG_HIGH_INCOME,39,44.814766496409185,52,44.44568553176316
41,WFAgent1,FEMALE_YOUNG_LOW_INCOME,149,145.7550679618663,255,145.34999999999906
41,WFAgent2,FEMALE_YOUNG_HIGH_INCOME,20,18.897611080409472,22,18.80394387882289
42,WEAgent1,MALE_YOUNG_HIGH_INCOME,39,29.38611833061126,51,29.070000000000014
42,WEAgent2,MALE_LOW_INCOME,273,271.0259251430057,413,270.9225923516917
42,WEAgent0,FEMALE_LOW_INCOME,329,318.85636882146855,168,95.75999999999965
42,WEAgent3,FEMALE_YOUNG_LOW_INCOME,149,154.04666469099286,0,0.0
42,WEAgent4,MALE_LOW_INCOME,273,286.8358004770419,115,106.13581983050739
42,WFAgent0,OLD_LOW_INCOME,315,288.97299850008864,506,288.41999999999734
42,WFAgent1,FEMALE_YOUNG,168,203.24623783658626,231,202.53441807624725
42,WFAgent2,MALE_OLD,196,218.65072109409581,251,218.3228742690647
43,WEAgent1,MALE_YOUNG_LOW_INCOME,138,132.75453743459184,138,132.75453743459164
43,WEAgent2,MALE_OLD,196,202.67259522621757,355,202.34999999999837
43,WEAgent0,OLD_HIGH_INCOME,92,90.27053323478007,0,0.0
43,WEAgent3,MALE_YOUNG,177,207.40350652191813,278,207.0666858107921
43,WEAgent4,FEMALE_YOUNG_HIGH_INCOME,20,20.50614148454847,35,19.95000000000001
43,WFAgent0,YOUNG_HIGH_INCOME,59,58.736674076296985,19,10.830000000000005
43,WFAgent1,FEMALE_LOW_INCOME,329,311.07841379546704,492,280.43999999999744
43,WFAgent2,MALE_OLD_HIGH_INCOME,61,54.44683346436234,48,27.360000000000014
44,WEAgent1,OLD_LOW_INCOME,315,324.72377707346163,352,200.6399999999984
44,WEAgent2,FEMALE_YOUNG,168,131.41554183377875,174,131.0153052087313
44,WEAgent0,FEMALE_YOUNG_HIGH_INCOME,20,20.50071649381151,0,0.0
44,WEAgent3,OLD_HIGH_INCOME,92,77.24756759575226,43,30.030725138307783
44,WEAgent4,FEMALE_HIGH_INCOME,50,34.919447835241606,44,30.729114095012616
44,WFAgent0,MALE_HIGH_INCOME,100,112.42983003842369,157,109.64706620265865
44,WFAgent1,MALE_YOUNG,177,189.37155255048515,332,189.23999999999853
44,WFAgent2,FEMALE_YOUNG_LOW_INCOME,149,175.316148677962,242,137.93999999999915
45,WEAgent1,FEMALE_OLD_HIGH_INCOME,31,35.87679962469807,0,0.0
45,WEAgent2,FEMALE_OLD,211,227.16014585323302,398,226.85999999999808
45,WEAgent0,FEMALE_HIGH_INCOME,50,50.763084655980606,53,30.210000000000015
45,WEAgent3,MALE_OLD_HIGH_INCOME,61,61.18739346999046,107,60.99000000000003
45,WEAgent4,FEMALE_OLD_LOW_INCOME,181,204.73935089523917,0,0.0
45,WFAgent0,FEMALE_LOW_INCOME,329,291.23229408009746,0,0.0
45,WFAgent1,MALE_HIGH_INCOME,100,82.80371970858229,34,19.38000000000001
45,WFAgent2,FEMALE_LOW_INCOME,329,416.34564931384534,380,216.5999999999982
46,WEAgent1,MALE_OLD,196,193.70179561815726,316,193.5724199731722
46,WEAgent2,MALE_YOUNG_HIGH_INCOME,39,38.447010970240655,0,0.0
46,WEAgent0,FEMALE_OLD,211,226.34457527850003,246,225.90692190666925
46,WEAgent3,FEMALE_OLD,211,205.15234986998635,210,204.18006385164594
46,WEAgent4,FEMALE_YOUNG_HIGH_INCOME,20,21.11079520811295,37,21.09000000000001
46,WFAgent0,OLD_HIGH_INCOME,92,93.82949179755292,95,93.64624767028388
46,WFAgent1,MALE_OLD_HIGH_INCOME,61,59.48430349825744,39,22.23000000000001
46,WFAgent2,MALE_HIGH_INCOME,100,85.02587494410987,118,67.25999999999999
47,WEAgent1,FEMALE_LOW_INCOME,329,319.0613623304226,0,0.0
47,WEAgent2,OLD_LOW_INCOME,315,247.95401659546357,435,247.94999999999783
47,WEAgent0,MALE_YOUNG_LOW_INCOME,138,122.98164525719936,215,122.54999999999933
47,WEAgent3,FEMALE_LOW_INCOME,329,354.0674117338889,188,107.15999999999951
47,WEAgent4,MALE_OLD_HIGH_INCOME,61,50.93485393834468,89,50.730000000000025
47,WFAgent0,YOUNG_HIGH_INCOME,59,58.59500955801772,102,58.14000000000003
47,WFAgent1,FEMALE_LOW_INCOME,329,334.95442324887284,425,334.54113350181785
47,WFAgent2,FEMALE_LOW_INCOME,329,272.482413409656,0,0.0
48,WEAgent1,OLD_LOW_INCOME,315,322.6360500615783,383,218.30999999999818
48,WEAgent2,FEMALE_YOUNG_HIGH_INCOME,20,18.15446790509972,0,0.0
48,WEAgent0,FEMALE_OLD_LOW_INCOME,181,182.61242385971187,276,157.3199999999989
48,WEAgent3,FEMALE_YOUNG,168,153.4232004079669,269,153.32999999999896
48,WEAgent4,MALE_HIGH_INCOME,100,110.20619060686045,101,57.57000000000003
48,WFAgent0,FEMALE_OLD,211,234.83772721891444,246,234.14640169048718
48,WFAgent1,MALE_OLD_HIGH_INCOME,61,57.459968189358506,100,57.00000000000003
48,WFAgent2,FEMALE_HIGH_INCOME,50,48.093131197363995,50,28.500000000000014
49,WEAgent1,MALE_OLD,196,189.0528404211657,230,179.84756291436383
49,WEAgent2,FEMALE_HIGH_INCOME,50,54.26257120724852,94,53.58000000000003
49,WEAgent0,YOUNG_HIGH_INCOME,59,63.67935030507615,111,63.27000000000003
49,WEAgent3,MALE_OLD_HIGH_INCOME,61,61.78941228455817,0,0.0
49,WEAgent4,MALE_OLD_LOW_INCOME,135,134.17539994295004,135,134.1753999429497
49,WFAgent0,MALE_OLD_HIGH_INCOME,61,72.23072712806288,71,71.91882413448563
49,WFAgent1,OLD_HIGH_INCOME,92,102.8072640236362,99,94.8814273443488
49,WFAgent2,YOUNG_LOW_INCOME,287,243.73295926556983,390,222.29999999999814
50,WEAgent1,MALE_LOW_INCOME,273,273.889942243691,206,176.77660105269388
50,WEAgent2,MALE_OLD,196,209.11081180111123,265,208.6735616058996
50,WEAgent0,MALE_OLD_LOW_INCOME,135,125.40956743171667,0,0.0
50,WEAgent3,MALE_YOUNG,177,194.22483196265583,314,178.97999999999865
50,WEAgent4,MALE_HIGH_INCOME,100,106.40846715980062,0,0.0
50,WFAgent0,MALE_YOUNG_LOW_INCOME,138,144.31400152852083,0,0.0
50,WFAgent1,OLD_HIGH_INCOME,92,92.62886421211414,128,72.95999999999992
50,WFAgent2,MALE_YOUNG_LOW_INCOME,138,156.89878149849773,150,156.86304513969674
51,WEAgent1,MALE_LOW_INCOME,273,258.04949954013455,375,213.74999999999824
51,WEAgent2,MALE_YOUNG_HIGH_INCOME,39,45.54402122936555,48,44.920821881777925
51,WEAgent0,FEMALE_LOW_INCOME,329,277.5080512486101,382,276.8137357741634
51,WEAgent3,MALE_YOUNG_LOW_INCOME,138,121.36549317336186,212,120.83999999999935
51,WEAgent4,MALE_YOUNG_HIGH_INCOME,39,36.49816777894459,0,0.0
51,WFAgent0,MALE_YOUNG_HIGH_INCOME,39,39.443292265916,59,33.63000000000002
51,WFAgent1,MALE_OLD_HIGH_INCOME,61,51.916749724256974,91,51.870000000000026
51,WFAgent2,FEMALE_LOW_INCOME,329,355.70460428145435,290,165.29999999999882
52,WEAgent1,MALE_YOUNG_HIGH_INCOME,39,34.314581734458045,39,34.314581734458045
52,WEAgent2,FEMALE_OLD_LOW_INCOME,181,168.17693010814398,295,168.14999999999878
52,WEAgent0,FEMALE_YOUNG_HIGH_INCOME,20,18.83416374124133,0,0.0
52,WEAgent3,FEMALE_OLD_HIGH_INCOME,31,23.695872922625703,31,23.6958729226257
52,WEAgent4,FEMALE_HIGH_INCOME,50,53.60280589242869,53,36.81902191513787
52,WFAgent0,YOUNG_HIGH_INCOME,59,58.89954096453494,72,58.3922199264013
52,WFAgent1,FEMALE_LOW_INCOME,329,317.04650531141397,379,216.0299999999982
52,WFAgent2,MALE_LOW_INCOME,273,250.7000799533805,393,224.00999999999812
53,WEAgent1,FEMALE_OLD,211,202.58941521681328,227,202.34171988152494
53,WEAgent2,MALE_OLD_LOW_INCOME,135,121.83136140422829,135,121.83136140422783
53,WEAgent0,MALE_OLD_HIGH_INCOME,61,61.06565917006774,0,0.0
53,WEAgent3,FEMALE_OLD_LOW_INCOME,181,194.86625901774957,154,165.7978115399641
53,WEAgent4,OLD_HIGH_INCOME,92,91.70205605342781,0,0.0
53,WFAgent0,MALE_OLD,196,212.86155865547462,232,132.2399999999992
53,WFAgent1,FEMALE_YOUNG_LOW_INCOME,149,162.53455883405792,285,162.44999999999885
53,WFAgent2,FEMALE_LOW_INCOME,329,405.23536978367827,173,186.25338569099884
54,WEAgent1,MALE_OLD,196,208.6268779035158,328,208.2813325473743
54,WEAgent2,FEMALE_OLD_HIGH_INCOME,31,30.668498740370392,0,0.0
54,WEAgent0,MALE_YOUNG_HIGH_INCOME,39,36.69744297104962,64,36.48000000000002
54,WEAgent3,FEMALE_YOUNG,168,164.46636964275731,288,164.15999999999883
54,WEAgent4,FEMALE_OLD,211,210.72536427976092,369,210.32999999999828
54,WFAgent0,MALE_OLD_HIGH_INCOME,61,59.645527339016034,32,18.24000000000001
54,WFAgent1,OLD_HIGH_INCOME,92,89.4506149878964,0,0.0
54,WFAgent2,OLD_HIGH_INCOME,92,108.32726076315525,118,107.80267340861367
55,WEAgent1,FEMALE_OLD,211,255.89407463774853,335,255.56370815519088
55,WEAgent2,FEMALE_HIGH_INCOME,50,48.51309785253692,51,29.070000000000014
55,WEAgent0,YOUNG_LOW_INCOME,287,311.5169655035591,387,220.58999999999816
55,WEAgent3,FEMALE_LOW_INCOME,329,314.82287415004845,451,314.71935637798373
55,WEAgent4,OLD_HIGH_INCOME,92,92.76313166616309,159,90.62999999999971
55,WFAgent0,MALE_YOUNG_HIGH_INCOME,39,37.0046937049648,64,36.48000000000002
55,WFAgent1,OLD_LOW_INCOME,315,309.4875569940044,326,185.81999999999857
55,WFAgent2,MALE_OLD_HIGH_INCOME,61,59.031293020558934,0,0.0
56,WEAgent1,MALE_OLD_HIGH_INCOME,61,63.5561602132314,71,63.05526017502822
56,WEAgent2,MALE_YOUNG_LOW_INCOME,138,145.07932849948236,138,145.07932849948233
56,WEAgent0,MALE_HIGH_INCOME,100,90.1528058292648,104,82.18336243101433
56,WEAgent3,MALE_YOUNG_LOW_INCOME,138,152.26234411044064,168,152.07203937999554
56,WEAgent4,FEMALE_OLD_HIGH_INCOME,31,31.201664285161204,0,0.0
56,WFAgent0,MALE_YOUNG,177,169.10749679983905,90,51.300000000000026
56,WFAgent1,FEMALE_OLD,211,186.80000497393658,327,186.38999999999857
56,WFAgent2,YOUNG_HIGH_INCOME,59,57.6824664912252,75,57.668762623169165
57,WEAgent1,FEMALE_LOW_INCOME,329,343.75672454822165,410,233.699999999998
57,WEAgent2,FEMALE_YOUNG_LOW_INCOME,149,149.5698075246551,0,0.0
57,WEAgent0,FEMALE_YOUNG,168,136.7292671596982,0,0.0
57,WEAgent3,MALE_YOUNG,177,176.78548991115548,286,176.31243043641607
57,WEAgent4,FEMALE_OLD,211,227.4967504214437,399,227.42999999999807
57,WFAgent0,MALE_OLD,196,237.52740359678592,336,191.5199999999985
57,WFAgent1,YOUNG_HIGH_INCOME,59,69.99077964605878,94,69.44515890798158
57,WFAgent2,OLD_HIGH_INCOME,92,85.24551404397823,149,84.92999999999978
58,WEAgent1,MALE_OLD,196,187.11607206304546,328,186.95999999999856
58,WEAgent2,MALE_OLD_LOW_INCOME,135,132.12684011615355,0,0.0
58,WEAgent0,MALE_OLD_LOW_INCOME,135,127.73156163757194,0,0.0
58,WEAgent3,MALE_YOUNG_LOW_INCOME,138,129.28488693215274,226,128.81999999999925
58,WEAgent4,FEMALE_OLD_HIGH_INCOME,31,33.5936188265045,58,33.06000000000002
58,WFAgent0,MALE_HIGH_INCOME,100,95.61777977767649,110,62.70000000000003
58,WFAgent1,OLD_HIGH_INCOME,92,86.1029677222966,0,0.0
58,WFAgent2,OLD_LOW_INCOME,315,317.3006414693221,492,280.43999999999744
59,WEAgent1,YOUNG_LOW_INCOME,287,277.4258652442728,229,176.22251383572683
59,WEAgent2,FEMALE_YOUNG,168,164.31743328660028,190,164.2069545253816
59,WEAgent0,MALE_YOUNG,177,162.62721335056335,208,162.1597269424877
59,WEAgent3,MALE_YOUNG_LOW_INCOME,138,144.27988762255583,0,0.0
59,WEAgent4,FEMALE_YOUNG,168,164.66932747690842,182,164.13583408581388
59,WFAgent0,FEMALE_OLD,211,205.6351183293981,360,205.19999999999834
59,WFAgent1,OLD_LOW_INCOME,315,267.64967383201974,178,101.45999999999958
59,WFAgent2,MALE_OLD_HIGH_INCOME,61,60.88801621529998,106,60.42000000000003
60,WEAgent1,MALE_OLD_HIGH_INCOME,61,62.630668618337566,82,62.37081333073488
60,WEAgent2,MALE_OLD_HIGH_INCOME,61,51.49771251183912,61,51.49771251183907
60,WEAgent0,OLD_LOW_INCOME,315,320.39883533462967,353,201.2099999999984
60,WEAgent3,MALE_YOUNG_HIGH_INCOME,39,35.81551030164796,62,35.34000000000002
60,WEAgent4,FEMALE_OLD,211,230.29688267245388,404,230.27999999999804
60,WFAgent0,FEMALE_YOUNG_HIGH_INCOME,20,17.020651487775,29,16.53000000000001
60,WFAgent1,FEMALE_YOUNG_LOW_INCOME,149,159.48952552745752,279,159.0299999999989
60,WFAgent2,MALE_YOUNG_LOW_INCOME,138,140.91231190115982,247,140.7899999999991
61,WEAgent1,FEMALE_YOUNG_LOW_INCOME,149,149.46465370523697,0,0.0
61,WEAgent2,MALE_OLD_HIGH_INCOME,61,74.54105773456077,130,74.09999999999991
61,WEAgent0,FEMALE_LOW_INCOME,329,340.98580220599104,383,218.30999999999818
61,WEAgent3,OLD_LOW_INCOME,315,304.78387957137056,360,205.19999999999834
61,WEAgent4,MALE_YOUNG_LOW_INCOME,138,137.3742493336684,138,137.37424933366802
61,WFAgent0,YOUNG_LOW_INCOME,287,318.2660472108349,241,204.16809525641878
61,WFAgent1,FEMALE_YOUNG_HIGH_INCOME,20,21.23238886114821,37,21.09000000000001
61,WFAgent2,MALE_YOUNG_LOW_INCOME,138,129.06168766501017,0,0.0
62,WEAgent1,FEMALE_YOUNG,168,133.2099817107032,160,133.16980708958098
62,WEAgent2,MALE_YOUNG_HIGH_INCOME,39,45.61981646544186,80,45.60000000000002
62,WEAgent0,MALE_LOW_INCOME,273,275.9272789717551,324,184.67999999999859
62,WEAgent3,FEMALE_YOUNG_LOW_INCOME,149,156.165769520711,198,155.79834109934006
62,WEAgent4,OLD_HIGH_INCOME,92,111.42845684368768,183,104.30999999999955
62,WFAgent0,FEMALE_OLD_LOW_INCOME,181,191.0716341216202,335,190.9499999999985
62,WFAgent1,FEMALE_OLD,211,220.30328974121244,176,100.3199999999996
62,WFAgent2,MALE_YOUNG_LOW_INCOME,138,173.86885047776263,305,173.84999999999872
63,WEAgent1,YOUNG_LOW_INCOME,287,256.6217325426035,0,0.0
63,WEAgent2,MALE_LOW_INCOME,273,260.3853747904464,378,260.3637320530476
63,WEAgent0,FEMALE_YOUNG_HIGH_INCOME,20,20.02059596940206,35,19.95000000000001
63,WEAgent3,OLD_LOW_INCOME,315,316.0375725419541,233,178.48131721634792
63,WEAgent4,MALE_OLD_HIGH_INCOME,61,51.325640829817466,90,51.300000000000026
63,WFAgent0,FEMALE_LOW_INCOME,329,361.3491988014753,396,225.7199999999981
63,WFAgent1,MALE_YOUNG_HIGH_INCOME,39,40.43514943003644,70,39.90000000000002
63,WFAgent2,FEMALE_OLD,211,171.077124594706,300,170.99999999999875
64,WEAgent1,MALE_LOW_INCOME,273,320.55622508008594,322,183.5399999999986
64,WEAgent2,FEMALE_YOUNG_HIGH_INCOME,20,20.70949413457698,0,0.0
64,WEAgent0,MALE_HIGH_INCOME,100,93.09085708850394,125,92.54360568221713
64,WEAgent3,MALE_LOW_INCOME,273,232.97916493128332,0,0.0
64,WEAgent4,YOUNG_LOW_INCOME,287,300.06908952226746,364,207.4799999999983
64,WFAgent0,MALE_HIGH_INCOME,100,111.7511665198908,114,86.99542282398713
64,WFAgent1,FEMALE_YOUNG,168,153.05852261158967,268,152.75999999999897
64,WFAgent2,FEMALE_YOUNG_HIGH_INCOME,20,20.803890071447956,36,20.52000000000001
65,WEAgent1,FEMALE_OLD_LOW_INCOME,181,190.67474260592743,198,190.2473435146701
65,WEAgent2,FEMALE_LOW_INCOME,329,316.1180606885186,396,225.7199999999981
65,WEAgent0,FEMALE_YOUNG,168,151.6552896080378,0,0.0
65,WEAgent3,YOUNG_HIGH_INCOME,59,63.71664726948869,111,63.27000000000003
65,WEAgent4,OLD_HIGH_INCOME,92,86.50036203225,151,86.06999999999977
65,WFAgent0,YOUNG_LOW_INCOME,287,283.29127909301377,386,220.01999999999816
65,WFAgent1,FEMALE_OLD,211,210.9246203453206,337,192.0899999999985
65,WFAgent2,MALE_YOUNG_LOW_INCOME,138,116.66365916276452,0,0.0
66,WEAgent1,FEMALE_OLD,211,210.0107363183272,229,209.21263610848484
66,WEAgent2,FEMALE_YOUNG_LOW_INCOME,149,140.85719234379175,247,140.7899999999991
66,WEAgent0,MALE_OLD_HIGH_INCOME,61,66.42749613172852,0,0.0
66,WEAgent3,YOUNG_LOW_INCOME,287,308.8590209250586,331,188.66999999999854
66,WEAgent4,MALE_OLD,196,221.74476934436623,334,221.64106150894787
66,WFAgent0,OLD_HIGH_INCOME,92,80.63625155709144,43,24.510000000000012
66,WFAgent1,MALE_OLD,196,186.43340848572763,206,117.41999999999939
66,WFAgent2,FEMALE_OLD_LOW_INCOME,181,197.80017079568447,307,174.9899999999987
67,WEAgent1,MALE_OLD,196,236.8619683989166,331,236.3467425023816
67,WEAgent2,FEMALE_HIGH_INCOME,50,58.528033492445786,52,29.640000000000015
67,WEAgent0,FEMALE_YOUNG_LOW_INCOME,149,152.27699785065104,192,152.14731488360823
67,WEAgent3,FEMALE_YOUNG_LOW_INCOME,149,130.38278512612632,149,130.3827851261263
67,WEAgent4,MALE_OLD_HIGH_INCOME,61,60.50700258978181,0,0.0
67,WFAgent0,MALE_OLD,196,215.49056166249136,196,111.71999999999946
67,WFAgent1,FEMALE_YOUNG_HIGH_INCOME,20,19.86390918911082,0,0.0
67,WFAgent2,FEMALE_OLD,211,224.70040235924748,394,224.5799999999981
68,WEAgent1,MALE_LOW_INCOME,273,302.87438372080163,211,182.93605585614054
68,WEAgent2,FEMALE_HIGH_INCOME,50,49.07312742191273,0,0.0
68,WEAgent0,FEMALE_OLD_HIGH_INCOME,31,30.11750370945458,0,0.0
68,WEAgent3,MALE_OLD,196,197.91222193648048,0,0.0
68,WEAgent4,MALE_OLD,196,204.0699770511551,243,203.5319226176504
68,WFAgent0,FEMALE_YOUNG,168,185.84607873797182,326,185.81999999999857
68,WFAgent1,FEMALE_OLD,211,212.4738824380617,372,212.03999999999826
68,WFAgent2,OLD_HIGH_INCOME,92,86.40900571905011,113,64.41000000000003
69,WEAgent1,MALE_HIGH_INCOME,100,107.6434222158951,89,50.730000000000025
69,WEAgent2,MALE_YOUNG_LOW_INCOME,138,116.39482289877601,0,0.0
69,WEAgent0,FEMALE_OLD_HIGH_INCOME,31,31.945878733563962,56,31.920000000000016
69,WEAgent3,MALE_YOUNG_LOW_INCOME,138,137.68088506261273,0,0.0
69,WEAgent4,YOUNG_LOW_INCOME,287,353.85260391596466,387,326.41156856395946
69,WFAgent0,FEMALE_YOUNG_LOW_INCOME,149,147.2178338893107,0,0.0
69,WFAgent1,MALE_LOW_INCOME,273,246.43277146404535,82,46.74000000000002
69,WFAgent2,MALE_OLD_LOW_INCOME,135,148.4719992082657,260,148.19999999999902
70,WEAgent1,MALE_OLD_LOW_INCOME,135,130.56820822501177,0,0.0
70,WEAgent2,OLD_LOW_INCOME,315,336.4932586462726,249,186.1060074681694
70,WEAgent0,OLD_LOW_INCOME,315,298.48540472199744,447,297.8332893279593
70,WEAgent3,MALE_LOW_INCOME,273,270.16392344298947,0,0.0
70,WEAgent4,YOUNG_HIGH_INCOME,59,50.11826317053199,87,49.590000000000025
70,WFAgent0,FEMALE_LOW_INCOME,329,320.89108125338703,0,0.0
70,WFAgent1,YOUNG_LOW_INCOME,287,299.98794315476016,396,225.7199999999981
70,WFAgent2,FEMALE_OLD_HIGH_INCOME,31,21.869562061155516,38,21.66000000000001
71,WEAgent1,FEMALE_OLD_HIGH_INCOME,31,28.040960493223714,49,27.930000000000014
71,WEAgent2,YOUNG_HIGH_INCOME,59,61.43850505235582,81,61.09018082963579
71,WEAgent0,YOUNG_HIGH_INCOME,59,58.08251858190313,52,44.14573136214594
71,WEAgent3,MALE_OLD,196,212.93577960946385,373,212.60999999999825
71,WEAgent4,FEMALE_OLD_LOW_INCOME,181,177.40358128222024,180,176.42345099889323
71,WFAgent0,FEMALE_YOUNG_LOW_INCOME,149,143.62748548171828,251,143.06999999999908
71,WFAgent1,FEMALE_OLD_LOW_INCOME,181,209.82651634147652,245,209.37214816562087
71,WFAgent2,OLD_HIGH_INCOME,92,92.021628133049,46,26.220000000000013
72,WEAgent1,OLD_HIGH_INCOME,92,94.46988135099163,165,94.04999999999967
72,WEAgent2,YOUNG_LOW_INCOME,287,282.75784207041465,396,282.60499778274
72,WEAgent0,FEMALE_YOUNG,168,162.34681311740906,0,0.0
72,WEAgent3,FEMALE_LOW_INCOME,329,328.86009832650075,251,201.6158736304121
72,WEAgent4,FEMALE_HIGH_INCOME,50,49.34488185316605,21,20.30795274126642
72,WFAgent0,FEMALE_YOUNG_HIGH_INCOME,20,21.23495900754448,21,20.72485037832974
72,WFAgent1,MALE_YOUNG_HIGH_INCOME,39,37.51578620908186,65,37.05000000000002
72,WFAgent2,YOUNG_LOW_INCOME,287,237.58771880434165,101,57.57000000000003
73,WEAgent1,OLD_HIGH_INCOME,92,92.61071046704062,162,92.33999999999969
73,WEAgent2,FEMALE_YOUNG_HIGH_INCOME,20,21.62704488874182,0,0.0
73,WEAgent0,FEMALE_HIGH_INCOME,50,47.24284033245013,58,33.06000000000002
73,WEAgent3,FEMALE_YOUNG_HIGH_INCOME,20,20.186949246281166,0,0.0
73,WEAgent4,FEMALE_LOW_INCOME,329,333.52702990891913,390,222.29999999999814
73,WFAgent0,MALE_HIGH_INCOME,100,104.38915207401746,100,57.00000000000003
73,WFAgent1,YOUNG_LOW_INCOME,287,277.1917104066087,0,0.0
73,WFAgent2,MALE_OLD_LOW_INCOME,135,139.2728429604767,244,139.07999999999913
74,WEAgent1,MALE_OLD_HIGH_INCOME,61,56.512337427611826,0,0.0
74,WEAgent2,FEMALE_OLD_HIGH_INCOME,31,37.7262780024517,0,0.0
74,WEAgent0,OLD_HIGH_INCOME,92,81.32266328010905,91,72.90411347573144
74,WEAgent3,OLD_HIGH_INCOME,92,86.42940242098068,121,86.23680956963028
74,WEAgent4,FEMALE_YOUNG_LOW_INCOME,149,169.6398218181912,297,169.28999999999877
74,WFAgent0,FEMALE_YOUNG_HIGH_INCOME,20,16.189692324692665,28,15.960000000000008
74,WFAgent1,OLD_LOW_INCOME,315,339.0540951428324,495,282.1499999999974
74,WFAgent2,MALE_HIGH_INCOME,100,108.97079796816749,115,65.55000000000001
75,WEAgent1,MALE_YOUNG,177,188.05176067091065,176,186.98932134508675
75,WEAgent2,MALE_OLD,196,203.35497655601603,225,202.5865371041152
75,WEAgent0,MALE_YOUNG_LOW_INCOME,138,138.4520566728082,0,0.0
75,WEAgent3,MALE_YOUNG_LOW_INCOME,138,133.89482959794654,0,0.0
75,WEAgent4,FEMALE_YOUNG,168,158.33041300273808,0,0.0
75,WFAgent0,MALE_LOW_INCOME,273,296.6430050122166,195,111.14999999999947
75,WFAgent1,FEMALE_LOW_INCOME,329,348.70466552681853,473,269.60999999999757
75,WFAgent2,MALE_YOUNG,177,191.43187988477118,198,180.3241876379364
76,WEAgent1,FEMALE_YOUNG,168,160.97698851491032,282,160.73999999999887
76,WEAgent2,MALE_YOUNG,177,154.72139340821502,271,154.46999999999895
76,WEAgent0,OLD_HIGH_INCOME,92,83.645829569478,100,73.28130238407533
76,WEAgent3,MALE_OLD_LOW_INCOME,135,131.26111434474043,0,0.0
76,WEAgent4,OLD_LOW_INCOME,315,294.1426403483979,373,212.60999999999825
76,WFAgent0,FEMALE_OLD,211,233.6747450839039,409,233.129999999998
76,WFAgent1,MALE_OLD_LOW_INCOME,135,107.93969381201987,0,0.0
76,WFAgent2,MALE_OLD_HIGH_INCOME,61,56.637268969007806,62,56.370015579430756
77,WEAgent1,FEMALE_YOUNG_HIGH_INCOME,20,17.48317784685293,0,0.0
77,WEAgent2,MALE_LOW_INCOME,273,266.57324971612815,272,265.59679092596014
77,WEAgent0,FEMALE_HIGH_INCOME,50,46.06122829803032,0,0.0
77,WEAgent3,OLD_LOW_INCOME,315,313.406695785533,219,180.10839546297882
77,WEAgent4,FEMALE_YOUNG,168,145.87878297137905,167,145.01045688226412
77,WFAgent0,FEMALE_HIGH_INCOME,50,55.278589046879546,58,33.759909806425725
77,WFAgent1,MALE_YOUNG_LOW_INCOME,138,148.00192245714913,158,147.77714820399308
77,WFAgent2,FEMALE_YOUNG_LOW_INCOME,149,147.43674668558643,235,133.9499999999992
78,WEAgent1,MALE_YOUNG_LOW_INCOME,138,106.77312162878734,187,106.58999999999952
78,WEAgent2,FEMALE_OLD_HIGH_INCOME,31,33.72538144570214,0,0.0
78,WEAgent0,MALE_LOW_INCOME,273,325.4033286844829,346,197.21999999999844
78,WEAgent3,MALE_HIGH_INCOME,100,105.19501668766982,63,57.59775750945145
78,WEAgent4,FEMALE_OLD,211,220.0700106382053,221,219.90114141564266
78,WFAgent0,YOUNG_HIGH_INCOME,59,70.25639799510645,85,70.13775750945143
78,WFAgent1,FEMALE_OLD_LOW_INCOME,181,193.93361970313964,279,159.0299999999989
78,WFAgent2,FEMALE_LOW_INCOME,329,349.327620553648,376,214.31999999999823
79,WEAgent1,FEMALE_YOUNG_HIGH_INCOME,20,19.931300340503796,34,19.38000000000001
79,WEAgent2,MALE_YOUNG_HIGH_INCOME,39,35.85328527845779,62,35.34000000000002
79,WEAgent0,FEMALE_OLD_HIGH_INCOME,31,34.370751802081124,34,34.309010645668636
79,WEAgent3,FEMALE_LOW_INCOME,329,308.4765383524157,400,307.77324870052905
79,WEAgent4,FEMALE_OLD_HIGH_INCOME,31,32.13247906299147,30,31.095947480314347
79,WFAgent0,MALE_OLD_HIGH_INCOME,61,59.07884322879796,103,58.71000000000003
79,WFAgent1,FEMALE_LOW_INCOME,329,344.3023794640836,261,148.76999999999902
79,WFAgent2,OLD_LOW_INCOME,315,333.4772640451713,358,204.05999999999835
80,WEAgent1,MALE_YOUNG,177,182.60541372682312,320,182.3999999999986
80,WEAgent2,FEMALE_HIGH_INCOME,50,52.882134020819954,89,50.730000000000025
80,WEAgent0,FEMALE_OLD_LOW_INCOME,181,194.01423102281868,340,193.79999999999848
80,WEAgent3,FEMALE_YOUNG_HIGH_INCOME,20,16.862139583072974,0,0.0
80,WEAgent4,FEMALE_YOUNG,168,147.32138441430578,0,0.0
80,WFAgent0,FEMALE_YOUNG,168,178.5820516630011,203,178.01333950061928
80,WFAgent1,FEMALE_YOUNG,168,165.70114082242213,205,116.8499999999994
80,WFAgent2,MALE_HIGH_INCOME,100,99.06059006437594,171,97.46999999999963
81,WEAgent1,MALE_OLD,196,205.99529261734202,0,0.0
81,WEAgent2,MALE_HIGH_INCOME,100,98.10956601247793,0,0.0
81,WEAgent0,FEMALE_YOUNG,168,157.78561703613562,276,157.3199999999989
81,WEAgent3,MALE_YOUNG_LOW_INCOME,138,147.72025316675536,151,147.6237039094994
81,WEAgent4,MALE_YOUNG,177,181.90708890326596,201,181.12807008100313
81,WFAgent0,MALE_OLD,196,210.0403562895409,345,196.64999999999844
81,WFAgent1,OLD_LOW_INCOME,315,308.0221886666976,492,280.43999999999744
81,WFAgent2,MALE_YOUNG_HIGH_INCOME,39,32.77661088140882,46,26.220000000000013
82,WEAgent1,MALE_YOUNG_LOW_INCOME,138,143.1380926093238,144,142.7447107841648
82,WEAgent2,FEMALE_OLD,211,216.51990190028874,379,216.0299999999982
82,WEAgent0,MALE_LOW_INCOME,273,271.42444786067927,273,271.42444786067784
82,WEAgent3,FEMALE_YOUNG_HIGH_INCOME,20,20.982427961069785,36,20.52000000000001
82,WEAgent4,MALE_LOW_INCOME,273,284.89645851661896,238,195.90048203742174
82,WFAgent0,FEMALE_YOUNG,168,151.04835735019418,0,0.0
82,WFAgent1,FEMALE_LOW_INCOME,329,366.8734946879798,398,226.85999999999808
82,WFAgent2,MALE_YOUNG_HIGH_INCOME,39,44.36575360179654,77,43.89000000000002
83,WEAgent1,FEMALE_YOUNG,168,185.49998069867826,325,185.24999999999858
83,WEAgent2,FEMALE_YOUNG_HIGH_INCOME,20,18.629219962184642,0,0.0
83,WEAgent0,MALE_YOUNG,177,175.75374328923135,308,175.5599999999987
83,WEAgent3,MALE_OLD,196,146.7902250622843,257,146.48999999999904
83,WEAgent4,FEMALE_HIGH_INCOME,50,59.10450622342482,45,32.832777892324025
83,WFAgent0,YOUNG_HIGH_INCOME,59,57.73062550123878,31,17.67000000000001
83,WFAgent1,FEMALE_OLD_HIGH_INCOME,31,27.79118703009295,0,0.0
83,WFAgent2,FEMALE_HIGH_INCOME,50,55.1168594886221,61,54.6858841559894
84,WEAgent1,MALE_OLD_LOW_INCOME,135,140.2982329035119,246,140.21999999999912
84,WEAgent2,YOUNG_HIGH_INCOME,59,58.38807045254375,68,58.093267991880694
84,WEAgent0,FEMALE_LOW_INCOME,329,340.2978128719094,452,339.8281546453729
84,WEAgent3,FEMALE_OLD_HIGH_INCOME,31,32.01272731503404,56,31.920000000000016
84,WEAgent4,MALE_YOUNG_HIGH_INCOME,39,42.9221437633006,45,42.51519122695976
84,WFAgent0,MALE_YOUNG_HIGH_INCOME,39,38.27249897198611,20,11.400000000000006
84,WFAgent1,FEMALE_LOW_INCOME,329,355.5156816459443,338,284.5992916371962
84,WFAgent2,FEMALE_LOW_INCOME,329,332.66531483030553,0,0.0
85,WEAgent1,FEMALE_YOUNG,168,162.5593774515933,0,0.0
85,WEAgent2,MALE_LOW_INCOME,273,277.2955667138047,393,276.6066918396646
85,WEAgent0,FEMALE_OLD_LOW_INCOME,181,202.36522478931607,355,202.34999999999837
85,WEAgent3,OLD_LOW_INCOME,315,333.35250525076134,212,171.20801845662888
85,WEAgent4,MALE_OLD_HIGH_INCOME,61,70.88295767815073,124,70.67999999999995
85,WFAgent0,FEMALE_OLD,211,211.40414606148207,0,0.0
85,WFAgent1,FEMALE_LOW_INCOME,329,367.5255401388738,403,229.70999999999805
85,WFAgent2,FEMALE_YOUNG_HIGH_INCOME,20,17.763836056789845,31,17.67000000000001
86,WEAgent1,FEMALE_HIGH_INCOME,50,51.763064374838756,29,16.53000000000001
86,WEAgent2,OLD_HIGH_INCOME,92,87.52837793780353,153,87.20999999999975
86,WEAgent0,FEMALE_OLD_HIGH_INCOME,31,30.622019890873606,0,0.0
86,WEAgent3,FEMALE_OLD,211,233.98607339286733,410,233.699999999998
86,WEAgent4,FEMALE_YOUNG_LOW_INCOME,149,145.5649049514863,0,0.0
86,WFAgent0,FEMALE_YOUNG_HIGH_INCOME,20,21.34963002597577,20,20.417336429192268
86,WFAgent1,FEMALE_LOW_INCOME,329,427.2451991052906,448,255.35999999999774
86,WFAgent2,FEMALE_OLD,211,215.4028993279785,112,63.84000000000003
87,WEAgent1,FEMALE_LOW_INCOME,329,351.95295099347567,266,222.58674480569434
87,WEAgent2,FEMALE_YOUNG_LOW_INCOME,149,158.26559368968995,0,0.0
87,WEAgent0,MALE_YOUNG_HIGH_INCOME,39,32.80588005087982,57,32.490000000000016
87,WEAgent3,FEMALE_YOUNG_LOW_INCOME,149,133.10386084235444,0,0.0
87,WEAgent4,FEMALE_OLD_HIGH_INCOME,31,32.94757646946856,57,32.490000000000016
87,WFAgent0,FEMALE_YOUNG_LOW_INCOME,149,163.39291344613423,152,162.60440289060332
87,WFAgent1,OLD_LOW_INCOME,315,329.486665845368,578,329.45999999999685
87,WFAgent2,FEMALE_YOUNG,168,174.08554720285198,0,0.0
88,WEAgent1,MALE_OLD_LOW_INCOME,135,135.92619300640368,0,0.0
88,WEAgent2,MALE_YOUNG_LOW_INCOME,138,132.5960235009882,232,132.2399999999992
88,WEAgent0,OLD_LOW_INCOME,315,263.79342504463517,367,209.1899999999983
88,WEAgent3,FEMALE_OLD,211,212.37049178055113,123,89.40780361531148
88,WEAgent4,FEMALE_OLD_LOW_INCOME,181,175.9388011327365,45,43.74169088935436
88,WFAgent0,FEMALE_YOUNG_LOW_INCOME,149,168.56376634216184,295,168.14999999999878
88,WFAgent1,MALE_YOUNG,177,137.25519305156072,166,94.61999999999966
88,WFAgent2,FEMALE_LOW_INCOME,329,362.2791376999145,381,361.50148953951725
89,WEAgent1,FEMALE_HIGH_INCOME,50,52.601193911020474,0,0.0
89,WEAgent2,OLD_HIGH_INCOME,92,77.83152036486705,0,0.0
89,WEAgent0,YOUNG_HIGH_INCOME,59,65.40121178960567,114,64.98000000000002
89,WEAgent3,FEMALE_OLD_HIGH_INCOME,31,32.731597125774115,0,0.0
89,WEAgent4,MALE_YOUNG_LOW_INCOME,138,132.66052990959338,232,132.2399999999992
89,WFAgent0,OLD_LOW_INCOME,315,312.59339793282066,444,253.07999999999777
89,WFAgent1,OLD_HIGH_INCOME,92,102.1739746761293,160,91.1999999999997
89,WFAgent2,FEMALE_OLD,211,232.56113014457392,408,232.559999999998
90,WEAgent1,FEMALE_LOW_INCOME,329,361.0761867223565,367,209.1899999999983
90,WEAgent2,MALE_OLD_HIGH_INCOME,61,69.50988997768937,0,0.0
90,WEAgent0,YOUNG_HIGH_INCOME,59,57.443245259777456,0,0.0
90,WEAgent3,MALE_OLD,196,222.86477555628886,390,222.29999999999814
90,WEAgent4,FEMALE_HIGH_INCOME,50,44.8247477618894,54,30.780000000000015
90,WFAgent0,MALE_YOUNG,177,185.31673630174856,226,184.76675248120023
90,WFAgent1,MALE_YOUNG_LOW_INCOME,138,140.93958468356544,183,104.30999999999955
90,WFAgent2,YOUNG_LOW_INCOME,287,255.8699882879582,0,0.0
91,WEAgent1,OLD_HIGH_INCOME,92,73.01592610631839,0,0.0
91,WEAgent2,YOUNG_HIGH_INCOME,59,47.05576617135452,82,46.74000000000002
91,WEAgent0,FEMALE_OLD_HIGH_INCOME,31,35.541826265414585,0,0.0
91,WEAgent3,MALE_LOW_INCOME,273,281.5576033224281,368,209.75999999999829
91,WEAgent4,FEMALE_LOW_INCOME,329,331.00334544813546,373,212.60999999999825
91,WFAgent0,MALE_YOUNG_LOW_INCOME,138,160.39430975365985,281,160.16999999999888
91,WFAgent1,FEMALE_OLD,211,230.008723710779,403,229.70999999999805
91,WFAgent2,OLD_HIGH_INCOME,92,101.17517684599991,151,86.06999999999977
92,WEAgent1,MALE_OLD_LOW_INCOME,135,139.03912624890893,0,0.0
92,WEAgent2,FEMALE_HIGH_INCOME,50,56.002024318691014,51,29.070000000000014
92,WEAgent0,FEMALE_OLD_HIGH_INCOME,31,30.116161247893913,52,29.640000000000015
92,WEAgent3,FEMALE_LOW_INCOME,329,349.2330895763996,413,235.40999999999798
92,WEAgent4,MALE_YOUNG,177,181.8585148199998,319,181.82999999999862
92,WFAgent0,MALE_YOUNG_HIGH_INCOME,39,35.662163692466635,30,17.10000000000001
92,WFAgent1,OLD_LOW_INCOME,315,293.12051404074947,514,292.9799999999973
92,WFAgent2,OLD_LOW_INCOME,315,244.0709457788472,339,193.22999999999848
93,WEAgent1,MALE_YOUNG_HIGH_INCOME,39,37.70019503568095,0,0.0
93,WEAgent2,MALE_YOUNG_LOW_INCOME,138,119.7359135142753,104,90.23576090930914
93,WEAgent0,FEMALE_OLD,211,216.16598739731393,379,216.0299999999982
93,WEAgent3,MALE_LOW_INCOME,273,278.8029497404472,351,200.0699999999984
93,WEAgent4,FEMALE_YOUNG_LOW_INCOME,149,160.53251665049078,281,160.16999999999888
93,WFAgent0,MALE_YOUNG_LOW_INCOME,138,149.15811551943963,171,148.36841457203747
93,WFAgent1,MALE_YOUNG,177,157.54485396039638,208,146.5392454372601
93,WFAgent2,FEMALE_OLD_LOW_INCOME,181,166.59189479904808,167,95.18999999999966
94,WEAgent1,YOUNG_LOW_INCOME,287,350.44996816471183,247,191.80989094364023
94,WEAgent2,YOUNG_LOW_INCOME,287,267.4389978781906,287,267.43899787818964
94,WEAgent0,FEMALE_YOUNG_HIGH_INCOME,20,19.69340304752827,0,0.0
94,WEAgent3,MALE_YOUNG_LOW_INCOME,138,143.01811380370262,0,0.0
94,WEAgent4,FEMALE_OLD_LOW_INCOME,181,204.3515267620029,358,204.05999999999835
94,WFAgent0,MALE_YOUNG,177,154.8379192309077,0,0.0
94,WFAgent1,FEMALE_YOUNG_HIGH_INCOME,20,21.236407153091232,37,21.09000000000001
94,WFAgent2,FEMALE_YOUNG,168,190.40641179739455,238,189.9364797272769
95,WEAgent1,YOUNG_LOW_INCOME,287,302.8455904642918,373,291.8292551532496
95,WEAgent2,FEMALE_YOUNG_HIGH_INCOME,20,20.85451005042537,36,20.52000000000001
95,WEAgent0,MALE_OLD_HIGH_INCOME,61,64.254453895168,0,0.0
95,WEAgent3,OLD_HIGH_INCOME,92,84.93945950358012,94,53.58000000000003
95,WEAgent4,YOUNG_LOW_INCOME,287,224.54422581496823,0,0.0
95,WFAgent0,MALE_YOUNG_HIGH_INCOME,39,35.62058349624347,62,35.34000000000002
95,WFAgent1,OLD_HIGH_INCOME,92,104.14019511744,130,103.77341954674714
95,WFAgent2,YOUNG_LOW_INCOME,287,254.8548362868725,389,221.72999999999814
96,WEAgent1,FEMALE_YOUNG,168,178.0698325902862,0,0.0
96,WEAgent2,MALE_HIGH_INCOME,100,70.80641713168984,44,25.080000000000013
96,WEAgent0,YOUNG_LOW_INCOME,287,333.751286465068,239,179.56320881773038
96,WEAgent3,MALE_LOW_INCOME,273,250.2497280579252,362,250.01987448827163
96,WEAgent4,MALE_YOUNG,177,173.4831165013042,0,0.0
96,WFAgent0,FEMALE_LOW_INCOME,329,316.875498753202,502,286.13999999999737
96,WFAgent1,FEMALE_OLD_HIGH_INCOME,31,25.31026854901246,44,25.080000000000013
96,WFAgent2,MALE_YOUNG_HIGH_INCOME,39,43.39108539792232,61,43.19191445033081
97,WEAgent1,MALE_OLD_HIGH_INCOME,61,59.82539585807359,104,59.28000000000003
97,WEAgent2,MALE_LOW_INCOME,273,263.60506999755154,347,197.78999999999843
97,WEAgent0,FEMALE_OLD_HIGH_INCOME,31,35.48707941646306,62,35.34000000000002
97,WEAgent3,FEMALE_YOUNG,168,205.03880707916775,228,204.67884091138995
97,WEAgent4,FEMALE_YOUNG_LOW_INCOME,149,169.91555187631405,148,168.7751790449295
97,WFAgent0,MALE_YOUNG_HIGH_INCOME,39,25.062133430102335,43,24.510000000000012
97,WFAgent1,MALE_YOUNG_LOW_INCOME,138,139.70759986394398,245,139.64999999999912
97,WFAgent2,FEMALE_HIGH_INCOME,50,55.53276825550313,21,11.970000000000006
98,WEAgent1,MALE_LOW_INCOME,273,310.670223878129,236,182.3119588106133
98,WEAgent2,YOUNG_LOW_INCOME,287,262.98342158439254,388,262.71822505270643
98,WEAgent0,MALE_OLD_HIGH_INCOME,61,56.63838279296247,60,55.70988471438935
98,WEAgent3,YOUNG_HIGH_INCOME,59,72.92862498821975,90,72.49370842933861
98,WEAgent4,MALE_LOW_INCOME,273,302.4051256399073,330,302.3851188949464
98,WFAgent0,YOUNG_HIGH_INCOME,59,64.09291268075422,47,26.790000000000013
98,WFAgent1,MALE_YOUNG,177,162.38649822939252,73,41.61000000000002
98,WFAgent2,MALE_OLD_HIGH_INCOME,61,63.833380513558474,73,63.478382792962506
99,WEAgent1,MALE_YOUNG_HIGH_INCOME,39,45.05945434528204,79,45.03000000000002
99,WEAgent2,MALE_YOUNG_LOW_INCOME,138,142.77367993264951,250,142.4999999999991
99,WEAgent0,FEMALE_OLD_LOW_INCOME,181,173.35760853974622,304,173.27999999999872
99,WEAgent3,FEMALE_YOUNG_LOW_INCOME,149,151.66360315481654,266,151.61999999999898
99,WEAgent4,MALE_LOW_INCOME,273,275.3256431427868,314,274.8220998034427
99,WFAgent0,MALE_OLD_LOW_INCOME,135,118.15599832313616,0,0.0
99,WFAgent1,FEMALE_HIGH_INCOME,50,44.54096005481463,44,25.080000000000013
99,WFAgent2,OLD_LOW_INCOME,315,278.10066983391994,215,122.54999999999933

