0,WFAgent6,MALE_OLD_HIGH_INCOME,484,484.0,395,282.0
0,WFAgent7,MALE_YOUNG_HIGH_INCOME,103,103.0,0,0.0
0,WFAgent8,MALE_OLD,520,520.0,0,0.0
0,WFAgent9,MALE_YOUNG,941,941.0,622,622.0
0,WEAgent16,OLD_LOW_INCOME,2517,2517.0,3385,739.9999999999999
0,WEAgent17,MALE_YOUNG,1411,1411.0,871,871.0
0,WEAgent14,FEMALE_HIGH_INCOME,132,132.0,0,0.0
0,WEAgent15,YOUNG_LOW_INCOME,763,763.0,0,0.0
0,WEAgent12,MALE_YOUNG_HIGH_INCOME,206,206.0,0,0.0
0,WEAgent13,FEMALE_LOW_INCOME,876,876.0,0,0.0
0,WEAgent9,MALE_YOUNG,1411,1411.0,900,900.0
0,WEAgent10,FEMALE_OLD,1684,1684.0,0,0.0
0,WEAgent11,MALE_YOUNG_HIGH_INCOME,206,206.0,0,0.0
0,WEAgent7,FEMALE_OLD,561,561.0,0,0.0
0,WEAgent8,FEMALE_YOUNG_LOW_INCOME,792,792.0,0,0.0
0,WEAgent1,MALE_OLD,1041,1041.0,1041,1041.0
0,WEAgent2,MALE_HIGH_INCOME,265,265.0,0,0.0
0,WEAgent0,MALE_OLD_HIGH_INCOME,484,484.0,0,0.0
0,WEAgent5,OLD_HIGH_INCOME,729,729.0,0,0.0
0,WEAgent6,FEMALE_OLD_LOW_INCOME,480,480.0,0,0.0
0,WEAgent3,FEMALE_HIGH_INCOME,397,397.0,673,0.0
0,WEAgent4,FEMALE_YOUNG,894,894.0,0,0.0
0,WFAgent0,FEMALE_YOUNG_LOW_INCOME,792,792.0,0,0.0
0,WFAgent1,MALE_OLD,1041,1041.0,0,0.0
0,WFAgent2,FEMALE_OLD_HIGH_INCOME,162,162.0,0,0.0
0,WFAgent3,FEMALE_LOW_INCOME,2628,2628.0,0,0.0
0,WFAgent4,FEMALE_YOUNG_LOW_INCOME,792,792.0,0,0.0
0,WFAgent5,MALE_OLD_HIGH_INCOME,161,161.0,161,161.0
1,WFAgent6,MALE_HIGH_INCOME,795,795.0,0,0.0
1,WFAgent7,OLD_HIGH_INCOME,486,486.0,486,486.0
1,WFAgent8,FEMALE_LOW_INCOME,2628,2628.0,2731,1577.0
1,WFAgent9,FEMALE_HIGH_INCOME,132,132.0,96,96.0
1,WEAgent16,MALE_HIGH_INCOME,265,265.0,0,0.0
1,WEAgent17,MALE_HIGH_INCOME,530,530.0,474,312.0
1,WEAgent14,YOUNG_LOW_INCOME,763,763.0,629,629.0
1,WEAgent15,FEMALE_OLD,1123,1123.0,0,0.0
1,WEAgent12,OLD_HIGH_INCOME,729,729.0,0,0.0
1,WEAgent13,MALE_YOUNG_LOW_INCOME,734,734.0,0,0.0
1,WEAgent9,MALE_HIGH_INCOME,265,265.0,0,0.0
1,WEAgent10,FEMALE_OLD_HIGH_INCOME,81,81.0,0,0.0
1,WEAgent11,FEMALE_OLD_HIGH_INCOME,81,81.0,0,0.0
1,WEAgent7,FEMALE_HIGH_INCOME,397,397.0,0,0.0
1,WEAgent8,FEMALE_YOUNG,447,447.0,0,0.0
1,WEAgent1,YOUNG_LOW_INCOME,763,763.0,653,653.0
1,WEAgent2,FEMALE_YOUNG_HIGH_INCOME,102,102.0,77,77.0
1,WEAgent0,FEMALE_OLD,1684,1684.0,1407,1331.0
1,WEAgent5,FEMALE_OLD_LOW_INCOME,960,960.0,0,0.0
1,WEAgent6,FEMALE_YOUNG_LOW_INCOME,1188,1188.0,0,0.0
1,WEAgent3,YOUNG_LOW_INCOME,2289,2289.0,0,0.0
1,WEAgent4,MALE_YOUNG_LOW_INCOME,734,734.0,0,0.0
1,WFAgent0,MALE_OLD_LOW_INCOME,1077,1077.0,1770,0.0
1,WFAgent1,MALE_YOUNG_LOW_INCOME,734,734.0,648,648.0
1,WFAgent2,FEMALE_OLD_HIGH_INCOME,244,244.0,0,0.0
1,WFAgent3,FEMALE_YOUNG_HIGH_INCOME,153,153.0,93,93.0
1,WFAgent4,FEMALE_YOUNG_LOW_INCOME,396,396.0,396,396.0
1,WFAgent5,YOUNG_HIGH_INCOME,309,309.0,0,0.0
2,WFAgent6,FEMALE_OLD_HIGH_INCOME,244,244.0,0,0.0
2,WFAgent7,YOUNG_HIGH_INCOME,154,154.0,154,153.99999999999997
2,WFAgent8,OLD_HIGH_INCOME,486,486.0,1106,168.0
2,WFAgent9,FEMALE_OLD_LOW_INCOME,480,480.0,0,0.0
2,WEAgent16,MALE_YOUNG_HIGH_INCOME,206,206.0,0,0.0
2,WEAgent17,MALE_LOW_INCOME,2178,2178.0,2762,743.0
2,WEAgent14,YOUNG_HIGH_INCOME,309,309.0,0,0.0
2,WEAgent15,OLD_LOW_INCOME,1678,1678.0,1156,1156.0
2,WEAgent12,MALE_YOUNG_LOW_INCOME,1101,1101.0,0,0.0
2,WEAgent13,YOUNG_LOW_INCOME,763,763.0,0,0.0
2,WEAgent9,YOUNG_HIGH_INCOME,154,154.0,597,47.99999999999999
2,WEAgent10,MALE_OLD_LOW_INCOME,1077,1077.0,0,0.0
2,WEAgent11,FEMALE_YOUNG,894,894.0,0,0.0
2,WEAgent7,FEMALE_OLD_LOW_INCOME,960,960.0,0,0.0
2,WEAgent8,MALE_YOUNG_LOW_INCOME,1101,1101.0,0,0.0
2,WEAgent1,MALE_YOUNG,1411,1411.0,0,0.0
2,WEAgent2,FEMALE_OLD,561,561.0,0,0.0
2,WEAgent0,MALE_YOUNG,470,470.0,470,470.0
2,WEAgent5,MALE_OLD_LOW_INCOME,718,718.0,0,0.0
2,WEAgent6,MALE_YOUNG_LOW_INCOME,734,734.0,0,0.0
2,WEAgent3,FEMALE_LOW_INCOME,2628,2628.0,3235,1231.0
2,WEAgent4,MALE_OLD,1561,1561.0,0,0.0
2,WFAgent0,FEMALE_OLD_LOW_INCOME,960,960.0,0,0.0
2,WFAgent1,FEMALE_YOUNG_HIGH_INCOME,51,51.0,0,0.0
2,WFAgent2,MALE_LOW_INCOME,1452,1452.0,0,0.0
2,WFAgent3,MALE_OLD,520,520.0,520,520.0
2,WFAgent4,OLD_HIGH_INCOME,243,243.0,0,0.0
2,WFAgent5,FEMALE_OLD_HIGH_INCOME,162,162.0,0,0.0
3,WFAgent6,FEMALE_LOW_INCOME,1752,1752.0,0,0.0
3,WFAgent7,MALE_OLD_HIGH_INCOME,484,484.0,0,0.0
3,WFAgent8,MALE_OLD,1041,1041.0,0,0.0
3,WFAgent9,YOUNG_LOW_INCOME,763,763.0,1988,0.0
3,WEAgent16,FEMALE_YOUNG_HIGH_INCOME,102,102.0,0,0.0
3,WEAgent17,FEMALE_YOUNG_LOW_INCOME,396,396.0,0,0.0
3,WEAgent14,FEMALE_YOUNG_LOW_INCOME,792,792.0,0,0.0
3,WEAgent15,YOUNG_HIGH_INCOME,463,463.0,0,0.0
3,WEAgent12,MALE_OLD,1561,1561.0,0,0.0
3,WEAgent13,MALE_OLD_HIGH_INCOME,484,484.0,480,317.0
3,WEAgent9,MALE_OLD,1041,1041.0,0,0.0
3,WEAgent10,FEMALE_HIGH_INCOME,265,265.0,528,146.0
3,WEAgent11,FEMALE_HIGH_INCOME,132,132.0,132,132.0
3,WEAgent7,FEMALE_YOUNG_LOW_INCOME,396,396.0,0,0.0
3,WEAgent8,FEMALE_OLD_HIGH_INCOME,162,162.0,0,0.0
3,WEAgent1,YOUNG_HIGH_INCOME,154,154.0,0,0.0
3,WEAgent2,YOUNG_LOW_INCOME,1526,1526.0,0,0.0
3,WEAgent0,OLD_LOW_INCOME,1678,1678.0,0,0.0
3,WEAgent5,MALE_OLD_HIGH_INCOME,323,323.0,323,323.0
3,WEAgent6,MALE_YOUNG,470,470.0,490,0.0
3,WEAgent3,FEMALE_YOUNG,894,894.0,0,0.0
3,WEAgent4,MALE_LOW_INCOME,2178,2178.0,3596,0.0
3,WFAgent0,OLD_LOW_INCOME,2517,2517.0,0,0.0
3,WFAgent1,FEMALE_OLD,1123,1123.0,2463,0.0
3,WFAgent2,YOUNG_HIGH_INCOME,309,309.0,0,0.0
3,WFAgent3,FEMALE_OLD_HIGH_INCOME,244,244.0,0,0.0
3,WFAgent4,MALE_OLD_HIGH_INCOME,484,484.0,0,0.0
3,WFAgent5,FEMALE_LOW_INCOME,2628,2628.0,0,0.0
4,WFAgent6,MALE_YOUNG_HIGH_INCOME,310,310.0,0,0.0
4,WFAgent7,FEMALE_HIGH_INCOME,397,397.0,0,0.0
4,WFAgent8,YOUNG_HIGH_INCOME,309,309.0,0,0.0
4,WFAgent9,FEMALE_OLD_LOW_INCOME,1440,1440.0,789,789.0
4,WEAgent16,MALE_OLD_HIGH_INCOME,323,323.0,148,148.0
4,WEAgent17,FEMALE_LOW_INCOME,2628,2628.0,1909,1744.0
4,WEAgent14,YOUNG_HIGH_INCOME,463,463.0,0,0.0
4,WEAgent15,FEMALE_YOUNG_HIGH_INCOME,102,102.0,0,0.0
4,WEAgent12,FEMALE_LOW_INCOME,1752,1752.0,0,0.0
4,WEAgent13,OLD_HIGH_INCOME,243,243.0,559,172.0
4,WEAgent9,MALE_YOUNG_HIGH_INCOME,206,206.0,0,0.0
4,WEAgent10,FEMALE_LOW_INCOME,1752,1752.0,0,0.0
4,WEAgent11,MALE_YOUNG_HIGH_INCOME,310,310.0,0,0.0
4,WEAgent7,MALE_OLD_HIGH_INCOME,161,161.0,0,0.0
4,WEAgent8,FEMALE_OLD,1123,1123.0,0,0.0
4,WEAgent1,MALE_OLD_LOW_INCOME,1077,1077.0,0,0.0
4,WEAgent2,MALE_YOUNG_HIGH_INCOME,310,310.0,0,0.0
4,WEAgent0,MALE_LOW_INCOME,1452,1452.0,1452,1452.0
4,WEAgent5,MALE_OLD_HIGH_INCOME,323,323.0,199,199.0
4,WEAgent6,OLD_LOW_INCOME,1678,1678.0,0,0.0
4,WEAgent3,OLD_LOW_INCOME,2517,2517.0,1891,1591.0
4,WEAgent4,MALE_HIGH_INCOME,265,265.0,0,0.0
4,WFAgent0,FEMALE_LOW_INCOME,876,876.0,876,876.0
4,WFAgent1,MALE_OLD_HIGH_INCOME,161,161.0,161,161.0
4,WFAgent2,MALE_OLD_HIGH_INCOME,161,161.0,161,161.0
4,WFAgent3,FEMALE_YOUNG_LOW_INCOME,396,396.0,0,0.0
4,WFAgent4,FEMALE_OLD_LOW_INCOME,480,480.0,0,0.0
4,WFAgent5,MALE_YOUNG,941,941.0,1091,794.0
5,WFAgent6,FEMALE_HIGH_INCOME,397,397.0,0,0.0
5,WFAgent7,YOUNG_LOW_INCOME,1526,1526.0,0,0.0
5,WFAgent8,MALE_OLD,1041,1041.0,599,599.0
5,WFAgent9,MALE_LOW_INCOME,2178,2178.0,0,0.0
5,WEAgent16,MALE_LOW_INCOME,2178,2178.0,1593,1411.0
5,WEAgent17,MALE_LOW_INCOME,726,726.0,0,0.0
5,WEAgent14,MALE_YOUNG_LOW_INCOME,367,367.0,0,0.0
5,WEAgent15,MALE_HIGH_INCOME,795,795.0,751,244.0
5,WEAgent12,YOUNG_HIGH_INCOME,463,463.0,0,0.0
5,WEAgent13,FEMALE_YOUNG_LOW_INCOME,792,792.0,0,0.0
5,WEAgent9,FEMALE_YOUNG,894,894.0,0,0.0
5,WEAgent10,FEMALE_OLD_LOW_INCOME,480,480.0,0,0.0
5,WEAgent11,FEMALE_YOUNG,447,447.0,447,447.0
5,WEAgent7,MALE_YOUNG_HIGH_INCOME,310,310.0,0,0.0
5,WEAgent8,MALE_YOUNG_LOW_INCOME,1101,1101.0,0,0.0
5,WEAgent1,OLD_HIGH_INCOME,486,486.0,266,266.0
5,WEAgent2,FEMALE_OLD,1123,1123.0,1123,1123.0
5,WEAgent0,YOUNG_LOW_INCOME,1526,1526.0,1526,1526.0
5,WEAgent5,FEMALE_OLD,1684,1684.0,1789,1220.0
5,WEAgent6,MALE_OLD,1561,1561.0,0,0.0
5,WEAgent3,OLD_HIGH_INCOME,486,486.0,258,258.0
5,WEAgent4,FEMALE_OLD_LOW_INCOME,960,960.0,0,0.0
5,WFAgent0,FEMALE_YOUNG_HIGH_INCOME,153,153.0,178,64.0
5,WFAgent1,FEMALE_YOUNG,894,894.0,869,688.0
5,WFAgent2,MALE_OLD,1561,1561.0,0,0.0
5,WFAgent3,FEMALE_OLD_HIGH_INCOME,244,244.0,0,0.0
5,WFAgent4,MALE_OLD_LOW_INCOME,1077,1077.0,601,601.0
5,WFAgent5,YOUNG_LOW_INCOME,763,763.0,0,0.0
6,WFAgent6,OLD_LOW_INCOME,1678,1678.0,1773,0.0
6,WFAgent7,MALE_OLD_HIGH_INCOME,484,484.0,385,385.0
6,WFAgent8,FEMALE_OLD_LOW_INCOME,1440,1440.0,0,0.0
6,WFAgent9,MALE_YOUNG_LOW_INCOME,734,734.0,727,727.0
6,WEAgent16,MALE_OLD,520,520.0,0,0.0
6,WEAgent17,MALE_HIGH_INCOME,795,795.0,407,407.0
6,WEAgent14,OLD_HIGH_INCOME,486,486.0,0,0.0
6,WEAgent15,FEMALE_LOW_INCOME,2628,2628.0,1765,1765.0
6,WEAgent12,OLD_HIGH_INCOME,729,729.0,0,0.0
6,WEAgent13,FEMALE_OLD_LOW_INCOME,1440,1440.0,0,0.0
6,WEAgent9,FEMALE_LOW_INCOME,1752,1752.0,788,788.0
6,WEAgent10,MALE_YOUNG_LOW_INCOME,1101,1101.0,761,761.0
6,WEAgent11,FEMALE_OLD_HIGH_INCOME,81,81.0,81,81.0
6,WEAgent7,MALE_OLD,520,520.0,0,0.0
6,WEAgent8,MALE_OLD_LOW_INCOME,718,718.0,0,0.0
6,WEAgent1,YOUNG_HIGH_INCOME,309,309.0,0,0.0
6,WEAgent2,FEMALE_YOUNG_HIGH_INCOME,102,102.0,0,0.0
6,WEAgent0,FEMALE_YOUNG_HIGH_INCOME,153,153.0,0,0.0
6,WEAgent5,FEMALE_LOW_INCOME,2628,2628.0,1784,1784.0
6,WEAgent6,FEMALE_HIGH_INCOME,265,265.0,552,78.0
6,WEAgent3,YOUNG_HIGH_INCOME,309,309.0,0,0.0
6,WEAgent4,MALE_YOUNG_LOW_INCOME,734,734.0,0,0.0
6,WFAgent0,MALE_YOUNG,470,470.0,470,470.0
6,WFAgent1,FEMALE_YOUNG_HIGH_INCOME,51,51.0,0,0.0
6,WFAgent2,YOUNG_HIGH_INCOME,154,154.0,154,154.0
6,WFAgent3,FEMALE_OLD,1684,1684.0,0,0.0
6,WFAgent4,MALE_YOUNG_HIGH_INCOME,206,206.0,353,164.0
6,WFAgent5,MALE_YOUNG,941,941.0,0,0.0
7,WFAgent6,MALE_YOUNG,1411,1411.0,0,0.0
7,WFAgent7,MALE_OLD_HIGH_INCOME,484,484.0,174,174.0
7,WFAgent8,FEMALE_YOUNG_HIGH_INCOME,51,51.0,51,51.0
7,WFAgent9,YOUNG_HIGH_INCOME,154,154.0,120,120.0
7,WEAgent16,MALE_HIGH_INCOME,795,795.0,680,151.0
7,WEAgent17,MALE_YOUNG,1411,1411.0,0,0.0
7,WEAgent14,YOUNG_HIGH_INCOME,154,154.0,79,79.0
7,WEAgent15,FEMALE_YOUNG_LOW_INCOME,396,396.0,0,0.0
7,WEAgent12,FEMALE_YOUNG,447,447.0,0,0.0
7,WEAgent13,OLD_HIGH_INCOME,486,486.0,372,372.0
7,WEAgent9,OLD_LOW_INCOME,1678,1678.0,1856,0.0
7,WEAgent10,YOUNG_LOW_INCOME,2289,2289.0,1909,1909.0
7,WEAgent11,MALE_YOUNG_LOW_INCOME,367,367.0,0,0.0
7,WEAgent7,OLD_HIGH_INCOME,486,486.0,389,389.0
7,WEAgent8,MALE_OLD_HIGH_INCOME,484,484.0,0,0.0
7,WEAgent1,MALE_OLD,1041,1041.0,0,0.0
7,WEAgent2,MALE_YOUNG,470,470.0,0,0.0
7,WEAgent0,YOUNG_LOW_INCOME,1526,1526.0,938,938.0
7,WEAgent5,MALE_HIGH_INCOME,265,265.0,171,171.0
7,WEAgent6,FEMALE_HIGH_INCOME,132,132.0,0,0.0
7,WEAgent3,FEMALE_YOUNG_LOW_INCOME,396,396.0,0,0.0
7,WEAgent4,FEMALE_HIGH_INCOME,132,132.0,0,0.0
7,WFAgent0,MALE_YOUNG,1411,1411.0,922,922.0
7,WFAgent1,FEMALE_OLD_HIGH_INCOME,162,162.0,0,0.0
7,WFAgent2,YOUNG_LOW_INCOME,2289,2289.0,0,0.0
7,WFAgent3,FEMALE_OLD_HIGH_INCOME,162,162.0,0,0.0
7,WFAgent4,YOUNG_HIGH_INCOME,463,463.0,0,0.0
7,WFAgent5,FEMALE_YOUNG,1341,1341.0,0,0.0
8,WFAgent6,MALE_YOUNG,941,941.0,1326,408.0
8,WFAgent7,MALE_YOUNG,470,470.0,0,0.0
8,WFAgent8,YOUNG_HIGH_INCOME,463,463.0,0,0.0
8,WFAgent9,FEMALE_YOUNG_HIGH_INCOME,102,102.0,0,0.0
8,WEAgent16,MALE_YOUNG_HIGH_INCOME,310,310.0,0,0.0
8,WEAgent17,MALE_YOUNG_HIGH_INCOME,103,103.0,0,0.0
8,WEAgent14,YOUNG_HIGH_INCOME,463,463.0,0,0.0
8,WEAgent15,MALE_YOUNG_HIGH_INCOME,310,310.0,0,0.0
8,WEAgent12,YOUNG_LOW_INCOME,763,763.0,763,763.0
8,WEAgent13,FEMALE_OLD_HIGH_INCOME,244,244.0,0,0.0
8,WEAgent9,FEMALE_HIGH_INCOME,132,132.0,0,0.0
8,WEAgent10,MALE_OLD_HIGH_INCOME,484,484.0,0,0.0
8,WEAgent11,MALE_OLD,1041,1041.0,2640,0.0
8,WEAgent7,MALE_YOUNG_LOW_INCOME,734,734.0,0,0.0
8,WEAgent8,FEMALE_OLD_LOW_INCOME,960,960.0,0,0.0
8,WEAgent1,FEMALE_HIGH_INCOME,265,265.0,0,0.0
8,WEAgent2,FEMALE_YOUNG_HIGH_INCOME,102,102.0,0,0.0
8,WEAgent0,FEMALE_YOUNG,447,447.0,590,447.0
8,WEAgent5,MALE_HIGH_INCOME,265,265.0,0,0.0
8,WEAgent6,MALE_OLD_LOW_INCOME,718,718.0,0,0.0
8,WEAgent3,FEMALE_OLD,1684,1684.0,2780,0.0
8,WEAgent4,YOUNG_HIGH_INCOME,463,463.0,0,0.0
8,WFAgent0,MALE_LOW_INCOME,726,726.0,0,0.0
8,WFAgent1,FEMALE_YOUNG,447,447.0,1296,438.0
8,WFAgent2,FEMALE_OLD,1684,1684.0,0,0.0
8,WFAgent3,FEMALE_OLD,1123,1123.0,0,0.0
8,WFAgent4,MALE_YOUNG,1411,1411.0,0,0.0
8,WFAgent5,OLD_LOW_INCOME,1678,1678.0,0,0.0
9,WFAgent6,FEMALE_LOW_INCOME,1752,1752.0,0,0.0
9,WFAgent7,MALE_LOW_INCOME,1452,1452.0,957,957.0
9,WFAgent8,FEMALE_OLD,561,561.0,561,561.0
9,WFAgent9,OLD_LOW_INCOME,1678,1678.0,1678,1678.0
9,WEAgent16,FEMALE_OLD_HIGH_INCOME,162,162.0,0,0.0
9,WEAgent17,OLD_LOW_INCOME,1678,1678.0,891,891.0
9,WEAgent14,YOUNG_LOW_INCOME,2289,2289.0,0,0.0
9,WEAgent15,FEMALE_LOW_INCOME,2628,2628.0,2670,697.0
9,WEAgent12,FEMALE_YOUNG_LOW_INCOME,396,396.0,0,0.0
9,WEAgent13,MALE_LOW_INCOME,1452,1452.0,1080,1080.0
9,WEAgent9,YOUNG_LOW_INCOME,2289,2289.0,0,0.0
9,WEAgent10,YOUNG_LOW_INCOME,763,763.0,0,0.0
9,WEAgent11,MALE_YOUNG_HIGH_INCOME,103,103.0,103,103.0
9,WEAgent7,FEMALE_HIGH_INCOME,132,132.0,0,0.0
9,WEAgent8,FEMALE_OLD_LOW_INCOME,1440,1440.0,0,0.0
9,WEAgent1,YOUNG_HIGH_INCOME,309,309.0,480,194.0
9,WEAgent2,MALE_HIGH_INCOME,265,265.0,207,207.0
9,WEAgent0,FEMALE_HIGH_INCOME,265,265.0,0,0.0
9,WEAgent5,MALE_OLD,1561,1561.0,0,0.0
9,WEAgent6,MALE_OLD_LOW_INCOME,359,359.0,0,0.0
9,WEAgent3,FEMALE_YOUNG_LOW_INCOME,396,396.0,0,0.0
9,WEAgent4,OLD_LOW_INCOME,839,839.0,0,0.0
9,WFAgent0,MALE_OLD_LOW_INCOME,1077,1077.0,0,0.0
9,WFAgent1,FEMALE_YOUNG_LOW_INCOME,396,396.0,0,0.0
9,WFAgent2,OLD_HIGH_INCOME,729,729.0,1014,134.0
9,WFAgent3,MALE_LOW_INCOME,1452,1452.0,0,0.0
9,WFAgent4,MALE_OLD_LOW_INCOME,359,359.0,359,359.0
9,WFAgent5,FEMALE_YOUNG_LOW_INCOME,1188,1188.0,0,0.0
10,WFAgent6,FEMALE_YOUNG,1341,1341.0,0,0.0
10,WFAgent7,FEMALE_YOUNG,1341,1341.0,0,0.0
10,WFAgent8,MALE_LOW_INCOME,726,726.0,726,726.0
10,WFAgent9,FEMALE_OLD,1123,1123.0,0,0.0
10,WEAgent16,FEMALE_OLD,1123,1123.0,2252,557.0
10,WEAgent17,MALE_HIGH_INCOME,530,530.0,426,426.0
10,WEAgent14,YOUNG_LOW_INCOME,763,763.0,0,0.0
10,WEAgent15,FEMALE_YOUNG_HIGH_INCOME,153,153.0,0,0.0
10,WEAgent12,YOUNG_LOW_INCOME,763,763.0,0,0.0
10,WEAgent13,YOUNG_HIGH_INCOME,463,463.0,0,0.0
10,WEAgent9,FEMALE_YOUNG_LOW_INCOME,792,792.0,0,0.0
10,WEAgent10,MALE_YOUNG,470,470.0,0,0.0
10,WEAgent11,MALE_YOUNG_HIGH_INCOME,103,103.0,0,0.0
10,WEAgent7,YOUNG_LOW_INCOME,1526,1526.0,994,828.0
10,WEAgent8,MALE_HIGH_INCOME,795,795.0,935,410.0
10,WEAgent1,FEMALE_OLD_HIGH_INCOME,244,244.0,0,0.0
10,WEAgent2,MALE_OLD_HIGH_INCOME,161,161.0,0,0.0
10,WEAgent0,FEMALE_OLD,561,561.0,561,561.0
10,WEAgent5,MALE_LOW_INCOME,1452,1452.0,1692,1452.0
10,WEAgent6,MALE_OLD_LOW_INCOME,718,718.0,0,0.0
10,WEAgent3,FEMALE_YOUNG,894,894.0,894,894.0
10,WEAgent4,MALE_OLD_HIGH_INCOME,323,323.0,0,0.0
10,WFAgent0,FEMALE_YOUNG_LOW_INCOME,1188,1188.0,1079,877.0
10,WFAgent1,FEMALE_YOUNG_LOW_INCOME,396,396.0,0,0.0
10,WFAgent2,OLD_HIGH_INCOME,729,729.0,0,0.0
10,WFAgent3,FEMALE_OLD_HIGH_INCOME,81,81.0,0,0.0
10,WFAgent4,FEMALE_HIGH_INCOME,265,265.0,0,0.0
10,WFAgent5,FEMALE_YOUNG,894,894.0,0,0.0
11,WFAgent6,YOUNG_LOW_INCOME,763,763.0,1441,522.0
11,WFAgent7,YOUNG_HIGH_INCOME,309,309.0,0,0.0
11,WFAgent8,FEMALE_OLD_HIGH_INCOME,162,162.0,0,0.0
11,WFAgent9,YOUNG_HIGH_INCOME,463,463.0,0,0.0
11,WEAgent16,YOUNG_HIGH_INCOME,463,463.0,0,0.0
11,WEAgent17,OLD_LOW_INCOME,2517,2517.0,2819,976.0
11,WEAgent14,FEMALE_OLD_LOW_INCOME,480,480.0,0,0.0
11,WEAgent15,FEMALE_YOUNG_HIGH_INCOME,102,102.0,63,63.0
11,WEAgent12,FEMALE_OLD_HIGH_INCOME,81,81.0,0,0.0
11,WEAgent13,FEMALE_OLD,1123,1123.0,0,0.0
11,WEAgent9,MALE_YOUNG_LOW_INCOME,734,734.0,0,0.0
11,WEAgent10,FEMALE_YOUNG_HIGH_INCOME,102,102.0,57,57.0
11,WEAgent11,FEMALE_OLD,561,561.0,0,0.0
11,WEAgent7,FEMALE_OLD_LOW_INCOME,1440,1440.0,1044,1044.0
11,WEAgent8,YOUNG_HIGH_INCOME,154,154.0,62,62.0
11,WEAgent1,MALE_YOUNG_LOW_INCOME,367,367.0,0,0.0
11,WEAgent2,FEMALE_OLD_HIGH_INCOME,162,162.0,336,110.0
11,WEAgent0,FEMALE_LOW_INCOME,876,876.0,876,876.0
11,WEAgent5,OLD_HIGH_INCOME,243,243.0,243,243.0
11,WEAgent6,MALE_OLD,1041,1041.0,0,0.0
11,WEAgent3,YOUNG_HIGH_INCOME,154,154.0,72,72.0
11,WEAgent4,YOUNG_LOW_INCOME,763,763.0,1785,0.0
11,WFAgent0,MALE_YOUNG,1411,1411.0,0,0.0
11,WFAgent1,OLD_HIGH_INCOME,243,243.0,0,0.0
11,WFAgent2,MALE_OLD_HIGH_INCOME,323,323.0,0,0.0
11,WFAgent3,MALE_HIGH_INCOME,265,265.0,489,265.0
11,WFAgent4,MALE_HIGH_INCOME,795,795.0,713,270.0
11,WFAgent5,MALE_YOUNG_HIGH_INCOME,310,310.0,0,0.0
12,WFAgent6,OLD_LOW_INCOME,1678,1678.0,0,0.0
12,WFAgent7,YOUNG_HIGH_INCOME,463,463.0,0,0.0
12,WFAgent8,MALE_YOUNG_LOW_INCOME,367,367.0,0,0.0
12,WFAgent9,MALE_HIGH_INCOME,795,795.0,0,0.0
12,WEAgent16,MALE_YOUNG,470,470.0,470,469.99999999999994
12,WEAgent17,MALE_YOUNG_LOW_INCOME,734,734.0,728,727.9999999999999
12,WEAgent14,YOUNG_HIGH_INCOME,154,154.0,0,0.0
12,WEAgent15,YOUNG_HIGH_INCOME,154,154.0,0,0.0
12,WEAgent12,MALE_OLD_HIGH_INCOME,323,323.0,0,0.0
12,WEAgent13,FEMALE_YOUNG,1341,1341.0,788,788.0
12,WEAgent9,YOUNG_HIGH_INCOME,309,309.0,0,0.0
12,WEAgent10,FEMALE_OLD,1123,1123.0,0,0.0
12,WEAgent11,MALE_YOUNG,941,941.0,1158,624.9999999999999
12,WEAgent7,MALE_YOUNG_HIGH_INCOME,206,206.0,0,0.0
12,WEAgent8,FEMALE_YOUNG,1341,1341.0,772,772.0
12,WEAgent1,MALE_OLD_LOW_INCOME,1077,1077.0,0,0.0
12,WEAgent2,FEMALE_YOUNG_HIGH_INCOME,153,153.0,0,0.0
12,WEAgent0,MALE_OLD,1561,1561.0,0,0.0
12,WEAgent5,OLD_HIGH_INCOME,729,729.0,0,0.0
12,WEAgent6,FEMALE_YOUNG,894,894.0,659,659.0
12,WEAgent3,FEMALE_YOUNG_LOW_INCOME,792,792.0,0,0.0
12,WEAgent4,FEMALE_HIGH_INCOME,397,397.0,0,0.0
12,WFAgent0,OLD_LOW_INCOME,2517,2517.0,3499,737.0
12,WFAgent1,FEMALE_OLD,1684,1684.0,0,0.0
12,WFAgent2,OLD_HIGH_INCOME,729,729.0,0,0.0
12,WFAgent3,MALE_OLD,1561,1561.0,0,0.0
12,WFAgent4,FEMALE_HIGH_INCOME,132,132.0,0,0.0
12,WFAgent5,MALE_OLD_LOW_INCOME,718,718.0,718,718.0
13,WFAgent6,FEMALE_HIGH_INCOME,397,397.0,0,0.0
13,WFAgent7,MALE_OLD_LOW_INCOME,359,359.0,0,0.0
13,WFAgent8,OLD_LOW_INCOME,839,839.0,1567,837.0
13,WFAgent9,MALE_LOW_INCOME,1452,1452.0,0,0.0
13,WEAgent16,FEMALE_YOUNG_HIGH_INCOME,51,51.0,0,0.0
13,WEAgent17,OLD_HIGH_INCOME,243,243.0,243,243.0
13,WEAgent14,FEMALE_OLD_HIGH_INCOME,244,244.0,0,0.0
13,WEAgent15,FEMALE_OLD,1684,1684.0,748,748.0
13,WEAgent12,FEMALE_OLD_LOW_INCOME,480,480.0,0,0.0
13,WEAgent13,FEMALE_YOUNG_HIGH_INCOME,153,153.0,0,0.0
13,WEAgent9,YOUNG_LOW_INCOME,763,763.0,0,0.0
13,WEAgent10,MALE_YOUNG_HIGH_INCOME,103,103.0,0,0.0
13,WEAgent11,FEMALE_YOUNG_HIGH_INCOME,153,153.0,0,0.0
13,WEAgent7,MALE_YOUNG_HIGH_INCOME,103,103.0,0,0.0
13,WEAgent8,YOUNG_LOW_INCOME,763,763.0,0,0.0
13,WEAgent1,FEMALE_OLD,1684,1684.0,730,730.0
13,WEAgent2,FEMALE_LOW_INCOME,876,876.0,876,876.0
13,WEAgent0,FEMALE_YOUNG,447,447.0,0,0.0
13,WEAgent5,FEMALE_YOUNG,1341,1341.0,1631,578.0
13,WEAgent6,MALE_OLD,1561,1561.0,0,0.0
13,WEAgent3,MALE_OLD,1561,1561.0,0,0.0
13,WEAgent4,YOUNG_HIGH_INCOME,463,463.0,0,0.0
13,WFAgent0,MALE_OLD_LOW_INCOME,359,359.0,359,359.0
13,WFAgent1,FEMALE_OLD_LOW_INCOME,960,960.0,551,551.0
13,WFAgent2,MALE_OLD,520,520.0,520,520.0
13,WFAgent3,MALE_HIGH_INCOME,530,530.0,938,266.0
13,WFAgent4,MALE_LOW_INCOME,2178,2178.0,0,0.0
13,WFAgent5,FEMALE_YOUNG_LOW_INCOME,1188,1188.0,0,0.0
14,WFAgent6,MALE_OLD_HIGH_INCOME,161,161.0,161,161.0
14,WFAgent7,FEMALE_OLD,1123,1123.0,0,0.0
14,WFAgent8,YOUNG_HIGH_INCOME,309,309.0,309,309.0
14,WFAgent9,MALE_YOUNG_HIGH_INCOME,310,310.0,310,310.0
14,WEAgent16,FEMALE_OLD_LOW_INCOME,1440,1440.0,0,0.0
14,WEAgent17,FEMALE_HIGH_INCOME,397,397.0,0,0.0
14,WEAgent14,MALE_HIGH_INCOME,530,530.0,8,0.0
14,WEAgent15,MALE_YOUNG,941,941.0,0,0.0
14,WEAgent12,FEMALE_YOUNG_LOW_INCOME,792,792.0,0,0.0
14,WEAgent13,OLD_HIGH_INCOME,729,729.0,0,0.0
14,WEAgent9,FEMALE_YOUNG_HIGH_INCOME,102,102.0,0,0.0
14,WEAgent10,FEMALE_HIGH_INCOME,397,397.0,0,0.0
14,WEAgent11,FEMALE_LOW_INCOME,876,876.0,876,876.0
14,WEAgent7,FEMALE_HIGH_INCOME,397,397.0,0,0.0
14,WEAgent8,MALE_OLD,520,520.0,0,0.0
14,WEAgent1,OLD_HIGH_INCOME,486,486.0,0,0.0
14,WEAgent2,FEMALE_YOUNG_HIGH_INCOME,102,102.0,0,0.0
14,WEAgent0,FEMALE_YOUNG,894,894.0,779,728.0
14,WEAgent5,MALE_LOW_INCOME,2178,2178.0,2718,868.0
14,WEAgent6,MALE_YOUNG,1411,1411.0,0,0.0
14,WEAgent3,MALE_HIGH_INCOME,265,265.0,0,0.0
14,WEAgent4,FEMALE_HIGH_INCOME,397,397.0,0,0.0
14,WFAgent0,OLD_HIGH_INCOME,729,729.0,679,679.0
14,WFAgent1,YOUNG_LOW_INCOME,1526,1526.0,681,681.0
14,WFAgent2,FEMALE_OLD,1684,1684.0,2169,625.0
14,WFAgent3,MALE_YOUNG,1411,1411.0,0,0.0
14,WFAgent4,OLD_LOW_INCOME,1678,1678.0,914,914.0
14,WFAgent5,FEMALE_YOUNG_LOW_INCOME,396,396.0,396,396.0
15,WFAgent6,FEMALE_OLD_HIGH_INCOME,81,81.0,0,0.0
15,WFAgent7,FEMALE_HIGH_INCOME,132,132.0,132,132.0
15,WFAgent8,FEMALE_OLD_LOW_INCOME,1440,1440.0,0,0.0
15,WFAgent9,MALE_YOUNG_HIGH_INCOME,206,206.0,0,0.0
15,WEAgent16,MALE_YOUNG_LOW_INCOME,1101,1101.0,0,0.0
15,WEAgent17,MALE_YOUNG_HIGH_INCOME,206,206.0,0,0.0
15,WEAgent14,FEMALE_OLD_HIGH_INCOME,81,81.0,0,0.0
15,WEAgent15,FEMALE_OLD_HIGH_INCOME,81,81.0,0,0.0
15,WEAgent12,MALE_HIGH_INCOME,530,530.0,846,323.0
15,WEAgent13,FEMALE_HIGH_INCOME,132,132.0,0,0.0
15,WEAgent9,MALE_YOUNG_HIGH_INCOME,206,206.0,0,0.0
15,WEAgent10,FEMALE_HIGH_INCOME,132,132.0,0,0.0
15,WEAgent11,MALE_YOUNG_HIGH_INCOME,310,310.0,0,0.0
15,WEAgent7,FEMALE_OLD_LOW_INCOME,1440,1440.0,0,0.0
15,WEAgent8,MALE_OLD_HIGH_INCOME,323,323.0,323,323.0
15,WEAgent1,MALE_LOW_INCOME,2178,2178.0,2652,849.0
15,WEAgent2,MALE_YOUNG_HIGH_INCOME,310,310.0,0,0.0
15,WEAgent0,OLD_LOW_INCOME,1678,1678.0,0,0.0
15,WEAgent5,FEMALE_OLD_HIGH_INCOME,244,244.0,0,0.0
15,WEAgent6,MALE_OLD_LOW_INCOME,1077,1077.0,0,0.0
15,WEAgent3,FEMALE_YOUNG,447,447.0,2101,103.0
15,WEAgent4,MALE_OLD_LOW_INCOME,359,359.0,0,0.0
15,WFAgent0,YOUNG_HIGH_INCOME,154,154.0,0,0.0
15,WFAgent1,MALE_OLD_HIGH_INCOME,161,161.0,161,161.0
15,WFAgent2,FEMALE_HIGH_INCOME,265,265.0,433,207.0
15,WFAgent3,MALE_OLD_LOW_INCOME,1077,1077.0,0,0.0
15,WFAgent4,MALE_LOW_INCOME,1452,1452.0,933,933.0
15,WFAgent5,FEMALE_OLD,1684,1684.0,0,0.0
16,WFAgent6,MALE_OLD,1041,1041.0,0,0.0
16,WFAgent7,MALE_HIGH_INCOME,530,530.0,713,192.0
16,WFAgent8,MALE_OLD_HIGH_INCOME,161,161.0,161,161.0
16,WFAgent9,MALE_YOUNG,1411,1411.0,0,0.0
16,WEAgent16,FEMALE_YOUNG,447,447.0,0,0.0
16,WEAgent17,FEMALE_YOUNG_HIGH_INCOME,153,153.0,244,0.0
16,WEAgent14,FEMALE_HIGH_INCOME,265,265.0,0,0.0
16,WEAgent15,OLD_LOW_INCOME,1678,1678.0,1817,0.0
16,WEAgent12,FEMALE_LOW_INCOME,876,876.0,544,544.0
16,WEAgent13,FEMALE_YOUNG_LOW_INCOME,396,396.0,0,0.0
16,WEAgent9,MALE_YOUNG_HIGH_INCOME,103,103.0,0,0.0
16,WEAgent10,FEMALE_OLD_LOW_INCOME,480,480.0,480,480.0
16,WEAgent11,FEMALE_OLD,561,561.0,561,561.0
16,WEAgent7,MALE_YOUNG_LOW_INCOME,1101,1101.0,0,0.0
16,WEAgent8,FEMALE_LOW_INCOME,1752,1752.0,940,940.0000000000001
16,WEAgent1,FEMALE_YOUNG,894,894.0,0,0.0
16,WEAgent2,FEMALE_HIGH_INCOME,397,397.0,0,0.0
16,WEAgent0,MALE_OLD_HIGH_INCOME,161,161.0,161,161.0
16,WEAgent5,FEMALE_LOW_INCOME,876,876.0,527,527.0
16,WEAgent6,OLD_HIGH_INCOME,243,243.0,186,186.0
16,WEAgent3,MALE_YOUNG_LOW_INCOME,367,367.0,367,367.0
16,WEAgent4,YOUNG_LOW_INCOME,1526,1526.0,2404,1347.0
16,WFAgent0,FEMALE_OLD_LOW_INCOME,480,480.0,480,480.0
16,WFAgent1,OLD_HIGH_INCOME,243,243.0,243,243.0
16,WFAgent2,MALE_YOUNG_HIGH_INCOME,103,103.0,0,0.0
16,WFAgent3,FEMALE_OLD_HIGH_INCOME,162,162.0,172,132.0
16,WFAgent4,MALE_LOW_INCOME,1452,1452.0,0,0.0
16,WFAgent5,FEMALE_HIGH_INCOME,265,265.0,0,0.0
17,WFAgent6,OLD_LOW_INCOME,2517,2517.0,1683,1683.0
17,WFAgent7,MALE_LOW_INCOME,726,726.0,588,588.0
17,WFAgent8,FEMALE_OLD_LOW_INCOME,960,960.0,0,0.0
17,WFAgent9,MALE_OLD,520,520.0,520,519.9999999999999
17,WEAgent16,MALE_OLD_LOW_INCOME,359,359.0,0,0.0
17,WEAgent17,MALE_LOW_INCOME,1452,1452.0,0,0.0
17,WEAgent14,YOUNG_LOW_INCOME,1526,1526.0,978,978.0
17,WEAgent15,FEMALE_OLD,1684,1684.0,1262,838.0
17,WEAgent12,MALE_OLD,520,520.0,0,0.0
17,WEAgent13,MALE_YOUNG,941,941.0,0,0.0
17,WEAgent9,YOUNG_HIGH_INCOME,463,463.0,0,0.0
17,WEAgent10,MALE_OLD_HIGH_INCOME,484,484.0,0,0.0
17,WEAgent11,MALE_OLD_HIGH_INCOME,323,323.0,0,0.0
17,WEAgent7,OLD_HIGH_INCOME,729,729.0,271,0.0
17,WEAgent8,FEMALE_YOUNG_LOW_INCOME,396,396.0,0,0.0
17,WEAgent1,MALE_OLD_LOW_INCOME,359,359.0,0,0.0
17,WEAgent2,FEMALE_YOUNG,1341,1341.0,0,0.0
17,WEAgent0,OLD_LOW_INCOME,2517,2517.0,1762,1762.0
17,WEAgent5,FEMALE_HIGH_INCOME,132,132.0,244,0.0
17,WEAgent6,FEMALE_OLD_HIGH_INCOME,81,81.0,0,0.0
17,WEAgent3,MALE_YOUNG_LOW_INCOME,1101,1101.0,0,0.0
17,WEAgent4,YOUNG_LOW_INCOME,2289,2289.0,1553,1553.0
17,WFAgent0,MALE_YOUNG,941,941.0,0,0.0
17,WFAgent1,YOUNG_LOW_INCOME,763,763.0,0,0.0
17,WFAgent2,FEMALE_YOUNG_LOW_INCOME,1188,1188.0,0,0.0
17,WFAgent3,MALE_OLD_LOW_INCOME,718,718.0,0,0.0
17,WFAgent4,MALE_HIGH_INCOME,530,530.0,510,0.0
17,WFAgent5,MALE_YOUNG_LOW_INCOME,1101,1101.0,629,629.0
18,WFAgent6,FEMALE_HIGH_INCOME,397,397.0,0,0.0
18,WFAgent7,OLD_HIGH_INCOME,243,243.0,243,243.0
18,WFAgent8,MALE_HIGH_INCOME,795,795.0,800,522.0
18,WFAgent9,MALE_LOW_INCOME,1452,1452.0,0,0.0
18,WEAgent16,FEMALE_YOUNG_HIGH_INCOME,102,102.0,0,0.0
18,WEAgent17,FEMALE_OLD_HIGH_INCOME,162,162.0,0,0.0
18,WEAgent14,FEMALE_OLD_LOW_INCOME,480,480.0,0,0.0
18,WEAgent15,MALE_OLD_HIGH_INCOME,323,323.0,0,0.0
18,WEAgent12,YOUNG_HIGH_INCOME,463,463.0,0,0.0
18,WEAgent13,FEMALE_OLD_LOW_INCOME,960,960.0,0,0.0
18,WEAgent9,MALE_OLD_LOW_INCOME,1077,1077.0,0,0.0
18,WEAgent10,MALE_YOUNG_LOW_INCOME,367,367.0,0,0.0
18,WEAgent11,OLD_LOW_INCOME,2517,2517.0,1697,1697.0
18,WEAgent7,FEMALE_OLD,1123,1123.0,0,0.0
18,WEAgent8,MALE_OLD_HIGH_INCOME,161,161.0,0,0.0
18,WEAgent1,FEMALE_LOW_INCOME,2628,2628.0,2730,762.0
18,WEAgent2,MALE_OLD_LOW_INCOME,1077,1077.0,0,0.0
18,WEAgent0,MALE_YOUNG_HIGH_INCOME,310,310.0,0,0.0
18,WEAgent5,MALE_OLD,1561,1561.0,0,0.0
18,WEAgent6,MALE_LOW_INCOME,1452,1452.0,0,0.0
18,WEAgent3,MALE_YOUNG,941,941.0,2076,274.0
18,WEAgent4,OLD_LOW_INCOME,2517,2517.0,1779,1779.0
18,WFAgent0,MALE_YOUNG_LOW_INCOME,367,367.0,0,0.0
18,WFAgent1,YOUNG_LOW_INCOME,2289,2289.0,0,0.0
18,WFAgent2,FEMALE_OLD_LOW_INCOME,480,480.0,0,0.0
18,WFAgent3,OLD_HIGH_INCOME,729,729.0,0,0.0
18,WFAgent4,FEMALE_LOW_INCOME,876,876.0,0,0.0
18,WFAgent5,MALE_LOW_INCOME,2178,2178.0,0,0.0
19,WFAgent6,OLD_LOW_INCOME,2517,2517.0,1207,1207.0
19,WFAgent7,MALE_YOUNG_HIGH_INCOME,206,206.0,0,0.0
19,WFAgent8,MALE_YOUNG_LOW_INCOME,1101,1101.0,0,0.0
19,WFAgent9,FEMALE_LOW_INCOME,1752,1752.0,526,526.0
19,WEAgent16,MALE_YOUNG_LOW_INCOME,367,367.0,0,0.0
19,WEAgent17,MALE_HIGH_INCOME,530,530.0,1343,0.0
19,WEAgent14,FEMALE_YOUNG,447,447.0,0,0.0
19,WEAgent15,YOUNG_LOW_INCOME,2289,2289.0,1129,1129.0
19,WEAgent12,FEMALE_OLD_LOW_INCOME,1440,1440.0,620,620.0
19,WEAgent13,FEMALE_YOUNG_HIGH_INCOME,51,51.0,51,51.0
19,WEAgent9,MALE_LOW_INCOME,1452,1452.0,0,0.0
19,WEAgent10,YOUNG_LOW_INCOME,1526,1526.0,0,0.0
19,WEAgent11,MALE_OLD_LOW_INCOME,718,718.0,0,0.0
19,WEAgent7,FEMALE_LOW_INCOME,876,876.0,0,0.0
19,WEAgent8,MALE_LOW_INCOME,726,726.0,0,0.0
19,WEAgent1,YOUNG_HIGH_INCOME,154,154.0,114,114.0
19,WEAgent2,OLD_LOW_INCOME,2517,2517.0,1184,1184.0
19,WEAgent0,YOUNG_HIGH_INCOME,154,154.0,97,97.0
19,WEAgent5,YOUNG_LOW_INCOME,2289,2289.0,1067,1067.0
19,WEAgent6,FEMALE_YOUNG_LOW_INCOME,1188,1188.0,0,0.0
19,WEAgent3,YOUNG_LOW_INCOME,1526,1526.0,0,0.0
19,WEAgent4,FEMALE_LOW_INCOME,1752,1752.0,1086,1086.0
19,WFAgent0,YOUNG_HIGH_INCOME,309,309.0,0,0.0
19,WFAgent1,MALE_LOW_INCOME,2178,2178.0,1161,1161.0
19,WFAgent2,FEMALE_YOUNG,1341,1341.0,0,0.0
19,WFAgent3,FEMALE_YOUNG_HIGH_INCOME,51,51.0,0,0.0
19,WFAgent4,FEMALE_YOUNG_LOW_INCOME,396,396.0,0,0.0
19,WFAgent5,MALE_HIGH_INCOME,265,265.0,0,0.0
20,WFAgent6,MALE_OLD_LOW_INCOME,359,359.0,0,0.0
20,WFAgent7,FEMALE_OLD_HIGH_INCOME,162,162.0,0,0.0
20,WFAgent8,FEMALE_HIGH_INCOME,132,132.0,0,0.0
20,WFAgent9,MALE_OLD_HIGH_INCOME,484,484.0,0,0.0
20,WEAgent16,FEMALE_LOW_INCOME,876,876.0,674,673.9999999999999
20,WEAgent17,MALE_OLD_HIGH_INCOME,323,323.0,762,0.0
20,WEAgent14,FEMALE_OLD,1123,1123.0,0,0.0
20,WEAgent15,MALE_YOUNG_LOW_INCOME,367,367.0,0,0.0
20,WEAgent12,FEMALE_YOUNG,447,447.0,0,0.0
20,WEAgent13,FEMALE_YOUNG_HIGH_INCOME,51,51.0,0,0.0
20,WEAgent9,MALE_LOW_INCOME,726,726.0,0,0.0
20,WEAgent10,MALE_OLD,1561,1561.0,0,0.0
20,WEAgent11,FEMALE_HIGH_INCOME,265,265.0,195,195.0
20,WEAgent7,OLD_LOW_INCOME,1678,1678.0,0,0.0
20,WEAgent8,YOUNG_HIGH_INCOME,309,309.0,520,0.0
20,WEAgent1,FEMALE_OLD_HIGH_INCOME,162,162.0,0,0.0
20,WEAgent2,FEMALE_YOUNG,894,894.0,966,702.9999999999999
20,WEAgent0,FEMALE_LOW_INCOME,1752,1752.0,1752,1752.0
20,WEAgent5,FEMALE_YOUNG_HIGH_INCOME,102,102.0,0,0.0
20,WEAgent6,YOUNG_LOW_INCOME,763,763.0,763,763.0
20,WEAgent3,FEMALE_HIGH_INCOME,265,265.0,206,206.0
20,WEAgent4,MALE_OLD_LOW_INCOME,718,718.0,0,0.0
20,WFAgent0,MALE_YOUNG_LOW_INCOME,1101,1101.0,1395,488.0
20,WFAgent1,MALE_OLD_HIGH_INCOME,484,484.0,0,0.0
20,WFAgent2,MALE_OLD_HIGH_INCOME,323,323.0,0,0.0
20,WFAgent3,FEMALE_OLD,1123,1123.0,972,0.0
20,WFAgent4,OLD_LOW_INCOME,2517,2517.0,0,0.0
20,WFAgent5,MALE_OLD_LOW_INCOME,359,359.0,0,0.0
21,WFAgent6,YOUNG_HIGH_INCOME,154,154.0,111,111.0
21,WFAgent7,MALE_OLD_HIGH_INCOME,323,323.0,213,213.0
21,WFAgent8,MALE_YOUNG,941,941.0,0,0.0
21,WFAgent9,MALE_OLD_LOW_INCOME,718,718.0,0,0.0
21,WEAgent16,MALE_OLD_HIGH_INCOME,484,484.0,0,0.0
21,WEAgent17,MALE_OLD_HIGH_INCOME,323,323.0,0,0.0
21,WEAgent14,FEMALE_OLD,1684,1684.0,1622,1202.0
21,WEAgent15,FEMALE_YOUNG_HIGH_INCOME,153,153.0,0,0.0
21,WEAgent12,MALE_YOUNG_HIGH_INCOME,103,103.0,0,0.0
21,WEAgent13,MALE_OLD_HIGH_INCOME,484,484.0,0,0.0
21,WEAgent9,MALE_YOUNG,470,470.0,470,470.0
21,WEAgent10,FEMALE_OLD,561,561.0,0,0.0
21,WEAgent11,OLD_HIGH_INCOME,486,486.0,194,194.0
21,WEAgent7,OLD_LOW_INCOME,2517,2517.0,3003,1159.0
21,WEAgent8,FEMALE_HIGH_INCOME,265,265.0,0,0.0
21,WEAgent1,MALE_YOUNG_HIGH_INCOME,103,103.0,0,0.0
21,WEAgent2,OLD_HIGH_INCOME,486,486.0,227,227.0
21,WEAgent0,OLD_HIGH_INCOME,243,243.0,191,191.0
21,WEAgent5,YOUNG_HIGH_INCOME,154,154.0,106,106.0
21,WEAgent6,FEMALE_HIGH_INCOME,132,132.0,0,0.0
21,WEAgent3,MALE_LOW_INCOME,1452,1452.0,911,468.0
21,WEAgent4,YOUNG_HIGH_INCOME,154,154.0,134,134.0
21,WFAgent0,MALE_YOUNG,470,470.0,470,470.0
21,WFAgent1,FEMALE_OLD_LOW_INCOME,1440,1440.0,0,0.0
21,WFAgent2,MALE_OLD,1041,1041.0,0,0.0
21,WFAgent3,FEMALE_HIGH_INCOME,265,265.0,0,0.0
21,WFAgent4,OLD_LOW_INCOME,1678,1678.0,0,0.0
21,WFAgent5,YOUNG_HIGH_INCOME,309,309.0,402,128.0
22,WFAgent6,FEMALE_YOUNG_HIGH_INCOME,51,51.0,254,0.0
22,WFAgent7,MALE_OLD_HIGH_INCOME,161,161.0,161,161.0
22,WFAgent8,FEMALE_HIGH_INCOME,397,397.0,0,0.0
22,WFAgent9,YOUNG_HIGH_INCOME,463,463.0,0,0.0
22,WEAgent16,YOUNG_LOW_INCOME,1526,1526.0,917,917.0
22,WEAgent17,FEMALE_OLD_HIGH_INCOME,162,162.0,0,0.0
22,WEAgent14,FEMALE_OLD_HIGH_INCOME,244,244.0,0,0.0
22,WEAgent15,FEMALE_YOUNG,447,447.0,1507,401.0
22,WEAgent12,OLD_HIGH_INCOME,486,486.0,206,206.0
22,WEAgent13,MALE_YOUNG,941,941.0,0,0.0
22,WEAgent9,YOUNG_LOW_INCOME,1526,1526.0,923,923.0
22,WEAgent10,FEMALE_OLD_LOW_INCOME,480,480.0,480,480.0
22,WEAgent11,MALE_YOUNG_HIGH_INCOME,206,206.0,0,0.0
22,WEAgent7,MALE_LOW_INCOME,2178,2178.0,0,0.0
22,WEAgent8,MALE_YOUNG_HIGH_INCOME,206,206.0,0,0.0
22,WEAgent1,MALE_YOUNG,941,941.0,0,0.0
22,WEAgent2,OLD_LOW_INCOME,2517,2517.0,2766,957.0
22,WEAgent0,MALE_LOW_INCOME,726,726.0,0,0.0
22,WEAgent5,MALE_YOUNG_LOW_INCOME,1101,1101.0,0,0.0
22,WEAgent6,FEMALE_OLD_LOW_INCOME,960,960.0,946,946.0
22,WEAgent3,MALE_OLD,1041,1041.0,0,0.0
22,WEAgent4,OLD_HIGH_INCOME,729,729.0,626,205.0
22,WFAgent0,FEMALE_YOUNG,447,447.0,447,447.0
22,WFAgent1,YOUNG_HIGH_INCOME,463,463.0,0,0.0
22,WFAgent2,YOUNG_HIGH_INCOME,154,154.0,0,0.0
22,WFAgent3,MALE_HIGH_INCOME,265,265.0,0,0.0
22,WFAgent4,MALE_OLD_HIGH_INCOME,323,323.0,195,195.0
22,WFAgent5,MALE_YOUNG,941,941.0,0,0.0
23,WFAgent6,YOUNG_HIGH_INCOME,463,463.0,0,0.0
23,WFAgent7,FEMALE_HIGH_INCOME,132,132.0,60,60.0
23,WFAgent8,MALE_YOUNG_HIGH_INCOME,103,103.0,103,103.0
23,WFAgent9,MALE_YOUNG,941,941.0,0,0.0
23,WEAgent16,FEMALE_YOUNG_HIGH_INCOME,102,102.0,71,71.0
23,WEAgent17,FEMALE_OLD_LOW_INCOME,480,480.0,0,0.0
23,WEAgent14,YOUNG_LOW_INCOME,1526,1526.0,1817,1526.0
23,WEAgent15,FEMALE_OLD_LOW_INCOME,1440,1440.0,0,0.0
23,WEAgent12,FEMALE_HIGH_INCOME,265,265.0,0,0.0
23,WEAgent13,MALE_YOUNG_HIGH_INCOME,206,206.0,0,0.0
23,WEAgent9,MALE_YOUNG_LOW_INCOME,367,367.0,0,0.0
23,WEAgent10,FEMALE_OLD,561,561.0,0,0.0
23,WEAgent11,MALE_OLD_LOW_INCOME,1077,1077.0,0,0.0
23,WEAgent7,MALE_HIGH_INCOME,265,265.0,265,265.0
23,WEAgent8,YOUNG_LOW_INCOME,763,763.0,763,763.0
23,WEAgent1,MALE_OLD_LOW_INCOME,718,718.0,0,0.0
23,WEAgent2,MALE_HIGH_INCOME,530,530.0,927,359.0
23,WEAgent0,FEMALE_OLD_HIGH_INCOME,162,162.0,0,0.0
23,WEAgent5,FEMALE_OLD_HIGH_INCOME,244,244.0,0,0.0
23,WEAgent6,FEMALE_OLD,1684,1684.0,1757,952.0
23,WEAgent3,MALE_OLD,1561,1561.0,0,0.0
23,WEAgent4,FEMALE_HIGH_INCOME,132,132.0,56,56.0
23,WFAgent0,MALE_LOW_INCOME,2178,2178.0,2864,862.0
23,WFAgent1,OLD_HIGH_INCOME,243,243.0,193,193.0
23,WFAgent2,FEMALE_YOUNG_LOW_INCOME,792,792.0,0,0.0
23,WFAgent3,OLD_LOW_INCOME,839,839.0,839,839.0
23,WFAgent4,FEMALE_HIGH_INCOME,132,132.0,82,82.0
23,WFAgent5,FEMALE_OLD_HIGH_INCOME,81,81.0,0,0.0
24,WFAgent6,FEMALE_HIGH_INCOME,397,397.0,0,0.0
24,WFAgent7,FEMALE_OLD_HIGH_INCOME,81,81.0,0,0.0
24,WFAgent8,MALE_YOUNG_HIGH_INCOME,310,310.0,0,0.0
24,WFAgent9,FEMALE_HIGH_INCOME,132,132.0,140,101.0
24,WEAgent16,OLD_HIGH_INCOME,729,729.0,238,237.99999999999997
24,WEAgent17,MALE_OLD_LOW_INCOME,359,359.0,0,0.0
24,WEAgent14,MALE_LOW_INCOME,2178,2178.0,3215,463.0
24,WEAgent15,OLD_HIGH_INCOME,486,486.0,0,0.0
24,WEAgent12,MALE_OLD_HIGH_INCOME,161,161.0,0,0.0
24,WEAgent13,FEMALE_LOW_INCOME,2628,2628.0,2850,963.0
24,WEAgent9,MALE_YOUNG_LOW_INCOME,367,367.0,0,0.0
24,WEAgent10,FEMALE_OLD,1684,1684.0,1393,1005.0
24,WEAgent11,MALE_YOUNG,470,470.0,518,470.0
24,WEAgent7,OLD_HIGH_INCOME,729,729.0,280,279.99999999999994
24,WEAgent8,FEMALE_YOUNG_HIGH_INCOME,102,102.0,102,102.0
24,WEAgent1,FEMALE_OLD_HIGH_INCOME,81,81.0,0,0.0
24,WEAgent2,FEMALE_YOUNG_LOW_INCOME,396,396.0,0,0.0
24,WEAgent0,FEMALE_YOUNG_LOW_INCOME,396,396.0,0,0.0
24,WEAgent5,OLD_LOW_INCOME,1678,1678.0,0,0.0
24,WEAgent6,FEMALE_YOUNG_HIGH_INCOME,51,51.0,0,0.0
24,WEAgent3,FEMALE_YOUNG,1341,1341.0,0,0.0
24,WEAgent4,FEMALE_OLD,561,561.0,0,0.0
24,WFAgent0,FEMALE_OLD_HIGH_INCOME,244,244.0,0,0.0
24,WFAgent1,MALE_OLD_HIGH_INCOME,484,484.0,0,0.0
24,WFAgent2,MALE_HIGH_INCOME,530,530.0,530,529.9999999999999
24,WFAgent3,MALE_LOW_INCOME,726,726.0,0,0.0
24,WFAgent4,MALE_OLD_LOW_INCOME,1077,1077.0,0,0.0
24,WFAgent5,FEMALE_OLD_LOW_INCOME,480,480.0,480,480.0
25,WFAgent6,MALE_OLD,520,520.0,0,0.0
25,WFAgent7,YOUNG_LOW_INCOME,763,763.0,370,370.0
25,WFAgent8,FEMALE_YOUNG_LOW_INCOME,792,792.0,386,386.0
25,WFAgent9,MALE_YOUNG_HIGH_INCOME,103,103.0,0,0.0
25,WEAgent16,YOUNG_HIGH_INCOME,463,463.0,0,0.0
25,WEAgent17,FEMALE_OLD_HIGH_INCOME,81,81.0,0,0.0
25,WEAgent14,MALE_YOUNG_HIGH_INCOME,310,310.0,0,0.0
25,WEAgent15,FEMALE_OLD_HIGH_INCOME,162,162.0,0,0.0
25,WEAgent12,FEMALE_OLD_HIGH_INCOME,162,162.0,0,0.0
25,WEAgent13,MALE_HIGH_INCOME,795,795.0,0,0.0
25,WEAgent9,FEMALE_HIGH_INCOME,132,132.0,0,0.0
25,WEAgent10,FEMALE_YOUNG_LOW_INCOME,792,792.0,0,0.0
25,WEAgent11,FEMALE_YOUNG_LOW_INCOME,396,396.0,0,0.0
25,WEAgent7,MALE_OLD_LOW_INCOME,718,718.0,0,0.0
25,WEAgent8,MALE_YOUNG,470,470.0,277,277.0
25,WEAgent1,YOUNG_HIGH_INCOME,463,463.0,0,0.0
25,WEAgent2,MALE_LOW_INCOME,1452,1452.0,1452,1452.0
25,WEAgent0,YOUNG_HIGH_INCOME,154,154.0,0,0.0
25,WEAgent5,MALE_OLD,1041,1041.0,1544,0.0
25,WEAgent6,OLD_HIGH_INCOME,486,486.0,0,0.0
25,WEAgent3,YOUNG_LOW_INCOME,1526,1526.0,1526,1526.0
25,WEAgent4,OLD_HIGH_INCOME,243,243.0,418,0.0
25,WFAgent0,YOUNG_HIGH_INCOME,463,463.0,541,256.0
25,WFAgent1,MALE_YOUNG,470,470.0,1103,401.0
25,WFAgent2,FEMALE_LOW_INCOME,1752,1752.0,2383,0.0
25,WFAgent3,FEMALE_HIGH_INCOME,132,132.0,0,0.0
25,WFAgent4,FEMALE_HIGH_INCOME,397,397.0,0,0.0
25,WFAgent5,MALE_YOUNG_LOW_INCOME,734,734.0,0,0.0
26,WFAgent6,YOUNG_HIGH_INCOME,309,309.0,0,0.0
26,WFAgent7,MALE_LOW_INCOME,1452,1452.0,0,0.0
26,WFAgent8,OLD_HIGH_INCOME,729,729.0,0,0.0
26,WFAgent9,MALE_HIGH_INCOME,795,795.0,719,472.0
26,WEAgent16,FEMALE_YOUNG,894,894.0,1135,894.0
26,WEAgent17,FEMALE_OLD_HIGH_INCOME,162,162.0,0,0.0
26,WEAgent14,FEMALE_OLD,1123,1123.0,2776,0.0
26,WEAgent15,MALE_YOUNG_LOW_INCOME,367,367.0,0,0.0
26,WEAgent12,FEMALE_OLD_HIGH_INCOME,81,81.0,0,0.0
26,WEAgent13,MALE_OLD_LOW_INCOME,718,718.0,460,460.0
26,WEAgent9,OLD_HIGH_INCOME,486,486.0,0,0.0
26,WEAgent10,MALE_OLD_LOW_INCOME,359,359.0,0,0.0
26,WEAgent11,YOUNG_LOW_INCOME,1526,1526.0,1403,488.0
26,WEAgent7,MALE_OLD,520,520.0,0,0.0
26,WEAgent8,FEMALE_YOUNG_LOW_INCOME,1188,1188.0,1061,898.0
26,WEAgent1,OLD_HIGH_INCOME,243,243.0,0,0.0
26,WEAgent2,FEMALE_YOUNG_LOW_INCOME,396,396.0,0,0.0
26,WEAgent0,OLD_HIGH_INCOME,486,486.0,0,0.0
26,WEAgent5,MALE_OLD_LOW_INCOME,718,718.0,450,450.0
26,WEAgent6,OLD_HIGH_INCOME,729,729.0,0,0.0
26,WEAgent3,MALE_OLD,1561,1561.0,685,685.0
26,WEAgent4,MALE_YOUNG,470,470.0,470,470.0
26,WFAgent0,MALE_OLD_HIGH_INCOME,484,484.0,200,200.0
26,WFAgent1,FEMALE_HIGH_INCOME,397,397.0,0,0.0
26,WFAgent2,YOUNG_HIGH_INCOME,309,309.0,0,0.0
26,WFAgent3,OLD_HIGH_INCOME,243,243.0,0,0.0
26,WFAgent4,OLD_HIGH_INCOME,243,243.0,180,180.0
26,WFAgent5,MALE_OLD,520,520.0,446,446.0
27,WFAgent6,FEMALE_OLD_LOW_INCOME,960,960.0,0,0.0
27,WFAgent7,FEMALE_YOUNG_LOW_INCOME,792,792.0,1212,757.0
27,WFAgent8,MALE_HIGH_INCOME,795,795.0,0,0.0
27,WFAgent9,YOUNG_HIGH_INCOME,309,309.0,440,176.0
27,WEAgent16,FEMALE_YOUNG_LOW_INCOME,396,396.0,0,0.0
27,WEAgent17,MALE_YOUNG,941,941.0,780,780.0
27,WEAgent14,FEMALE_YOUNG_HIGH_INCOME,102,102.0,0,0.0
27,WEAgent15,OLD_LOW_INCOME,2517,2517.0,3271,971.0000000000001
27,WEAgent12,FEMALE_OLD_LOW_INCOME,960,960.0,0,0.0
27,WEAgent13,FEMALE_OLD_LOW_INCOME,480,480.0,0,0.0
27,WEAgent9,FEMALE_OLD,1684,1684.0,0,0.0
27,WEAgent10,MALE_HIGH_INCOME,795,795.0,278,278.0
27,WEAgent11,FEMALE_LOW_INCOME,1752,1752.0,1752,1752.0
27,WEAgent7,MALE_YOUNG_LOW_INCOME,1101,1101.0,581,581.0
27,WEAgent8,MALE_OLD_HIGH_INCOME,323,323.0,0,0.0
27,WEAgent1,FEMALE_OLD_HIGH_INCOME,81,81.0,81,81.0
27,WEAgent2,FEMALE_YOUNG,894,894.0,0,0.0
27,WEAgent0,FEMALE_OLD_HIGH_INCOME,244,244.0,0,0.0
27,WEAgent5,FEMALE_HIGH_INCOME,265,265.0,135,135.0
27,WEAgent6,MALE_YOUNG,941,941.0,811,811.0
27,WEAgent3,FEMALE_LOW_INCOME,876,876.0,0,0.0
27,WEAgent4,MALE_HIGH_INCOME,530,530.0,0,0.0
27,WFAgent0,FEMALE_YOUNG,1341,1341.0,0,0.0
27,WFAgent1,MALE_OLD_LOW_INCOME,359,359.0,0,0.0
27,WFAgent2,MALE_YOUNG_LOW_INCOME,367,367.0,0,0.0
27,WFAgent3,MALE_HIGH_INCOME,265,265.0,251,251.0
27,WFAgent4,FEMALE_HIGH_INCOME,265,265.0,0,0.0
27,WFAgent5,OLD_HIGH_INCOME,729,729.0,408,408.0
28,WFAgent6,YOUNG_HIGH_INCOME,154,154.0,154,154.0
28,WFAgent7,OLD_HIGH_INCOME,243,243.0,193,193.0
28,WFAgent8,FEMALE_YOUNG_HIGH_INCOME,153,153.0,0,0.0
28,WFAgent9,FEMALE_YOUNG,1341,1341.0,0,0.0
28,WEAgent16,MALE_OLD_HIGH_INCOME,323,323.0,0,0.0
28,WEAgent17,FEMALE_OLD_HIGH_INCOME,81,81.0,0,0.0
28,WEAgent14,FEMALE_HIGH_INCOME,265,265.0,0,0.0
28,WEAgent15,FEMALE_HIGH_INCOME,132,132.0,0,0.0
28,WEAgent12,YOUNG_LOW_INCOME,1526,1526.0,1203,779.0
28,WEAgent13,MALE_OLD,1561,1561.0,2286,416.0
28,WEAgent9,YOUNG_HIGH_INCOME,463,463.0,404,284.0
28,WEAgent10,FEMALE_LOW_INCOME,876,876.0,0,0.0
28,WEAgent11,YOUNG_HIGH_INCOME,309,309.0,207,207.0
28,WEAgent7,MALE_YOUNG,1411,1411.0,0,0.0
28,WEAgent8,MALE_YOUNG_HIGH_INCOME,103,103.0,0,0.0
28,WEAgent1,FEMALE_HIGH_INCOME,265,265.0,0,0.0
28,WEAgent2,FEMALE_OLD_LOW_INCOME,960,960.0,960,960.0
28,WEAgent0,MALE_OLD_HIGH_INCOME,161,161.0,0,0.0
28,WEAgent5,FEMALE_HIGH_INCOME,265,265.0,0,0.0
28,WEAgent6,FEMALE_HIGH_INCOME,265,265.0,0,0.0
28,WEAgent3,FEMALE_OLD,1684,1684.0,1714,1136.0
28,WEAgent4,MALE_OLD_LOW_INCOME,1077,1077.0,0,0.0
28,WFAgent0,MALE_YOUNG_HIGH_INCOME,206,206.0,0,0.0
28,WFAgent1,FEMALE_YOUNG_LOW_INCOME,792,792.0,792,792.0
28,WFAgent2,FEMALE_YOUNG,894,894.0,0,0.0
28,WFAgent3,YOUNG_LOW_INCOME,2289,2289.0,0,0.0
28,WFAgent4,FEMALE_OLD_HIGH_INCOME,81,81.0,0,0.0
28,WFAgent5,MALE_OLD_LOW_INCOME,359,359.0,359,359.0
29,WFAgent6,MALE_YOUNG_HIGH_INCOME,310,310.0,0,0.0
29,WFAgent7,FEMALE_YOUNG_LOW_INCOME,1188,1188.0,0,0.0
29,WFAgent8,MALE_LOW_INCOME,2178,2178.0,0,0.0
29,WFAgent9,MALE_OLD_LOW_INCOME,359,359.0,0,0.0
29,WEAgent16,MALE_OLD_HIGH_INCOME,161,161.0,0,0.0
29,WEAgent17,FEMALE_OLD_HIGH_INCOME,81,81.0,0,0.0
29,WEAgent14,MALE_HIGH_INCOME,795,795.0,279,279.0
29,WEAgent15,MALE_YOUNG,1411,1411.0,2355,0.0
29,WEAgent12,FEMALE_OLD,1123,1123.0,0,0.0
29,WEAgent13,FEMALE_OLD_LOW_INCOME,960,960.0,0,0.0
29,WEAgent9,MALE_YOUNG_LOW_INCOME,1101,1101.0,0,0.0
29,WEAgent10,YOUNG_HIGH_INCOME,309,309.0,0,0.0
29,WEAgent11,MALE_HIGH_INCOME,795,795.0,285,285.0
29,WEAgent7,YOUNG_HIGH_INCOME,154,154.0,140,140.0
29,WEAgent8,MALE_HIGH_INCOME,530,530.0,0,0.0
29,WEAgent1,MALE_HIGH_INCOME,795,795.0,324,324.0
29,WEAgent2,FEMALE_OLD,1684,1684.0,1114,731.0
29,WEAgent0,FEMALE_LOW_INCOME,876,876.0,2733,735.0
29,WEAgent5,MALE_YOUNG_LOW_INCOME,1101,1101.0,0,0.0
29,WEAgent6,FEMALE_OLD_LOW_INCOME,1440,1440.0,0,0.0
29,WEAgent3,OLD_LOW_INCOME,2517,2517.0,2646,769.0
29,WEAgent4,OLD_LOW_INCOME,839,839.0,0,0.0
29,WFAgent0,OLD_HIGH_INCOME,486,486.0,0,0.0
29,WFAgent1,FEMALE_HIGH_INCOME,132,132.0,124,124.0
29,WFAgent2,MALE_OLD_LOW_INCOME,359,359.0,0,0.0
29,WFAgent3,OLD_HIGH_INCOME,486,486.0,0,0.0
29,WFAgent4,FEMALE_YOUNG_LOW_INCOME,1188,1188.0,0,0.0
29,WFAgent5,YOUNG_LOW_INCOME,763,763.0,0,0.0
30,WFAgent6,MALE_OLD_LOW_INCOME,718,718.0,0,0.0
30,WFAgent7,MALE_LOW_INCOME,1452,1452.0,0,0.0
30,WFAgent8,OLD_HIGH_INCOME,486,486.0,0,0.0
30,WFAgent9,FEMALE_YOUNG_HIGH_INCOME,153,153.0,0,0.0
30,WEAgent16,YOUNG_HIGH_INCOME,154,154.0,0,0.0
30,WEAgent17,FEMALE_OLD,1684,1684.0,1853,941.0
30,WEAgent14,FEMALE_YOUNG,894,894.0,1008,763.9999999999999
30,WEAgent15,OLD_HIGH_INCOME,243,243.0,0,0.0
30,WEAgent12,OLD_LOW_INCOME,839,839.0,0,0.0
30,WEAgent13,MALE_YOUNG_HIGH_INCOME,206,206.0,308,0.0
30,WEAgent9,MALE_OLD_LOW_INCOME,1077,1077.0,0,0.0
30,WEAgent10,MALE_YOUNG_LOW_INCOME,367,367.0,0,0.0
30,WEAgent11,OLD_HIGH_INCOME,243,243.0,0,0.0
30,WEAgent7,FEMALE_YOUNG,447,447.0,447,446.99999999999994
30,WEAgent8,MALE_OLD,1041,1041.0,2645,0.0
30,WEAgent1,FEMALE_OLD_HIGH_INCOME,81,81.0,0,0.0
30,WEAgent2,FEMALE_OLD_LOW_INCOME,960,960.0,960,960.0
30,WEAgent0,MALE_OLD_HIGH_INCOME,484,484.0,0,0.0
30,WEAgent5,OLD_HIGH_INCOME,729,729.0,0,0.0
30,WEAgent6,FEMALE_OLD_LOW_INCOME,480,480.0,0,0.0
30,WEAgent3,MALE_YOUNG,1411,1411.0,0,0.0
30,WEAgent4,YOUNG_LOW_INCOME,2289,2289.0,2573,797.9999999999999
30,WFAgent0,MALE_LOW_INCOME,2178,2178.0,0,0.0
30,WFAgent1,MALE_OLD_LOW_INCOME,1077,1077.0,0,0.0
30,WFAgent2,MALE_YOUNG_HIGH_INCOME,206,206.0,206,205.99999999999997
30,WFAgent3,MALE_OLD,1041,1041.0,0,0.0
30,WFAgent4,OLD_HIGH_INCOME,243,243.0,0,0.0
30,WFAgent5,MALE_OLD_LOW_INCOME,718,718.0,0,0.0
31,WFAgent6,FEMALE_LOW_INCOME,1752,1752.0,849,551.0
31,WFAgent7,FEMALE_YOUNG,447,447.0,447,447.0
31,WFAgent8,FEMALE_YOUNG,447,447.0,0,0.0
31,WFAgent9,FEMALE_OLD,561,561.0,2336,490.0
31,WEAgent16,FEMALE_OLD_LOW_INCOME,480,480.0,480,480.0
31,WEAgent17,MALE_OLD_HIGH_INCOME,323,323.0,0,0.0
31,WEAgent14,MALE_LOW_INCOME,726,726.0,0,0.0
31,WEAgent15,FEMALE_YOUNG_LOW_INCOME,1188,1188.0,0,0.0
31,WEAgent12,FEMALE_OLD_HIGH_INCOME,244,244.0,0,0.0
31,WEAgent13,FEMALE_YOUNG,1341,1341.0,0,0.0
31,WEAgent9,MALE_OLD,1561,1561.0,0,0.0
31,WEAgent10,MALE_HIGH_INCOME,265,265.0,786,0.0
31,WEAgent11,FEMALE_YOUNG,894,894.0,0,0.0
31,WEAgent7,MALE_OLD_HIGH_INCOME,484,484.0,0,0.0
31,WEAgent8,FEMALE_HIGH_INCOME,265,265.0,0,0.0
31,WEAgent1,MALE_YOUNG_HIGH_INCOME,206,206.0,0,0.0
31,WEAgent2,FEMALE_OLD_HIGH_INCOME,81,81.0,0,0.0
31,WEAgent0,YOUNG_LOW_INCOME,763,763.0,763,763.0
31,WEAgent5,YOUNG_LOW_INCOME,763,763.0,763,763.0
31,WEAgent6,MALE_OLD,1041,1041.0,0,0.0
31,WEAgent3,FEMALE_YOUNG_LOW_INCOME,396,396.0,0,0.0
31,WEAgent4,MALE_LOW_INCOME,2178,2178.0,1956,1252.0
31,WFAgent0,MALE_YOUNG,1411,1411.0,0,0.0
31,WFAgent1,YOUNG_LOW_INCOME,763,763.0,0,0.0
31,WFAgent2,MALE_HIGH_INCOME,530,530.0,0,0.0
31,WFAgent3,FEMALE_HIGH_INCOME,132,132.0,0,0.0
31,WFAgent4,OLD_LOW_INCOME,839,839.0,839,839.0
31,WFAgent5,FEMALE_HIGH_INCOME,265,265.0,0,0.0
32,WFAgent6,OLD_LOW_INCOME,1678,1678.0,471,471.0
32,WFAgent7,FEMALE_YOUNG_LOW_INCOME,396,396.0,396,396.0
32,WFAgent8,FEMALE_OLD_LOW_INCOME,1440,1440.0,0,0.0
32,WFAgent9,MALE_YOUNG_HIGH_INCOME,103,103.0,0,0.0
32,WEAgent16,MALE_OLD_LOW_INCOME,718,718.0,0,0.0
32,WEAgent17,FEMALE_LOW_INCOME,2628,2628.0,1938,1174.0
32,WEAgent14,MALE_OLD_LOW_INCOME,1077,1077.0,0,0.0
32,WEAgent15,FEMALE_OLD_LOW_INCOME,960,960.0,0,0.0
32,WEAgent12,FEMALE_HIGH_INCOME,397,397.0,486,204.0
32,WEAgent13,MALE_OLD_LOW_INCOME,718,718.0,0,0.0
32,WEAgent9,MALE_LOW_INCOME,2178,2178.0,2296,454.0
32,WEAgent10,MALE_LOW_INCOME,1452,1452.0,0,0.0
32,WEAgent11,FEMALE_OLD_LOW_INCOME,1440,1440.0,0,0.0
32,WEAgent7,MALE_HIGH_INCOME,265,265.0,0,0.0
32,WEAgent8,MALE_OLD_LOW_INCOME,1077,1077.0,0,0.0
32,WEAgent1,FEMALE_OLD,561,561.0,0,0.0
32,WEAgent2,MALE_YOUNG_LOW_INCOME,1101,1101.0,0,0.0
32,WEAgent0,OLD_LOW_INCOME,2517,2517.0,1250,1250.0
32,WEAgent5,OLD_LOW_INCOME,2517,2517.0,1236,1236.0
32,WEAgent6,MALE_HIGH_INCOME,795,795.0,920,377.0
32,WEAgent3,FEMALE_HIGH_INCOME,265,265.0,191,191.0
32,WEAgent4,MALE_YOUNG_HIGH_INCOME,103,103.0,0,0.0
32,WFAgent0,MALE_YOUNG_HIGH_INCOME,103,103.0,0,0.0
32,WFAgent1,FEMALE_LOW_INCOME,1752,1752.0,0,0.0
32,WFAgent2,FEMALE_YOUNG,1341,1341.0,0,0.0
32,WFAgent3,MALE_OLD,520,520.0,420,420.0
32,WFAgent4,FEMALE_OLD_HIGH_INCOME,244,244.0,0,0.0
32,WFAgent5,FEMALE_YOUNG_LOW_INCOME,396,396.0,396,396.0
33,WFAgent6,FEMALE_YOUNG_LOW_INCOME,396,396.0,0,0.0
33,WFAgent7,MALE_OLD,1041,1041.0,0,0.0
33,WFAgent8,MALE_OLD,1561,1561.0,0,0.0
33,WFAgent9,MALE_YOUNG_HIGH_INCOME,103,103.0,0,0.0
33,WEAgent16,MALE_OLD_LOW_INCOME,718,718.0,0,0.0
33,WEAgent17,MALE_LOW_INCOME,2178,2178.0,0,0.0
33,WEAgent14,OLD_HIGH_INCOME,243,243.0,558,145.0
33,WEAgent15,FEMALE_YOUNG,894,894.0,396,391.0
33,WEAgent12,FEMALE_YOUNG_LOW_INCOME,1188,1188.0,272,271.99999999999994
33,WEAgent13,FEMALE_OLD,561,561.0,0,0.0
33,WEAgent9,MALE_OLD,520,520.0,161,161.0
33,WEAgent10,MALE_OLD_LOW_INCOME,359,359.0,0,0.0
33,WEAgent11,OLD_LOW_INCOME,2517,2517.0,1874,1751.0
33,WEAgent7,MALE_OLD,520,520.0,106,106.0
33,WEAgent8,MALE_OLD,520,520.0,137,137.0
33,WEAgent1,MALE_HIGH_INCOME,265,265.0,129,129.0
33,WEAgent2,FEMALE_OLD,561,561.0,0,0.0
33,WEAgent0,FEMALE_YOUNG_LOW_INCOME,1188,1188.0,267,266.99999999999994
33,WEAgent5,MALE_YOUNG_HIGH_INCOME,103,103.0,0,0.0
33,WEAgent6,FEMALE_OLD_LOW_INCOME,480,480.0,0,0.0
33,WEAgent3,MALE_OLD,1041,1041.0,0,0.0
33,WEAgent4,YOUNG_LOW_INCOME,1526,1526.0,1825,0.0
33,WFAgent0,OLD_LOW_INCOME,1678,1678.0,1678,1678.0
33,WFAgent1,FEMALE_YOUNG,894,894.0,0,0.0
33,WFAgent2,MALE_OLD_LOW_INCOME,1077,1077.0,651,651.0
33,WFAgent3,MALE_HIGH_INCOME,530,530.0,626,136.0
33,WFAgent4,FEMALE_YOUNG_LOW_INCOME,1188,1188.0,1188,1187.9999999999998
33,WFAgent5,FEMALE_HIGH_INCOME,132,132.0,132,132.0
34,WFAgent6,MALE_OLD,520,520.0,520,520.0
34,WFAgent7,MALE_LOW_INCOME,2178,2178.0,0,0.0
34,WFAgent8,FEMALE_YOUNG_LOW_INCOME,396,396.0,0,0.0
34,WFAgent9,MALE_YOUNG_LOW_INCOME,1101,1101.0,889,889.0
34,WEAgent16,MALE_HIGH_INCOME,265,265.0,0,0.0
34,WEAgent17,YOUNG_LOW_INCOME,2289,2289.0,1775,1775.0
34,WEAgent14,OLD_LOW_INCOME,2517,2517.0,2092,1658.0
34,WEAgent15,FEMALE_OLD_HIGH_INCOME,244,244.0,0,0.0
34,WEAgent12,FEMALE_YOUNG_LOW_INCOME,1188,1188.0,798,798.0
34,WEAgent13,FEMALE_YOUNG,447,447.0,447,447.0
34,WEAgent9,MALE_OLD,520,520.0,275,275.0
34,WEAgent10,YOUNG_HIGH_INCOME,463,463.0,0,0.0
34,WEAgent11,MALE_OLD,1561,1561.0,0,0.0
34,WEAgent7,MALE_YOUNG_LOW_INCOME,734,734.0,0,0.0
34,WEAgent8,FEMALE_OLD,561,561.0,0,0.0
34,WEAgent1,MALE_OLD_HIGH_INCOME,323,323.0,0,0.0
34,WEAgent2,FEMALE_OLD,1684,1684.0,1603,1216.0
34,WEAgent0,OLD_HIGH_INCOME,729,729.0,0,0.0
34,WEAgent5,MALE_OLD,1561,1561.0,0,0.0
34,WEAgent6,MALE_OLD_HIGH_INCOME,161,161.0,0,0.0
34,WEAgent3,MALE_LOW_INCOME,2178,2178.0,0,0.0
34,WEAgent4,MALE_YOUNG,1411,1411.0,0,0.0
34,WFAgent0,MALE_HIGH_INCOME,795,795.0,589,589.0
34,WFAgent1,OLD_HIGH_INCOME,243,243.0,243,243.0
34,WFAgent2,YOUNG_HIGH_INCOME,309,309.0,410,301.0
34,WFAgent3,FEMALE_OLD,1684,1684.0,0,0.0
34,WFAgent4,MALE_OLD_LOW_INCOME,359,359.0,359,359.0
34,WFAgent5,OLD_HIGH_INCOME,729,729.0,0,0.0
35,WFAgent6,FEMALE_YOUNG,447,447.0,0,0.0
35,WFAgent7,MALE_OLD_HIGH_INCOME,323,323.0,202,202.0
35,WFAgent8,OLD_LOW_INCOME,839,839.0,0,0.0
35,WFAgent9,FEMALE_OLD_LOW_INCOME,960,960.0,481,481.0
35,WEAgent16,MALE_OLD,1561,1561.0,808,808.0
35,WEAgent17,MALE_OLD_HIGH_INCOME,323,323.0,0,0.0
35,WEAgent14,FEMALE_LOW_INCOME,2628,2628.0,1460,1460.0
35,WEAgent15,MALE_OLD,1561,1561.0,825,825.0
35,WEAgent12,FEMALE_OLD_LOW_INCOME,1440,1440.0,460,460.0
35,WEAgent13,MALE_YOUNG_LOW_INCOME,734,734.0,0,0.0
35,WEAgent9,MALE_YOUNG,1411,1411.0,0,0.0
35,WEAgent10,MALE_YOUNG_HIGH_INCOME,206,206.0,494,0.0
35,WEAgent11,MALE_OLD,520,520.0,0,0.0
35,WEAgent7,FEMALE_LOW_INCOME,876,876.0,0,0.0
35,WEAgent8,MALE_OLD_LOW_INCOME,1077,1077.0,0,0.0
35,WEAgent1,MALE_OLD_HIGH_INCOME,484,484.0,0,0.0
35,WEAgent2,YOUNG_HIGH_INCOME,154,154.0,141,141.0
35,WEAgent0,MALE_OLD_LOW_INCOME,1077,1077.0,0,0.0
35,WEAgent5,OLD_HIGH_INCOME,729,729.0,0,0.0
35,WEAgent6,MALE_OLD_HIGH_INCOME,484,484.0,0,0.0
35,WEAgent3,MALE_OLD,1561,1561.0,751,751.0
35,WEAgent4,FEMALE_YOUNG_LOW_INCOME,1188,1188.0,0,0.0
35,WFAgent0,FEMALE_OLD,561,561.0,928,494.0
35,WFAgent1,FEMALE_YOUNG_LOW_INCOME,1188,1188.0,0,0.0
35,WFAgent2,FEMALE_YOUNG_HIGH_INCOME,153,153.0,144,144.0
35,WFAgent3,FEMALE_OLD_LOW_INCOME,480,480.0,480,480.0
35,WFAgent4,YOUNG_LOW_INCOME,1526,1526.0,2826,995.0
35,WFAgent5,FEMALE_OLD_HIGH_INCOME,81,81.0,0,0.0
36,WFAgent6,OLD_LOW_INCOME,1678,1678.0,0,0.0
36,WFAgent7,MALE_YOUNG_LOW_INCOME,734,734.0,0,0.0
36,WFAgent8,MALE_LOW_INCOME,2178,2178.0,1106,1106.0
36,WFAgent9,OLD_HIGH_INCOME,729,729.0,0,0.0
36,WEAgent16,FEMALE_YOUNG_HIGH_INCOME,51,51.0,0,0.0
36,WEAgent17,MALE_YOUNG_LOW_INCOME,367,367.0,367,367.0
36,WEAgent14,YOUNG_HIGH_INCOME,154,154.0,154,154.0
36,WEAgent15,YOUNG_HIGH_INCOME,463,463.0,468,199.0
36,WEAgent12,YOUNG_LOW_INCOME,763,763.0,0,0.0
36,WEAgent13,YOUNG_LOW_INCOME,2289,2289.0,0,0.0
36,WEAgent9,OLD_LOW_INCOME,839,839.0,0,0.0
36,WEAgent10,MALE_LOW_INCOME,2178,2178.0,1180,1180.0
36,WEAgent11,MALE_HIGH_INCOME,530,530.0,974,169.0
36,WEAgent7,FEMALE_OLD_HIGH_INCOME,162,162.0,0,0.0
36,WEAgent8,OLD_LOW_INCOME,2517,2517.0,1737,1737.0
36,WEAgent1,FEMALE_YOUNG_HIGH_INCOME,153,153.0,0,0.0
36,WEAgent2,FEMALE_OLD_LOW_INCOME,960,960.0,0,0.0
36,WEAgent0,FEMALE_HIGH_INCOME,265,265.0,0,0.0
36,WEAgent5,FEMALE_LOW_INCOME,876,876.0,0,0.0
36,WEAgent6,MALE_OLD,1041,1041.0,0,0.0
36,WEAgent3,FEMALE_LOW_INCOME,2628,2628.0,2156,2156.0
36,WEAgent4,OLD_HIGH_INCOME,243,243.0,0,0.0
36,WFAgent0,FEMALE_YOUNG_HIGH_INCOME,153,153.0,0,0.0
36,WFAgent1,MALE_YOUNG_HIGH_INCOME,310,310.0,0,0.0
36,WFAgent2,YOUNG_LOW_INCOME,1526,1526.0,1499,1499.0
36,WFAgent3,FEMALE_YOUNG_HIGH_INCOME,102,102.0,0,0.0
36,WFAgent4,FEMALE_YOUNG_HIGH_INCOME,51,51.0,0,0.0
36,WFAgent5,OLD_HIGH_INCOME,486,486.0,0,0.0
37,WFAgent6,FEMALE_YOUNG,894,894.0,0,0.0
37,WFAgent7,FEMALE_OLD_LOW_INCOME,480,480.0,0,0.0
37,WFAgent8,YOUNG_HIGH_INCOME,309,309.0,317,251.0
37,WFAgent9,FEMALE_LOW_INCOME,1752,1752.0,2687,794.0
37,WEAgent16,MALE_HIGH_INCOME,265,265.0,0,0.0
37,WEAgent17,MALE_LOW_INCOME,1452,1452.0,945,945.0
37,WEAgent14,MALE_OLD_HIGH_INCOME,323,323.0,0,0.0
37,WEAgent15,MALE_HIGH_INCOME,265,265.0,0,0.0
37,WEAgent12,MALE_OLD_LOW_INCOME,359,359.0,0,0.0
37,WEAgent13,FEMALE_YOUNG_LOW_INCOME,1188,1188.0,0,0.0
37,WEAgent9,YOUNG_LOW_INCOME,763,763.0,0,0.0
37,WEAgent10,FEMALE_HIGH_INCOME,265,265.0,0,0.0
37,WEAgent11,OLD_HIGH_INCOME,243,243.0,0,0.0
37,WEAgent7,FEMALE_OLD_LOW_INCOME,1440,1440.0,0,0.0
37,WEAgent8,MALE_OLD_HIGH_INCOME,484,484.0,203,203.0
37,WEAgent1,MALE_HIGH_INCOME,795,795.0,495,495.0
37,WEAgent2,FEMALE_YOUNG_HIGH_INCOME,51,51.0,50,50.00000000000001
37,WEAgent0,FEMALE_OLD,1123,1123.0,1225,814.0
37,WEAgent5,MALE_YOUNG_LOW_INCOME,734,734.0,0,0.0
37,WEAgent6,FEMALE_HIGH_INCOME,265,265.0,0,0.0
37,WEAgent3,FEMALE_OLD,561,561.0,0,0.0
37,WEAgent4,FEMALE_HIGH_INCOME,132,132.0,132,132.0
37,WFAgent0,MALE_OLD_HIGH_INCOME,484,484.0,217,217.0
37,WFAgent1,MALE_LOW_INCOME,2178,2178.0,2779,934.0
37,WFAgent2,MALE_OLD_HIGH_INCOME,161,161.0,161,161.0
37,WFAgent3,FEMALE_LOW_INCOME,1752,1752.0,789,789.0
37,WFAgent4,FEMALE_YOUNG,1341,1341.0,0,0.0
37,WFAgent5,MALE_YOUNG_HIGH_INCOME,206,206.0,0,0.0
38,WFAgent6,OLD_HIGH_INCOME,729,729.0,0,0.0
38,WFAgent7,FEMALE_YOUNG_HIGH_INCOME,51,51.0,0,0.0
38,WFAgent8,OLD_HIGH_INCOME,243,243.0,0,0.0
38,WFAgent9,FEMALE_YOUNG_LOW_INCOME,792,792.0,619,619.0
38,WEAgent16,FEMALE_LOW_INCOME,2628,2628.0,1430,1430.0
38,WEAgent17,FEMALE_LOW_INCOME,876,876.0,840,840.0
38,WEAgent14,FEMALE_YOUNG,1341,1341.0,0,0.0
38,WEAgent15,YOUNG_LOW_INCOME,763,763.0,1881,0.0
38,WEAgent12,MALE_OLD_HIGH_INCOME,484,484.0,0,0.0
38,WEAgent13,MALE_OLD_HIGH_INCOME,484,484.0,0,0.0
38,WEAgent9,FEMALE_HIGH_INCOME,397,397.0,0,0.0
38,WEAgent10,FEMALE_HIGH_INCOME,132,132.0,0,0.0
38,WEAgent11,MALE_OLD,520,520.0,1742,0.0
38,WEAgent7,MALE_HIGH_INCOME,530,530.0,343,343.0
38,WEAgent8,MALE_HIGH_INCOME,530,530.0,327,327.0
38,WEAgent1,FEMALE_YOUNG,1341,1341.0,0,0.0
38,WEAgent2,MALE_OLD_HIGH_INCOME,484,484.0,0,0.0
38,WEAgent0,FEMALE_LOW_INCOME,2628,2628.0,1536,1536.0
38,WEAgent5,YOUNG_HIGH_INCOME,154,154.0,405,136.0
38,WEAgent6,MALE_OLD_HIGH_INCOME,484,484.0,0,0.0
38,WEAgent3,FEMALE_HIGH_INCOME,132,132.0,0,0.0
38,WEAgent4,FEMALE_YOUNG_LOW_INCOME,792,792.0,0,0.0
38,WFAgent0,MALE_HIGH_INCOME,530,530.0,355,355.0
38,WFAgent1,FEMALE_LOW_INCOME,876,876.0,0,0.0
38,WFAgent2,MALE_YOUNG,470,470.0,0,0.0
38,WFAgent3,FEMALE_OLD_HIGH_INCOME,162,162.0,0,0.0
38,WFAgent4,FEMALE_YOUNG_LOW_INCOME,792,792.0,0,0.0
38,WFAgent5,MALE_OLD_HIGH_INCOME,161,161.0,161,161.0
39,WFAgent6,MALE_YOUNG_LOW_INCOME,367,367.0,0,0.0
39,WFAgent7,FEMALE_OLD_HIGH_INCOME,162,162.0,0,0.0
39,WFAgent8,FEMALE_YOUNG_HIGH_INCOME,51,51.0,248,0.0
39,WFAgent9,MALE_YOUNG_LOW_INCOME,734,734.0,0,0.0
39,WEAgent16,FEMALE_YOUNG,894,894.0,0,0.0
39,WEAgent17,MALE_OLD,1561,1561.0,0,0.0
39,WEAgent14,MALE_HIGH_INCOME,795,795.0,486,486.0
39,WEAgent15,MALE_YOUNG_LOW_INCOME,367,367.0,0,0.0
39,WEAgent12,YOUNG_LOW_INCOME,2289,2289.0,1926,1926.0
39,WEAgent13,FEMALE_YOUNG_LOW_INCOME,792,792.0,0,0.0
39,WEAgent9,MALE_OLD_HIGH_INCOME,161,161.0,161,160.99999999999997
39,WEAgent10,MALE_HIGH_INCOME,530,530.0,0,0.0
39,WEAgent11,OLD_LOW_INCOME,2517,2517.0,3036,1241.0
39,WEAgent7,MALE_YOUNG_LOW_INCOME,734,734.0,0,0.0
39,WEAgent8,FEMALE_YOUNG_LOW_INCOME,1188,1188.0,965,965.0
39,WEAgent1,MALE_YOUNG_LOW_INCOME,367,367.0,0,0.0
39,WEAgent2,OLD_HIGH_INCOME,729,729.0,608,194.99999999999997
39,WEAgent0,MALE_HIGH_INCOME,795,795.0,465,465.0
39,WEAgent5,OLD_LOW_INCOME,1678,1678.0,1167,1167.0
39,WEAgent6,MALE_HIGH_INCOME,530,530.0,0,0.0
39,WEAgent3,MALE_YOUNG_LOW_INCOME,367,367.0,0,0.0
39,WEAgent4,MALE_HIGH_INCOME,530,530.0,0,0.0
39,WFAgent0,MALE_OLD_HIGH_INCOME,161,161.0,0,0.0
39,WFAgent1,MALE_OLD_LOW_INCOME,718,718.0,0,0.0
39,WFAgent2,MALE_YOUNG_LOW_INCOME,734,734.0,0,0.0
39,WFAgent3,MALE_YOUNG,941,941.0,938,938.0
39,WFAgent4,MALE_LOW_INCOME,726,726.0,0,0.0
39,WFAgent5,OLD_LOW_INCOME,839,839.0,0,0.0
40,WFAgent6,MALE_OLD_LOW_INCOME,1077,1077.0,0,0.0
40,WFAgent7,YOUNG_LOW_INCOME,1526,1526.0,0,0.0
40,WFAgent8,MALE_YOUNG_HIGH_INCOME,206,206.0,0,0.0
40,WFAgent9,YOUNG_HIGH_INCOME,463,463.0,0,0.0
40,WEAgent16,OLD_HIGH_INCOME,243,243.0,0,0.0
40,WEAgent17,MALE_OLD_HIGH_INCOME,161,161.0,0,0.0
40,WEAgent14,MALE_YOUNG_LOW_INCOME,734,734.0,0,0.0
40,WEAgent15,FEMALE_YOUNG_LOW_INCOME,792,792.0,0,0.0
40,WEAgent12,FEMALE_OLD,561,561.0,1886,503.0
40,WEAgent13,MALE_OLD_LOW_INCOME,718,718.0,0,0.0
40,WEAgent9,MALE_OLD,1561,1561.0,1045,1045.0
40,WEAgent10,FEMALE_HIGH_INCOME,132,132.0,0,0.0
40,WEAgent11,MALE_OLD,1041,1041.0,620,620.0
40,WEAgent7,FEMALE_YOUNG_HIGH_INCOME,153,153.0,0,0.0
40,WEAgent8,MALE_OLD,1561,1561.0,1007,1007.0
40,WEAgent1,MALE_LOW_INCOME,726,726.0,0,0.0
40,WEAgent2,FEMALE_YOUNG,447,447.0,0,0.0
40,WEAgent0,YOUNG_LOW_INCOME,2289,2289.0,2102,1732.0
40,WEAgent5,FEMALE_HIGH_INCOME,132,132.0,0,0.0
40,WEAgent6,MALE_OLD_LOW_INCOME,359,359.0,0,0.0
40,WEAgent3,FEMALE_OLD_LOW_INCOME,480,480.0,480,480.0
40,WEAgent4,MALE_YOUNG,1411,1411.0,0,0.0
40,WFAgent0,YOUNG_HIGH_INCOME,154,154.0,724,0.0
40,WFAgent1,FEMALE_YOUNG_LOW_INCOME,792,792.0,792,792.0
40,WFAgent2,FEMALE_OLD_LOW_INCOME,480,480.0,480,480.0
40,WFAgent3,MALE_OLD_HIGH_INCOME,323,323.0,0,0.0
40,WFAgent4,FEMALE_OLD_HIGH_INCOME,81,81.0,0,0.0
40,WFAgent5,MALE_YOUNG,941,941.0,864,864.0
41,WFAgent6,YOUNG_HIGH_INCOME,309,309.0,783,166.25558345447573
41,WFAgent7,FEMALE_YOUNG,447,447.0,447,447.0
41,WFAgent8,FEMALE_YOUNG_LOW_INCOME,396,396.0,0,0.0
41,WFAgent9,FEMALE_OLD_HIGH_INCOME,81,81.0,254,0.0
41,WEAgent16,FEMALE_LOW_INCOME,876,876.0,2380,0.0
41,WEAgent17,MALE_LOW_INCOME,2178,2178.0,0,0.0
41,WEAgent14,OLD_HIGH_INCOME,729,729.0,502,728.9999999999985
41,WEAgent15,MALE_HIGH_INCOME,265,265.0,0,0.0
41,WEAgent12,MALE_HIGH_INCOME,265,265.0,0,0.0
41,WEAgent13,YOUNG_LOW_INCOME,1526,1526.0,1822,0.0
41,WEAgent9,FEMALE_OLD_HIGH_INCOME,81,81.0,0,0.0
41,WEAgent10,MALE_LOW_INCOME,1452,1452.0,0,0.0
41,WEAgent11,MALE_OLD_LOW_INCOME,718,718.0,0,0.0
41,WEAgent7,FEMALE_YOUNG_LOW_INCOME,792,792.0,1463,458.0
41,WEAgent8,MALE_YOUNG_HIGH_INCOME,310,310.0,0,0.0
41,WEAgent1,MALE_OLD,1561,1561.0,0,0.0
41,WEAgent2,MALE_HIGH_INCOME,795,795.0,446,715.4161490683217
41,WEAgent0,MALE_LOW_INCOME,2178,2178.0,0,0.0
41,WEAgent5,YOUNG_HIGH_INCOME,309,309.0,0,0.0
41,WEAgent6,MALE_YOUNG,1411,1411.0,0,0.0
41,WEAgent3,MALE_YOUNG_HIGH_INCOME,103,103.0,0,0.0
41,WEAgent4,MALE_OLD_HIGH_INCOME,484,484.0,0,0.0
41,WFAgent0,MALE_LOW_INCOME,1452,1452.0,0,0.0
41,WFAgent1,MALE_YOUNG,1411,1411.0,0,0.0
41,WFAgent2,OLD_LOW_INCOME,2517,2517.0,1903,0.0
41,WFAgent3,FEMALE_YOUNG,447,447.0,0,0.0
41,WFAgent4,MALE_LOW_INCOME,2178,2178.0,0,0.0
41,WFAgent5,MALE_YOUNG_HIGH_INCOME,103,103.0,0,0.0
42,WFAgent6,MALE_OLD,1041,1041.0,959,959.0
42,WFAgent7,FEMALE_OLD_HIGH_INCOME,244,244.0,0,0.0
42,WFAgent8,YOUNG_LOW_INCOME,1526,1526.0,0,0.0
42,WFAgent9,FEMALE_HIGH_INCOME,265,265.0,0,0.0
42,WEAgent16,MALE_YOUNG_LOW_INCOME,367,367.0,0,0.0
42,WEAgent17,OLD_HIGH_INCOME,729,729.0,149,148.99999999999997
42,WEAgent14,FEMALE_HIGH_INCOME,132,132.0,0,0.0
42,WEAgent15,FEMALE_YOUNG_HIGH_INCOME,153,153.0,237,0.0
42,WEAgent12,MALE_YOUNG,470,470.0,0,0.0
42,WEAgent13,YOUNG_LOW_INCOME,2289,2289.0,1554,1554.0
42,WEAgent9,OLD_HIGH_INCOME,729,729.0,152,151.99999999999997
42,WEAgent10,YOUNG_LOW_INCOME,2289,2289.0,1548,1548.0
42,WEAgent11,MALE_YOUNG_LOW_INCOME,367,367.0,0,0.0
42,WEAgent7,FEMALE_LOW_INCOME,1752,1752.0,1491,1491.0
42,WEAgent8,FEMALE_OLD,1123,1123.0,1168,755.0
42,WEAgent1,FEMALE_YOUNG,447,447.0,0,0.0
42,WEAgent2,MALE_YOUNG,470,470.0,0,0.0
42,WEAgent0,MALE_YOUNG_HIGH_INCOME,310,310.0,0,0.0
42,WEAgent5,MALE_LOW_INCOME,726,726.0,0,0.0
42,WEAgent6,FEMALE_YOUNG_LOW_INCOME,792,792.0,0,0.0
42,WEAgent3,OLD_LOW_INCOME,2517,2517.0,1676,1676.0
42,WEAgent4,FEMALE_YOUNG,447,447.0,0,0.0
42,WFAgent0,MALE_OLD_LOW_INCOME,718,718.0,0,0.0
42,WFAgent1,FEMALE_HIGH_INCOME,132,132.0,0,0.0
42,WFAgent2,MALE_LOW_INCOME,2178,2178.0,0,0.0
42,WFAgent3,YOUNG_LOW_INCOME,763,763.0,0,0.0
42,WFAgent4,FEMALE_YOUNG,894,894.0,0,0.0
42,WFAgent5,MALE_HIGH_INCOME,530,530.0,856,529.9999999999999
43,WFAgent6,FEMALE_OLD_LOW_INCOME,960,960.0,1088,0.0
43,WFAgent7,FEMALE_YOUNG,1341,1341.0,0,0.0
43,WFAgent8,MALE_LOW_INCOME,1452,1452.0,0,0.0
43,WFAgent9,MALE_OLD_LOW_INCOME,359,359.0,0,0.0
43,WEAgent16,MALE_LOW_INCOME,726,726.0,0,0.0
43,WEAgent17,FEMALE_YOUNG_HIGH_INCOME,51,51.0,0,0.0
43,WEAgent14,FEMALE_LOW_INCOME,876,876.0,1220,876.0
43,WEAgent15,FEMALE_YOUNG,1341,1341.0,1029,771.0
43,WEAgent12,FEMALE_HIGH_INCOME,132,132.0,91,91.0
43,WEAgent13,MALE_YOUNG_HIGH_INCOME,206,206.0,0,0.0
43,WEAgent9,MALE_LOW_INCOME,726,726.0,0,0.0
43,WEAgent10,FEMALE_OLD_HIGH_INCOME,162,162.0,102,102.0
43,WEAgent11,FEMALE_HIGH_INCOME,132,132.0,96,96.0
43,WEAgent7,MALE_OLD,1041,1041.0,2014,214.0
43,WEAgent8,MALE_OLD_LOW_INCOME,718,718.0,0,0.0
43,WEAgent1,MALE_YOUNG_HIGH_INCOME,103,103.0,0,0.0
43,WEAgent2,FEMALE_YOUNG,894,894.0,0,0.0
43,WEAgent0,YOUNG_HIGH_INCOME,463,463.0,0,0.0
43,WEAgent5,MALE_YOUNG_LOW_INCOME,367,367.0,0,0.0
43,WEAgent6,YOUNG_LOW_INCOME,2289,2289.0,1730,1730.0
43,WEAgent3,OLD_HIGH_INCOME,486,486.0,0,0.0
43,WEAgent4,FEMALE_OLD_LOW_INCOME,480,480.0,480,480.0
43,WFAgent0,OLD_HIGH_INCOME,729,729.0,304,304.0
43,WFAgent1,MALE_YOUNG_LOW_INCOME,367,367.0,0,0.0
43,WFAgent2,MALE_HIGH_INCOME,530,530.0,773,221.0
43,WFAgent3,MALE_OLD,520,520.0,200,200.0
43,WFAgent4,MALE_LOW_INCOME,1452,1452.0,873,873.0
43,WFAgent5,MALE_LOW_INCOME,726,726.0,0,0.0
44,WFAgent6,FEMALE_HIGH_INCOME,132,132.0,132,132.0
44,WFAgent7,MALE_YOUNG_LOW_INCOME,1101,1101.0,0,0.0
44,WFAgent8,YOUNG_LOW_INCOME,2289,2289.0,0,0.0
44,WFAgent9,YOUNG_HIGH_INCOME,309,309.0,0,0.0
44,WEAgent16,YOUNG_LOW_INCOME,2289,2289.0,0,0.0
44,WEAgent17,FEMALE_OLD,561,561.0,0,0.0
44,WEAgent14,MALE_YOUNG_LOW_INCOME,734,734.0,0,0.0
44,WEAgent15,FEMALE_LOW_INCOME,876,876.0,0,0.0
44,WEAgent12,OLD_HIGH_INCOME,243,243.0,0,0.0
44,WEAgent13,MALE_YOUNG,470,470.0,0,0.0
44,WEAgent9,FEMALE_OLD_LOW_INCOME,480,480.0,0,0.0
44,WEAgent10,OLD_HIGH_INCOME,729,729.0,739,729.0
44,WEAgent11,FEMALE_OLD_HIGH_INCOME,81,81.0,0,0.0
44,WEAgent7,YOUNG_LOW_INCOME,1526,1526.0,1844,0.0
44,WEAgent8,MALE_HIGH_INCOME,795,795.0,743,39.99999999999999
44,WEAgent1,FEMALE_YOUNG_LOW_INCOME,396,396.0,0,0.0
44,WEAgent2,FEMALE_LOW_INCOME,2628,2628.0,4296,0.0
44,WEAgent0,MALE_HIGH_INCOME,265,265.0,0,0.0
44,WEAgent5,MALE_OLD_HIGH_INCOME,323,323.0,0,0.0
44,WEAgent6,YOUNG_HIGH_INCOME,463,463.0,0,0.0
44,WEAgent3,MALE_OLD,520,520.0,520,520.0
44,WEAgent4,MALE_YOUNG_HIGH_INCOME,310,310.0,0,0.0
44,WFAgent0,FEMALE_YOUNG_LOW_INCOME,396,396.0,0,0.0
44,WFAgent1,MALE_OLD,520,520.0,520,520.0
44,WFAgent2,FEMALE_LOW_INCOME,1752,1752.0,0,0.0
44,WFAgent3,MALE_HIGH_INCOME,265,265.0,0,0.0
44,WFAgent4,MALE_OLD,520,520.0,837,493.0
44,WFAgent5,YOUNG_HIGH_INCOME,463,463.0,0,0.0
45,WFAgent6,MALE_YOUNG,941,941.0,0,0.0
45,WFAgent7,FEMALE_OLD_HIGH_INCOME,162,162.0,0,0.0
45,WFAgent8,MALE_YOUNG_HIGH_INCOME,310,310.0,0,0.0
45,WFAgent9,FEMALE_YOUNG,1341,1341.0,0,0.0
45,WEAgent16,FEMALE_YOUNG_LOW_INCOME,792,792.0,0,0.0
45,WEAgent17,FEMALE_YOUNG_LOW_INCOME,792,792.0,0,0.0
45,WEAgent14,FEMALE_YOUNG,447,447.0,0,0.0
45,WEAgent15,MALE_OLD_LOW_INCOME,1077,1077.0,0,0.0
45,WEAgent12,OLD_HIGH_INCOME,729,729.0,617,728.9999999999985
45,WEAgent13,MALE_YOUNG_LOW_INCOME,1101,1101.0,0,0.0
45,WEAgent9,FEMALE_LOW_INCOME,876,876.0,2313,876.0
45,WEAgent10,MALE_YOUNG_HIGH_INCOME,103,103.0,0,0.0
45,WEAgent11,OLD_LOW_INCOME,2517,2517.0,3355,869.0
45,WEAgent7,FEMALE_OLD,1123,1123.0,0,0.0
45,WEAgent8,OLD_LOW_INCOME,839,839.0,0,0.0
45,WEAgent1,MALE_OLD_LOW_INCOME,718,718.0,0,0.0
45,WEAgent2,FEMALE_YOUNG_HIGH_INCOME,153,153.0,0,0.0
45,WEAgent0,MALE_OLD_LOW_INCOME,718,718.0,0,0.0
45,WEAgent5,FEMALE_OLD,1123,1123.0,0,0.0
45,WEAgent6,MALE_LOW_INCOME,2178,2178.0,0,0.0
45,WEAgent3,MALE_HIGH_INCOME,265,265.0,0,0.0
45,WEAgent4,MALE_HIGH_INCOME,795,795.0,457,654.2888198757761
45,WFAgent0,MALE_YOUNG_HIGH_INCOME,206,206.0,0,0.0
45,WFAgent1,OLD_LOW_INCOME,1678,1678.0,0,0.0
45,WFAgent2,YOUNG_LOW_INCOME,1526,1526.0,0,0.0
45,WFAgent3,MALE_YOUNG_HIGH_INCOME,103,103.0,0,0.0
45,WFAgent4,MALE_YOUNG_LOW_INCOME,1101,1101.0,0,0.0
45,WFAgent5,MALE_YOUNG_HIGH_INCOME,310,310.0,556,178.10810096471783
46,WFAgent6,MALE_OLD,520,520.0,0,0.0
46,WFAgent7,FEMALE_OLD_LOW_INCOME,960,960.0,0,0.0
46,WFAgent8,FEMALE_OLD_LOW_INCOME,960,960.0,383,383.0
46,WFAgent9,FEMALE_OLD_LOW_INCOME,960,960.0,386,386.0
46,WEAgent16,FEMALE_YOUNG,894,894.0,894,894.0
46,WEAgent17,MALE_YOUNG,941,941.0,2366,0.0
46,WEAgent14,FEMALE_OLD_LOW_INCOME,960,960.0,384,384.0
46,WEAgent15,FEMALE_YOUNG_LOW_INCOME,792,792.0,0,0.0
46,WEAgent12,FEMALE_YOUNG_HIGH_INCOME,153,153.0,0,0.0
46,WEAgent13,OLD_HIGH_INCOME,486,486.0,0,0.0
46,WEAgent9,FEMALE_OLD_LOW_INCOME,960,960.0,386,386.0
46,WEAgent10,MALE_HIGH_INCOME,530,530.0,626,122.99999999999999
46,WEAgent11,MALE_OLD,520,520.0,0,0.0
46,WEAgent7,FEMALE_OLD_HIGH_INCOME,244,244.0,0,0.0
46,WEAgent8,MALE_OLD,520,520.0,0,0.0
46,WEAgent1,FEMALE_OLD,561,561.0,825,409.0
46,WEAgent2,MALE_OLD_HIGH_INCOME,161,161.0,161,160.99999999999997
46,WEAgent0,FEMALE_YOUNG,894,894.0,1120,883.0
46,WEAgent5,MALE_OLD_HIGH_INCOME,323,323.0,0,0.0
46,WEAgent6,MALE_YOUNG_HIGH_INCOME,310,310.0,0,0.0
46,WEAgent3,FEMALE_YOUNG_LOW_INCOME,792,792.0,0,0.0
46,WEAgent4,OLD_LOW_INCOME,2517,2517.0,1683,906.0
46,WFAgent0,FEMALE_YOUNG_HIGH_INCOME,102,102.0,266,0.0
46,WFAgent1,OLD_LOW_INCOME,2517,2517.0,0,0.0
46,WFAgent2,FEMALE_YOUNG,1341,1341.0,0,0.0
46,WFAgent3,MALE_OLD,520,520.0,520,520.0
46,WFAgent4,FEMALE_LOW_INCOME,876,876.0,0,0.0
46,WFAgent5,FEMALE_LOW_INCOME,876,876.0,0,0.0
47,WFAgent6,FEMALE_OLD,1684,1684.0,0,0.0
47,WFAgent7,FEMALE_HIGH_INCOME,397,397.0,118,118.0
47,WFAgent8,MALE_OLD_HIGH_INCOME,323,323.0,0,0.0
47,WFAgent9,YOUNG_HIGH_INCOME,309,309.0,244,243.99999999999997
47,WEAgent16,OLD_HIGH_INCOME,486,486.0,0,0.0
47,WEAgent17,YOUNG_LOW_INCOME,1526,1526.0,791,791.0
47,WEAgent14,FEMALE_OLD_HIGH_INCOME,244,244.0,0,0.0
47,WEAgent15,MALE_OLD,1561,1561.0,2243,425.0
47,WEAgent12,FEMALE_LOW_INCOME,2628,2628.0,2911,901.0
47,WEAgent13,FEMALE_YOUNG,894,894.0,0,0.0
47,WEAgent9,FEMALE_YOUNG_LOW_INCOME,792,792.0,0,0.0
47,WEAgent10,MALE_HIGH_INCOME,265,265.0,196,195.99999999999997
47,WEAgent11,MALE_LOW_INCOME,1452,1452.0,0,0.0
47,WEAgent7,FEMALE_OLD_HIGH_INCOME,244,244.0,0,0.0
47,WEAgent8,FEMALE_YOUNG_HIGH_INCOME,51,51.0,0,0.0
47,WEAgent1,YOUNG_HIGH_INCOME,309,309.0,210,209.99999999999997
47,WEAgent2,FEMALE_OLD,1684,1684.0,1104,1104.0
47,WEAgent0,MALE_YOUNG_HIGH_INCOME,103,103.0,0,0.0
47,WEAgent5,MALE_YOUNG,470,470.0,470,470.0
47,WEAgent6,MALE_YOUNG,1411,1411.0,0,0.0
47,WEAgent3,YOUNG_LOW_INCOME,763,763.0,0,0.0
47,WEAgent4,YOUNG_LOW_INCOME,1526,1526.0,734,734.0
47,WFAgent0,MALE_OLD_LOW_INCOME,1077,1077.0,0,0.0
47,WFAgent1,FEMALE_OLD_HIGH_INCOME,162,162.0,133,133.0
47,WFAgent2,FEMALE_LOW_INCOME,876,876.0,0,0.0
47,WFAgent3,MALE_OLD_HIGH_INCOME,484,484.0,366,366.0
47,WFAgent4,FEMALE_OLD_LOW_INCOME,480,480.0,480,480.0
47,WFAgent5,MALE_YOUNG,1411,1411.0,0,0.0
48,WFAgent6,MALE_OLD_LOW_INCOME,359,359.0,359,359.0
48,WFAgent7,FEMALE_YOUNG_LOW_INCOME,792,792.0,0,0.0
48,WFAgent8,FEMALE_YOUNG_LOW_INCOME,1188,1188.0,0,0.0
48,WFAgent9,YOUNG_HIGH_INCOME,309,309.0,309,309.0
48,WEAgent16,MALE_HIGH_INCOME,265,265.0,0,0.0
48,WEAgent17,FEMALE_YOUNG,447,447.0,0,0.0
48,WEAgent14,FEMALE_YOUNG_HIGH_INCOME,51,51.0,0,0.0
48,WEAgent15,MALE_YOUNG,470,470.0,0,0.0
48,WEAgent12,MALE_YOUNG,941,941.0,2096,209.0
48,WEAgent13,MALE_YOUNG,1411,1411.0,0,0.0
48,WEAgent9,FEMALE_HIGH_INCOME,132,132.0,0,0.0
48,WEAgent10,YOUNG_HIGH_INCOME,154,154.0,0,0.0
48,WEAgent11,FEMALE_YOUNG_HIGH_INCOME,153,153.0,0,0.0
48,WEAgent7,OLD_HIGH_INCOME,486,486.0,0,0.0
48,WEAgent8,MALE_LOW_INCOME,1452,1452.0,716,716.0
48,WEAgent1,FEMALE_YOUNG,447,447.0,0,0.0
48,WEAgent2,MALE_YOUNG_HIGH_INCOME,206,206.0,0,0.0
48,WEAgent0,MALE_YOUNG_LOW_INCOME,1101,1101.0,0,0.0
48,WEAgent5,FEMALE_OLD_HIGH_INCOME,244,244.0,237,186.0
48,WEAgent6,FEMALE_OLD_HIGH_INCOME,81,81.0,0,0.0
48,WEAgent3,MALE_YOUNG_LOW_INCOME,367,367.0,0,0.0
48,WEAgent4,MALE_LOW_INCOME,1452,1452.0,710,710.0
48,WFAgent0,FEMALE_OLD_LOW_INCOME,960,960.0,2333,0.0
48,WFAgent1,FEMALE_OLD_HIGH_INCOME,162,162.0,162,162.0
48,WFAgent2,MALE_HIGH_INCOME,795,795.0,0,0.0
48,WFAgent3,MALE_YOUNG_HIGH_INCOME,103,103.0,103,103.0
48,WFAgent4,FEMALE_HIGH_INCOME,132,132.0,0,0.0
48,WFAgent5,FEMALE_YOUNG,1341,1341.0,2165,120.0
49,WFAgent6,MALE_HIGH_INCOME,265,265.0,265,265.0
49,WFAgent7,FEMALE_OLD_LOW_INCOME,960,960.0,960,960.0
49,WFAgent8,FEMALE_HIGH_INCOME,132,132.0,91,76.0
49,WFAgent9,MALE_OLD_LOW_INCOME,718,718.0,0,0.0
49,WEAgent16,MALE_YOUNG_HIGH_INCOME,310,310.0,0,0.0
49,WEAgent17,FEMALE_YOUNG,447,447.0,447,447.0
49,WEAgent14,FEMALE_YOUNG_LOW_INCOME,396,396.0,0,0.0
49,WEAgent15,OLD_LOW_INCOME,839,839.0,0,0.0
49,WEAgent12,MALE_YOUNG_LOW_INCOME,367,367.0,0,0.0
49,WEAgent13,FEMALE_HIGH_INCOME,265,265.0,227,176.0
49,WEAgent9,MALE_YOUNG,941,941.0,943,941.0
49,WEAgent10,FEMALE_OLD_LOW_INCOME,960,960.0,1003,959.0
49,WEAgent11,MALE_HIGH_INCOME,265,265.0,781,0.0
49,WEAgent7,YOUNG_HIGH_INCOME,154,154.0,0,0.0
49,WEAgent8,MALE_OLD_HIGH_INCOME,323,323.0,0,0.0
49,WEAgent1,MALE_YOUNG_HIGH_INCOME,310,310.0,0,0.0
49,WEAgent2,FEMALE_YOUNG_LOW_INCOME,792,792.0,0,0.0
49,WEAgent0,FEMALE_LOW_INCOME,876,876.0,876,876.0
49,WEAgent5,MALE_YOUNG_HIGH_INCOME,206,206.0,0,0.0
49,WEAgent6,MALE_YOUNG_LOW_INCOME,1101,1101.0,730,726.0
49,WEAgent3,FEMALE_YOUNG_LOW_INCOME,1188,1188.0,1122,464.0
49,WEAgent4,FEMALE_OLD_HIGH_INCOME,244,244.0,0,0.0
49,WFAgent0,MALE_YOUNG_HIGH_INCOME,310,310.0,0,0.0
49,WFAgent1,MALE_OLD,520,520.0,0,0.0
49,WFAgent2,MALE_OLD_HIGH_INCOME,323,323.0,0,0.0
49,WFAgent3,MALE_OLD_LOW_INCOME,1077,1077.0,0,0.0
49,WFAgent4,MALE_YOUNG,470,470.0,470,470.0
49,WFAgent5,FEMALE_HIGH_INCOME,265,265.0,265,265.0
50,WFAgent6,FEMALE_OLD_LOW_INCOME,960,960.0,0,0.0
50,WFAgent7,MALE_HIGH_INCOME,530,530.0,530,530.0
50,WFAgent8,MALE_OLD,1561,1561.0,477,477.0
50,WFAgent9,FEMALE_OLD_LOW_INCOME,1440,1440.0,1194,1194.0
50,WEAgent16,YOUNG_LOW_INCOME,1526,1526.0,745,745.0
50,WEAgent17,MALE_YOUNG_LOW_INCOME,1101,1101.0,0,0.0
50,WEAgent14,MALE_OLD,1041,1041.0,0,0.0
50,WEAgent15,MALE_YOUNG_HIGH_INCOME,310,310.0,137,137.0
50,WEAgent12,FEMALE_LOW_INCOME,1752,1752.0,1019,1019.0
50,WEAgent13,FEMALE_OLD_LOW_INCOME,1440,1440.0,0,0.0
50,WEAgent9,YOUNG_HIGH_INCOME,309,309.0,292,292.0
50,WEAgent10,MALE_HIGH_INCOME,530,530.0,0,0.0
50,WEAgent11,MALE_OLD,1561,1561.0,825,794.0
50,WEAgent7,FEMALE_LOW_INCOME,1752,1752.0,1012,1012.0
50,WEAgent8,FEMALE_OLD_LOW_INCOME,960,960.0,0,0.0
50,WEAgent1,OLD_LOW_INCOME,1678,1678.0,1573,1573.0
50,WEAgent2,MALE_OLD_LOW_INCOME,359,359.0,0,0.0
50,WEAgent0,MALE_YOUNG_HIGH_INCOME,206,206.0,0,0.0
50,WEAgent5,MALE_YOUNG_HIGH_INCOME,310,310.0,133,133.0
50,WEAgent6,MALE_OLD_LOW_INCOME,1077,1077.0,0,0.0
50,WEAgent3,MALE_HIGH_INCOME,530,530.0,0,0.0
50,WEAgent4,FEMALE_YOUNG_HIGH_INCOME,153,153.0,126,126.0
50,WFAgent0,FEMALE_OLD_HIGH_INCOME,162,162.0,415,0.0
50,WFAgent1,FEMALE_YOUNG_HIGH_INCOME,153,153.0,0,0.0
50,WFAgent2,FEMALE_YOUNG_HIGH_INCOME,102,102.0,0,0.0
50,WFAgent3,MALE_YOUNG,1411,1411.0,709,709.0
50,WFAgent4,OLD_LOW_INCOME,1678,1678.0,446,446.0
50,WFAgent5,MALE_YOUNG_LOW_INCOME,367,367.0,367,367.0
51,WFAgent6,OLD_HIGH_INCOME,729,729.0,0,0.0
51,WFAgent7,YOUNG_LOW_INCOME,2289,2289.0,2326,522.0
51,WFAgent8,OLD_HIGH_INCOME,729,729.0,0,0.0
51,WFAgent9,OLD_LOW_INCOME,839,839.0,591,542.0
51,WEAgent16,FEMALE_OLD_LOW_INCOME,480,480.0,480,480.0
51,WEAgent17,FEMALE_YOUNG_HIGH_INCOME,102,102.0,0,0.0
51,WEAgent14,YOUNG_LOW_INCOME,1526,1526.0,514,514.0
51,WEAgent15,FEMALE_OLD_LOW_INCOME,480,480.0,480,480.0
51,WEAgent12,FEMALE_YOUNG,894,894.0,0,0.0
51,WEAgent13,MALE_YOUNG,1411,1411.0,0,0.0
51,WEAgent9,MALE_YOUNG_LOW_INCOME,367,367.0,0,0.0
51,WEAgent10,FEMALE_YOUNG_HIGH_INCOME,153,153.0,176,77.0
51,WEAgent11,FEMALE_OLD_HIGH_INCOME,244,244.0,187,118.0
51,WEAgent7,FEMALE_HIGH_INCOME,132,132.0,132,132.0
51,WEAgent8,MALE_YOUNG,1411,1411.0,0,0.0
51,WEAgent1,OLD_LOW_INCOME,839,839.0,839,839.0
51,WEAgent2,MALE_OLD,1041,1041.0,539,539.0
51,WEAgent0,FEMALE_YOUNG_HIGH_INCOME,51,51.0,0,0.0
51,WEAgent5,MALE_HIGH_INCOME,530,530.0,0,0.0
51,WEAgent6,FEMALE_OLD_HIGH_INCOME,81,81.0,81,81.0
51,WEAgent3,MALE_OLD,1561,1561.0,1020,743.0
51,WEAgent4,MALE_YOUNG_HIGH_INCOME,206,206.0,206,206.0
51,WFAgent0,FEMALE_YOUNG_LOW_INCOME,396,396.0,396,396.0
51,WFAgent1,OLD_HIGH_INCOME,243,243.0,243,243.0
51,WFAgent2,OLD_LOW_INCOME,839,839.0,839,839.0
51,WFAgent3,MALE_HIGH_INCOME,265,265.0,324,210.0
51,WFAgent4,FEMALE_OLD_HIGH_INCOME,81,81.0,81,81.0
51,WFAgent5,FEMALE_YOUNG_LOW_INCOME,792,792.0,546,546.0
52,WFAgent6,MALE_OLD_LOW_INCOME,718,718.0,0,0.0
52,WFAgent7,FEMALE_YOUNG,447,447.0,571,447.0
52,WFAgent8,FEMALE_YOUNG,1341,1341.0,0,0.0
52,WFAgent9,YOUNG_HIGH_INCOME,154,154.0,0,0.0
52,WEAgent16,FEMALE_LOW_INCOME,1752,1752.0,1863,1752.0
52,WEAgent17,MALE_OLD_LOW_INCOME,718,718.0,0,0.0
52,WEAgent14,YOUNG_LOW_INCOME,1526,1526.0,1470,383.0
52,WEAgent15,MALE_YOUNG_LOW_INCOME,1101,1101.0,0,0.0
52,WEAgent12,MALE_OLD,1041,1041.0,0,0.0
52,WEAgent13,OLD_HIGH_INCOME,243,243.0,829,0.0
52,WEAgent9,FEMALE_YOUNG,894,894.0,0,0.0
52,WEAgent10,FEMALE_YOUNG_LOW_INCOME,396,396.0,0,0.0
52,WEAgent11,FEMALE_YOUNG,894,894.0,0,0.0
52,WEAgent7,FEMALE_OLD,561,561.0,0,0.0
52,WEAgent8,MALE_YOUNG_LOW_INCOME,367,367.0,0,0.0
52,WEAgent1,MALE_YOUNG,470,470.0,470,470.0
52,WEAgent2,FEMALE_YOUNG_HIGH_INCOME,51,51.0,0,0.0
52,WEAgent0,YOUNG_HIGH_INCOME,309,309.0,416,98.99999999999999
52,WEAgent5,MALE_LOW_INCOME,1452,1452.0,0,0.0
52,WEAgent6,MALE_YOUNG_LOW_INCOME,1101,1101.0,0,0.0
52,WEAgent3,MALE_LOW_INCOME,1452,1452.0,0,0.0
52,WEAgent4,FEMALE_YOUNG_LOW_INCOME,1188,1188.0,0,0.0
52,WFAgent0,FEMALE_OLD_LOW_INCOME,480,480.0,0,0.0
52,WFAgent1,FEMALE_LOW_INCOME,876,876.0,0,0.0
52,WFAgent2,MALE_LOW_INCOME,726,726.0,0,0.0
52,WFAgent3,OLD_HIGH_INCOME,486,486.0,0,0.0
52,WFAgent4,OLD_LOW_INCOME,839,839.0,0,0.0
52,WFAgent5,OLD_LOW_INCOME,2517,2517.0,2894,0.0
53,WFAgent6,MALE_OLD_LOW_INCOME,718,718.0,0,0.0
53,WFAgent7,OLD_LOW_INCOME,839,839.0,0,0.0
53,WFAgent8,FEMALE_YOUNG,894,894.0,0,0.0
53,WFAgent9,MALE_LOW_INCOME,2178,2178.0,0,0.0
53,WEAgent16,YOUNG_HIGH_INCOME,154,154.0,0,0.0
53,WEAgent17,FEMALE_YOUNG,447,447.0,447,446.99999999999994
53,WEAgent14,MALE_OLD_HIGH_INCOME,161,161.0,0,0.0
53,WEAgent15,MALE_YOUNG,1411,1411.0,1235,1235.0
53,WEAgent12,FEMALE_YOUNG,447,447.0,447,446.99999999999994
53,WEAgent13,FEMALE_HIGH_INCOME,397,397.0,200,200.0
53,WEAgent9,OLD_LOW_INCOME,2517,2517.0,2844,905.0
53,WEAgent10,MALE_LOW_INCOME,2178,2178.0,0,0.0
53,WEAgent11,MALE_YOUNG,1411,1411.0,1139,1139.0
53,WEAgent7,FEMALE_YOUNG,894,894.0,693,693.0
53,WEAgent8,FEMALE_YOUNG_LOW_INCOME,396,396.0,0,0.0
53,WEAgent1,MALE_OLD,1561,1561.0,0,0.0
53,WEAgent2,FEMALE_YOUNG_HIGH_INCOME,102,102.0,0,0.0
53,WEAgent0,MALE_HIGH_INCOME,530,530.0,307,307.0
53,WEAgent5,MALE_HIGH_INCOME,530,530.0,335,335.0
53,WEAgent6,MALE_OLD_LOW_INCOME,359,359.0,0,0.0
53,WEAgent3,FEMALE_YOUNG,894,894.0,668,668.0
53,WEAgent4,MALE_OLD_HIGH_INCOME,323,323.0,0,0.0
53,WFAgent0,FEMALE_YOUNG_HIGH_INCOME,51,51.0,0,0.0
53,WFAgent1,MALE_OLD_HIGH_INCOME,161,161.0,161,161.0
53,WFAgent2,MALE_LOW_INCOME,2178,2178.0,0,0.0
53,WFAgent3,FEMALE_OLD_LOW_INCOME,480,480.0,480,480.0
53,WFAgent4,OLD_LOW_INCOME,839,839.0,839,839.0
53,WFAgent5,OLD_HIGH_INCOME,243,243.0,205,205.0
54,WFAgent6,OLD_LOW_INCOME,839,839.0,1807,0.0
54,WFAgent7,MALE_YOUNG_HIGH_INCOME,206,206.0,0,0.0
54,WFAgent8,MALE_LOW_INCOME,1452,1452.0,924,924.0
54,WFAgent9,FEMALE_OLD_LOW_INCOME,480,480.0,480,480.0
54,WEAgent16,YOUNG_LOW_INCOME,1526,1526.0,898,898.0
54,WEAgent17,MALE_OLD_LOW_INCOME,1077,1077.0,0,0.0
54,WEAgent14,MALE_OLD_HIGH_INCOME,161,161.0,0,0.0
54,WEAgent15,MALE_OLD_HIGH_INCOME,484,484.0,0,0.0
54,WEAgent12,FEMALE_YOUNG_HIGH_INCOME,51,51.0,0,0.0
54,WEAgent13,MALE_YOUNG_LOW_INCOME,734,734.0,0,0.0
54,WEAgent9,YOUNG_HIGH_INCOME,309,309.0,0,0.0
54,WEAgent10,FEMALE_OLD,1123,1123.0,1361,528.0
54,WEAgent11,FEMALE_HIGH_INCOME,397,397.0,0,0.0
54,WEAgent7,FEMALE_OLD_LOW_INCOME,480,480.0,480,480.0
54,WEAgent8,MALE_OLD_HIGH_INCOME,323,323.0,0,0.0
54,WEAgent1,FEMALE_OLD_LOW_INCOME,480,480.0,480,480.0
54,WEAgent2,FEMALE_YOUNG,447,447.0,1950,0.0
54,WEAgent0,OLD_HIGH_INCOME,729,729.0,796,0.0
54,WEAgent5,MALE_YOUNG_LOW_INCOME,367,367.0,0,0.0
54,WEAgent6,MALE_YOUNG_HIGH_INCOME,103,103.0,0,0.0
54,WEAgent3,MALE_YOUNG_HIGH_INCOME,206,206.0,0,0.0
54,WEAgent4,MALE_YOUNG_HIGH_INCOME,206,206.0,0,0.0
54,WFAgent0,FEMALE_HIGH_INCOME,265,265.0,0,0.0
54,WFAgent1,FEMALE_OLD_HIGH_INCOME,81,81.0,0,0.0
54,WFAgent2,YOUNG_HIGH_INCOME,463,463.0,0,0.0
54,WFAgent3,FEMALE_HIGH_INCOME,397,397.0,0,0.0
54,WFAgent4,MALE_YOUNG_HIGH_INCOME,310,310.0,350,228.0
54,WFAgent5,MALE_YOUNG_HIGH_INCOME,206,206.0,206,206.0
55,WFAgent6,YOUNG_HIGH_INCOME,463,463.0,0,0.0
55,WFAgent7,FEMALE_HIGH_INCOME,397,397.0,0,0.0
55,WFAgent8,FEMALE_OLD,1123,1123.0,670,670.0
55,WFAgent9,MALE_YOUNG_HIGH_INCOME,206,206.0,0,0.0
55,WEAgent16,MALE_HIGH_INCOME,265,265.0,0,0.0
55,WEAgent17,OLD_LOW_INCOME,839,839.0,839,839.0
55,WEAgent14,FEMALE_YOUNG,1341,1341.0,0,0.0
55,WEAgent15,FEMALE_LOW_INCOME,876,876.0,0,0.0
55,WEAgent12,MALE_OLD_HIGH_INCOME,484,484.0,0,0.0
55,WEAgent13,FEMALE_LOW_INCOME,876,876.0,0,0.0
55,WEAgent9,FEMALE_OLD_HIGH_INCOME,244,244.0,216,216.0
55,WEAgent10,FEMALE_HIGH_INCOME,397,397.0,465,193.0
55,WEAgent11,FEMALE_OLD,1684,1684.0,0,0.0
55,WEAgent7,FEMALE_YOUNG_LOW_INCOME,1188,1188.0,0,0.0
55,WEAgent8,FEMALE_YOUNG_HIGH_INCOME,51,51.0,0,0.0
55,WEAgent1,FEMALE_HIGH_INCOME,132,132.0,0,0.0
55,WEAgent2,MALE_YOUNG,470,470.0,534,0.0
55,WEAgent0,MALE_OLD,520,520.0,520,520.0
55,WEAgent5,FEMALE_LOW_INCOME,2628,2628.0,1588,1588.0
55,WEAgent6,MALE_OLD,1041,1041.0,787,278.0
55,WEAgent3,MALE_HIGH_INCOME,265,265.0,0,0.0
55,WEAgent4,FEMALE_YOUNG,1341,1341.0,0,0.0
55,WFAgent0,FEMALE_YOUNG_HIGH_INCOME,102,102.0,0,0.0
55,WFAgent1,FEMALE_LOW_INCOME,1752,1752.0,716,716.0
55,WFAgent2,MALE_OLD_HIGH_INCOME,484,484.0,314,314.0
55,WFAgent3,MALE_OLD_LOW_INCOME,359,359.0,359,359.0
55,WFAgent4,FEMALE_YOUNG,1341,1341.0,993,993.0
55,WFAgent5,OLD_HIGH_INCOME,243,243.0,243,243.0
56,WFAgent6,MALE_LOW_INCOME,1452,1452.0,1327,1327.0
56,WFAgent7,YOUNG_HIGH_INCOME,309,309.0,259,259.0
56,WFAgent8,OLD_HIGH_INCOME,243,243.0,243,243.0
56,WFAgent9,FEMALE_OLD,1123,1123.0,0,0.0
56,WEAgent16,MALE_YOUNG,1411,1411.0,0,0.0
56,WEAgent17,FEMALE_YOUNG_HIGH_INCOME,153,153.0,0,0.0
56,WEAgent14,FEMALE_OLD_HIGH_INCOME,244,244.0,175,175.0
56,WEAgent15,MALE_YOUNG,1411,1411.0,0,0.0
56,WEAgent12,FEMALE_OLD_LOW_INCOME,1440,1440.0,0,0.0
56,WEAgent13,MALE_OLD_HIGH_INCOME,323,323.0,0,0.0
56,WEAgent9,MALE_YOUNG_HIGH_INCOME,310,310.0,188,188.0
56,WEAgent10,YOUNG_HIGH_INCOME,154,154.0,0,0.0
56,WEAgent11,FEMALE_HIGH_INCOME,265,265.0,263,263.0
56,WEAgent7,FEMALE_OLD,1123,1123.0,0,0.0
56,WEAgent8,MALE_LOW_INCOME,1452,1452.0,1339,1339.0
56,WEAgent1,YOUNG_HIGH_INCOME,309,309.0,269,269.0
56,WEAgent2,FEMALE_OLD,1684,1684.0,0,0.0
56,WEAgent0,FEMALE_LOW_INCOME,2628,2628.0,2194,2194.0
56,WEAgent5,FEMALE_YOUNG_LOW_INCOME,1188,1188.0,0,0.0
56,WEAgent6,OLD_LOW_INCOME,2517,2517.0,1701,1701.0
56,WEAgent3,FEMALE_YOUNG_HIGH_INCOME,51,51.0,0,0.0
56,WEAgent4,FEMALE_OLD_LOW_INCOME,1440,1440.0,0,0.0
56,WFAgent0,MALE_YOUNG_LOW_INCOME,734,734.0,0,0.0
56,WFAgent1,FEMALE_LOW_INCOME,1752,1752.0,0,0.0
56,WFAgent2,FEMALE_OLD_HIGH_INCOME,81,81.0,0,0.0
56,WFAgent3,MALE_HIGH_INCOME,265,265.0,587,196.0
56,WFAgent4,MALE_OLD,1561,1561.0,453,453.0
56,WFAgent5,FEMALE_YOUNG,1341,1341.0,1002,1002.0
57,WFAgent6,FEMALE_OLD,1123,1123.0,455,455.0
57,WFAgent7,MALE_YOUNG,1411,1411.0,0,0.0
57,WFAgent8,MALE_OLD_HIGH_INCOME,161,161.0,0,0.0
57,WFAgent9,FEMALE_YOUNG_HIGH_INCOME,102,102.0,0,0.0
57,WEAgent16,MALE_LOW_INCOME,2178,2178.0,3053,543.0
57,WEAgent17,OLD_HIGH_INCOME,243,243.0,0,0.0
57,WEAgent14,MALE_HIGH_INCOME,265,265.0,0,0.0
57,WEAgent15,OLD_LOW_INCOME,839,839.0,0,0.0
57,WEAgent12,FEMALE_HIGH_INCOME,265,265.0,0,0.0
57,WEAgent13,FEMALE_YOUNG_LOW_INCOME,1188,1188.0,0,0.0
57,WEAgent9,FEMALE_YOUNG_LOW_INCOME,396,396.0,0,0.0
57,WEAgent10,YOUNG_LOW_INCOME,1526,1526.0,0,0.0
57,WEAgent11,FEMALE_LOW_INCOME,2628,2628.0,1555,1555.0
57,WEAgent7,FEMALE_YOUNG_HIGH_INCOME,102,102.0,299,0.0
57,WEAgent8,MALE_OLD,1041,1041.0,0,0.0
57,WEAgent1,YOUNG_HIGH_INCOME,309,309.0,0,0.0
57,WEAgent2,FEMALE_LOW_INCOME,2628,2628.0,1442,1442.0
57,WEAgent0,MALE_OLD_LOW_INCOME,1077,1077.0,0,0.0
57,WEAgent5,YOUNG_LOW_INCOME,1526,1526.0,0,0.0
57,WEAgent6,FEMALE_OLD,1684,1684.0,496,484.0
57,WEAgent3,MALE_OLD,1041,1041.0,0,0.0
57,WEAgent4,OLD_HIGH_INCOME,486,486.0,0,0.0
57,WFAgent0,MALE_YOUNG,470,470.0,782,470.0
57,WFAgent1,FEMALE_OLD,1684,1684.0,463,463.0
57,WFAgent2,FEMALE_OLD,1123,1123.0,0,0.0
57,WFAgent3,FEMALE_HIGH_INCOME,397,397.0,397,396.99999999999994
57,WFAgent4,OLD_HIGH_INCOME,729,729.0,0,0.0
57,WFAgent5,MALE_YOUNG_LOW_INCOME,734,734.0,0,0.0
58,WFAgent6,MALE_YOUNG_HIGH_INCOME,310,310.0,166,166.0
58,WFAgent7,FEMALE_LOW_INCOME,876,876.0,876,876.0
58,WFAgent8,MALE_OLD,1561,1561.0,0,0.0
58,WFAgent9,FEMALE_YOUNG_LOW_INCOME,1188,1188.0,420,420.0
58,WEAgent16,MALE_OLD_HIGH_INCOME,161,161.0,0,0.0
58,WEAgent17,FEMALE_YOUNG,447,447.0,0,0.0
58,WEAgent14,FEMALE_YOUNG,1341,1341.0,637,401.0
58,WEAgent15,MALE_OLD,520,520.0,0,0.0
58,WEAgent12,YOUNG_LOW_INCOME,2289,2289.0,1332,1332.0
58,WEAgent13,MALE_LOW_INCOME,1452,1452.0,0,0.0
58,WEAgent9,MALE_LOW_INCOME,2178,2178.0,0,0.0
58,WEAgent10,OLD_HIGH_INCOME,729,729.0,0,0.0
58,WEAgent11,MALE_YOUNG,1411,1411.0,0,0.0
58,WEAgent7,MALE_OLD_HIGH_INCOME,484,484.0,0,0.0
58,WEAgent8,FEMALE_YOUNG_LOW_INCOME,1188,1188.0,0,0.0
58,WEAgent1,MALE_HIGH_INCOME,795,795.0,603,603.0
58,WEAgent2,MALE_LOW_INCOME,726,726.0,0,0.0
58,WEAgent0,OLD_LOW_INCOME,2517,2517.0,2675,875.0
58,WEAgent5,MALE_OLD_LOW_INCOME,359,359.0,0,0.0
58,WEAgent6,MALE_HIGH_INCOME,530,530.0,388,388.0
58,WEAgent3,FEMALE_OLD_HIGH_INCOME,81,81.0,0,0.0
58,WEAgent4,FEMALE_OLD,1123,1123.0,1343,928.0
58,WFAgent0,MALE_YOUNG_LOW_INCOME,734,734.0,0,0.0
58,WFAgent1,MALE_HIGH_INCOME,265,265.0,181,181.0
58,WFAgent2,FEMALE_OLD_HIGH_INCOME,162,162.0,0,0.0
58,WFAgent3,FEMALE_YOUNG_HIGH_INCOME,153,153.0,0,0.0
58,WFAgent4,YOUNG_LOW_INCOME,763,763.0,411,411.0
58,WFAgent5,MALE_YOUNG,1411,1411.0,968,968.0
59,WFAgent6,MALE_OLD_HIGH_INCOME,484,484.0,0,0.0
59,WFAgent7,YOUNG_LOW_INCOME,2289,2289.0,0,0.0
59,WFAgent8,MALE_LOW_INCOME,2178,2178.0,0,0.0
59,WFAgent9,FEMALE_YOUNG_HIGH_INCOME,153,153.0,0,0.0
59,WEAgent16,FEMALE_OLD_LOW_INCOME,960,960.0,960,960.0
59,WEAgent17,FEMALE_YOUNG,447,447.0,0,0.0
59,WEAgent14,FEMALE_LOW_INCOME,876,876.0,0,0.0
59,WEAgent15,YOUNG_LOW_INCOME,1526,1526.0,992,992.0
59,WEAgent12,MALE_OLD_LOW_INCOME,1077,1077.0,1041,684.0
59,WEAgent13,MALE_HIGH_INCOME,265,265.0,0,0.0
59,WEAgent9,FEMALE_YOUNG,1341,1341.0,0,0.0
59,WEAgent10,FEMALE_YOUNG,894,894.0,0,0.0
59,WEAgent11,MALE_YOUNG_HIGH_INCOME,103,103.0,0,0.0
59,WEAgent7,MALE_YOUNG,1411,1411.0,0,0.0
59,WEAgent8,MALE_YOUNG_HIGH_INCOME,206,206.0,204,203.99999999999997
59,WEAgent1,FEMALE_OLD_LOW_INCOME,1440,1440.0,1426,877.0
59,WEAgent2,MALE_OLD,1041,1041.0,1041,1041.0
59,WEAgent0,YOUNG_LOW_INCOME,763,763.0,0,0.0
59,WEAgent5,MALE_YOUNG_HIGH_INCOME,103,103.0,0,0.0
59,WEAgent6,MALE_HIGH_INCOME,795,795.0,634,634.0
59,WEAgent3,MALE_OLD_HIGH_INCOME,323,323.0,0,0.0
59,WEAgent4,FEMALE_YOUNG_HIGH_INCOME,102,102.0,267,0.0
59,WFAgent0,FEMALE_YOUNG_HIGH_INCOME,153,153.0,0,0.0
59,WFAgent1,YOUNG_LOW_INCOME,2289,2289.0,2552,1298.0
59,WFAgent2,OLD_HIGH_INCOME,729,729.0,413,0.0
59,WFAgent3,MALE_YOUNG,470,470.0,470,470.0
59,WFAgent4,MALE_YOUNG,1411,1411.0,0,0.0
59,WFAgent5,FEMALE_YOUNG_HIGH_INCOME,153,153.0,0,0.0
60,WFAgent6,MALE_OLD_LOW_INCOME,359,359.0,359,359.0
60,WFAgent7,MALE_YOUNG_LOW_INCOME,1101,1101.0,0,0.0
60,WFAgent8,MALE_HIGH_INCOME,265,265.0,187,187.0
60,WFAgent9,MALE_OLD_LOW_INCOME,718,718.0,0,0.0
60,WEAgent16,MALE_OLD_HIGH_INCOME,161,161.0,0,0.0
60,WEAgent17,MALE_OLD_HIGH_INCOME,484,484.0,403,403.0
60,WEAgent14,MALE_OLD,1041,1041.0,0,0.0
60,WEAgent15,FEMALE_YOUNG_HIGH_INCOME,153,153.0,140,140.0
60,WEAgent12,OLD_LOW_INCOME,1678,1678.0,820,820.0
60,WEAgent13,OLD_HIGH_INCOME,729,729.0,0,0.0
60,WEAgent9,MALE_OLD_LOW_INCOME,718,718.0,0,0.0
60,WEAgent10,MALE_HIGH_INCOME,265,265.0,0,0.0
60,WEAgent11,YOUNG_HIGH_INCOME,309,309.0,0,0.0
60,WEAgent7,MALE_LOW_INCOME,2178,2178.0,1365,1314.0
60,WEAgent8,MALE_LOW_INCOME,1452,1452.0,620,620.0
60,WEAgent1,MALE_YOUNG_HIGH_INCOME,310,310.0,0,0.0
60,WEAgent2,MALE_YOUNG,941,941.0,0,0.0
60,WEAgent0,FEMALE_OLD,1123,1123.0,1013,1013.0
60,WEAgent5,FEMALE_OLD_LOW_INCOME,960,960.0,0,0.0
60,WEAgent6,FEMALE_OLD,1123,1123.0,980,980.0
60,WEAgent3,MALE_LOW_INCOME,1452,1452.0,650,650.0
60,WEAgent4,FEMALE_HIGH_INCOME,132,132.0,0,0.0
60,WFAgent0,MALE_HIGH_INCOME,795,795.0,555,555.0
60,WFAgent1,MALE_LOW_INCOME,726,726.0,726,726.0
60,WFAgent2,FEMALE_YOUNG_HIGH_INCOME,153,153.0,0,0.0
60,WFAgent3,YOUNG_HIGH_INCOME,309,309.0,273,273.0
60,WFAgent4,MALE_YOUNG_LOW_INCOME,734,734.0,0,0.0
60,WFAgent5,FEMALE_OLD_LOW_INCOME,960,960.0,0,0.0
61,WFAgent6,FEMALE_YOUNG_HIGH_INCOME,153,153.0,0,0.0
61,WFAgent7,OLD_HIGH_INCOME,486,486.0,0,0.0
61,WFAgent8,MALE_OLD_HIGH_INCOME,161,161.0,0,0.0
61,WFAgent9,MALE_OLD_HIGH_INCOME,161,161.0,0,0.0
61,WEAgent16,FEMALE_OLD,1123,1123.0,1319,945.9999999999999
61,WEAgent17,FEMALE_YOUNG_HIGH_INCOME,51,51.0,0,0.0
61,WEAgent14,MALE_YOUNG,1411,1411.0,0,0.0
61,WEAgent15,MALE_LOW_INCOME,1452,1452.0,1327,1327.0
61,WEAgent12,FEMALE_YOUNG,447,447.0,447,447.0
61,WEAgent13,MALE_OLD_HIGH_INCOME,484,484.0,0,0.0
61,WEAgent9,FEMALE_YOUNG,447,447.0,457,447.0
61,WEAgent10,FEMALE_OLD_LOW_INCOME,1440,1440.0,937,936.9999999999999
61,WEAgent11,YOUNG_LOW_INCOME,1526,1526.0,923,923.0
61,WEAgent7,OLD_HIGH_INCOME,486,486.0,282,282.0
61,WEAgent8,FEMALE_YOUNG_HIGH_INCOME,102,102.0,0,0.0
61,WEAgent1,FEMALE_LOW_INCOME,876,876.0,876,876.0
61,WEAgent2,FEMALE_HIGH_INCOME,132,132.0,0,0.0
61,WEAgent0,MALE_HIGH_INCOME,795,795.0,769,255.0
61,WEAgent5,FEMALE_HIGH_INCOME,265,265.0,0,0.0
61,WEAgent6,MALE_OLD_LOW_INCOME,359,359.0,359,359.0
61,WEAgent3,MALE_OLD_LOW_INCOME,359,359.0,359,359.0
61,WEAgent4,FEMALE_YOUNG_HIGH_INCOME,102,102.0,0,0.0
61,WFAgent0,MALE_OLD_HIGH_INCOME,323,323.0,276,276.0
61,WFAgent1,FEMALE_OLD_HIGH_INCOME,162,162.0,0,0.0
61,WFAgent2,MALE_YOUNG,470,470.0,0,0.0
61,WFAgent3,MALE_OLD_LOW_INCOME,1077,1077.0,397,397.0
61,WFAgent4,FEMALE_YOUNG,447,447.0,894,383.0
61,WFAgent5,MALE_OLD_LOW_INCOME,718,718.0,315,315.0
62,WFAgent6,MALE_OLD_LOW_INCOME,718,718.0,0,0.0
62,WFAgent7,MALE_OLD,1041,1041.0,0,0.0
62,WFAgent8,FEMALE_YOUNG,894,894.0,0,0.0
62,WFAgent9,FEMALE_OLD_LOW_INCOME,1440,1440.0,0,0.0
62,WEAgent16,MALE_YOUNG_HIGH_INCOME,310,310.0,0,0.0
62,WEAgent17,FEMALE_LOW_INCOME,876,876.0,0,0.0
62,WEAgent14,MALE_LOW_INCOME,2178,2178.0,1809,1809.0
62,WEAgent15,MALE_OLD,520,520.0,325,325.0
62,WEAgent12,MALE_LOW_INCOME,2178,2178.0,1758,1758.0
62,WEAgent13,FEMALE_YOUNG_LOW_INCOME,792,792.0,0,0.0
62,WEAgent9,MALE_YOUNG_HIGH_INCOME,310,310.0,0,0.0
62,WEAgent10,MALE_OLD_LOW_INCOME,359,359.0,0,0.0
62,WEAgent11,FEMALE_LOW_INCOME,2628,2628.0,1659,1659.0
62,WEAgent7,MALE_HIGH_INCOME,795,795.0,845,338.0
62,WEAgent8,FEMALE_LOW_INCOME,1752,1752.0,680,680.0
62,WEAgent1,MALE_OLD_HIGH_INCOME,161,161.0,0,0.0
62,WEAgent2,MALE_OLD_HIGH_INCOME,323,323.0,0,0.0
62,WEAgent0,OLD_LOW_INCOME,839,839.0,0,0.0
62,WEAgent5,FEMALE_YOUNG_LOW_INCOME,396,396.0,0,0.0
62,WEAgent6,FEMALE_LOW_INCOME,2628,2628.0,1622,1622.0
62,WEAgent3,FEMALE_YOUNG_HIGH_INCOME,51,51.0,51,51.0
62,WEAgent4,FEMALE_OLD_LOW_INCOME,1440,1440.0,0,0.0
62,WFAgent0,YOUNG_HIGH_INCOME,154,154.0,209,54.0
62,WFAgent1,FEMALE_OLD_HIGH_INCOME,244,244.0,401,0.0
62,WFAgent2,FEMALE_OLD_LOW_INCOME,480,480.0,480,480.0
62,WFAgent3,MALE_LOW_INCOME,726,726.0,0,0.0
62,WFAgent4,MALE_OLD_HIGH_INCOME,161,161.0,161,161.0
62,WFAgent5,MALE_OLD_LOW_INCOME,718,718.0,0,0.0
63,WFAgent6,FEMALE_YOUNG_LOW_INCOME,396,396.0,0,0.0
63,WFAgent7,MALE_OLD_HIGH_INCOME,323,323.0,282,282.0
63,WFAgent8,FEMALE_HIGH_INCOME,265,265.0,265,265.0
63,WFAgent9,MALE_YOUNG_LOW_INCOME,734,734.0,0,0.0
63,WEAgent16,MALE_HIGH_INCOME,795,795.0,777,282.0
63,WEAgent17,FEMALE_OLD,561,561.0,2431,0.0
63,WEAgent14,MALE_YOUNG_LOW_INCOME,367,367.0,0,0.0
63,WEAgent15,YOUNG_LOW_INCOME,763,763.0,0,0.0
63,WEAgent12,MALE_YOUNG,1411,1411.0,0,0.0
63,WEAgent13,MALE_YOUNG_LOW_INCOME,1101,1101.0,0,0.0
63,WEAgent9,FEMALE_YOUNG_HIGH_INCOME,102,102.0,102,102.0
63,WEAgent10,MALE_LOW_INCOME,726,726.0,0,0.0
63,WEAgent11,FEMALE_YOUNG_HIGH_INCOME,153,153.0,120,88.0
63,WEAgent7,MALE_OLD_LOW_INCOME,718,718.0,0,0.0
63,WEAgent8,FEMALE_LOW_INCOME,1752,1752.0,1162,1162.0
63,WEAgent1,MALE_LOW_INCOME,1452,1452.0,0,0.0
63,WEAgent2,YOUNG_LOW_INCOME,1526,1526.0,1526,1526.0
63,WEAgent0,FEMALE_YOUNG_LOW_INCOME,792,792.0,0,0.0
63,WEAgent5,MALE_YOUNG_HIGH_INCOME,103,103.0,0,0.0
63,WEAgent6,FEMALE_YOUNG_LOW_INCOME,396,396.0,0,0.0
63,WEAgent3,FEMALE_YOUNG,447,447.0,0,0.0
63,WEAgent4,OLD_HIGH_INCOME,729,729.0,464,271.0
63,WFAgent0,MALE_LOW_INCOME,1452,1452.0,2871,759.0
63,WFAgent1,FEMALE_YOUNG,894,894.0,0,0.0
63,WFAgent2,MALE_OLD,1561,1561.0,0,0.0
63,WFAgent3,YOUNG_HIGH_INCOME,309,309.0,0,0.0
63,WFAgent4,YOUNG_LOW_INCOME,1526,1526.0,0,0.0
63,WFAgent5,MALE_LOW_INCOME,2178,2178.0,0,0.0
64,WFAgent6,MALE_OLD,1041,1041.0,849,849.0
64,WFAgent7,FEMALE_HIGH_INCOME,397,397.0,0,0.0
64,WFAgent8,MALE_OLD_HIGH_INCOME,323,323.0,0,0.0
64,WFAgent9,MALE_YOUNG_HIGH_INCOME,206,206.0,544,155.3640808774965
64,WEAgent16,FEMALE_LOW_INCOME,876,876.0,876,876.0
64,WEAgent17,FEMALE_HIGH_INCOME,265,265.0,0,0.0
64,WEAgent14,MALE_OLD,1041,1041.0,0,0.0
64,WEAgent15,FEMALE_OLD_HIGH_INCOME,81,81.0,0,0.0
64,WEAgent12,OLD_LOW_INCOME,1678,1678.0,898,898.0
64,WEAgent13,YOUNG_LOW_INCOME,763,763.0,3386,449.0
64,WEAgent9,YOUNG_HIGH_INCOME,463,463.0,0,0.0
64,WEAgent10,MALE_HIGH_INCOME,265,265.0,0,0.0
64,WEAgent11,OLD_HIGH_INCOME,243,243.0,0,0.0
64,WEAgent7,OLD_HIGH_INCOME,729,729.0,322,728.9999999999985
64,WEAgent8,FEMALE_OLD_HIGH_INCOME,162,162.0,0,0.0
64,WEAgent1,FEMALE_OLD_HIGH_INCOME,244,244.0,0,0.0
64,WEAgent2,FEMALE_OLD_LOW_INCOME,480,480.0,0,0.0
64,WEAgent0,FEMALE_OLD,561,561.0,0,0.0
64,WEAgent5,FEMALE_HIGH_INCOME,265,265.0,0,0.0
64,WEAgent6,MALE_HIGH_INCOME,795,795.0,384,794.7919254658369
64,WEAgent3,MALE_YOUNG_LOW_INCOME,1101,1101.0,0,0.0
64,WEAgent4,FEMALE_OLD,561,561.0,0,0.0
64,WFAgent0,YOUNG_LOW_INCOME,1526,1526.0,0,0.0
64,WFAgent1,FEMALE_OLD_HIGH_INCOME,244,244.0,0,0.0
64,WFAgent2,OLD_HIGH_INCOME,243,243.0,495,0.0
64,WFAgent3,FEMALE_OLD_LOW_INCOME,960,960.0,1042,919.0
64,WFAgent4,FEMALE_HIGH_INCOME,265,265.0,0,0.0
64,WFAgent5,FEMALE_OLD_LOW_INCOME,960,960.0,960,960.0
65,WFAgent6,MALE_YOUNG_HIGH_INCOME,103,103.0,0,0.0
65,WFAgent7,FEMALE_YOUNG,1341,1341.0,0,0.0
65,WFAgent8,OLD_HIGH_INCOME,243,243.0,0,0.0
65,WFAgent9,MALE_HIGH_INCOME,795,795.0,923,0.0
65,WEAgent16,OLD_LOW_INCOME,2517,2517.0,2781,976.9999999999999
65,WEAgent17,MALE_OLD_LOW_INCOME,718,718.0,0,0.0
65,WEAgent14,MALE_OLD_LOW_INCOME,359,359.0,0,0.0
65,WEAgent15,MALE_YOUNG,470,470.0,849,465.99999999999994
65,WEAgent12,FEMALE_OLD,1123,1123.0,0,0.0
65,WEAgent13,MALE_YOUNG,941,941.0,941,941.0
65,WEAgent9,FEMALE_YOUNG,1341,1341.0,745,498.0
65,WEAgent10,MALE_OLD_LOW_INCOME,359,359.0,0,0.0
65,WEAgent11,FEMALE_YOUNG,894,894.0,483,483.0
65,WEAgent7,MALE_YOUNG,470,470.0,470,469.99999999999994
65,WEAgent8,MALE_OLD,520,520.0,0,0.0
65,WEAgent1,MALE_LOW_INCOME,2178,2178.0,0,0.0
65,WEAgent2,MALE_OLD_HIGH_INCOME,323,323.0,0,0.0
65,WEAgent0,FEMALE_OLD,561,561.0,840,560.9999999999999
65,WEAgent5,FEMALE_YOUNG,894,894.0,476,476.0
65,WEAgent6,FEMALE_OLD_LOW_INCOME,1440,1440.0,895,894.9999999999999
65,WEAgent3,FEMALE_YOUNG_LOW_INCOME,396,396.0,0,0.0
65,WEAgent4,MALE_OLD_HIGH_INCOME,323,323.0,0,0.0
65,WFAgent0,FEMALE_OLD,561,561.0,0,0.0
65,WFAgent1,FEMALE_YOUNG,1341,1341.0,0,0.0
65,WFAgent2,MALE_YOUNG_HIGH_INCOME,206,206.0,0,0.0
65,WFAgent3,YOUNG_LOW_INCOME,763,763.0,462,462.0
65,WFAgent4,YOUNG_HIGH_INCOME,154,154.0,0,0.0
65,WFAgent5,MALE_OLD,520,520.0,0,0.0
66,WFAgent6,MALE_YOUNG,941,941.0,941,941.0
66,WFAgent7,MALE_YOUNG,470,470.0,470,470.0
66,WFAgent8,FEMALE_LOW_INCOME,2628,2628.0,3127,1149.0
66,WFAgent9,MALE_OLD_HIGH_INCOME,161,161.0,0,0.0
66,WEAgent16,OLD_LOW_INCOME,1678,1678.0,1272,1272.0
66,WEAgent17,FEMALE_OLD_LOW_INCOME,1440,1440.0,0,0.0
66,WEAgent14,YOUNG_LOW_INCOME,2289,2289.0,0,0.0
66,WEAgent15,FEMALE_YOUNG,1341,1341.0,0,0.0
66,WEAgent12,MALE_YOUNG_LOW_INCOME,734,734.0,0,0.0
66,WEAgent13,FEMALE_YOUNG_HIGH_INCOME,102,102.0,82,82.0
66,WEAgent9,MALE_YOUNG_HIGH_INCOME,206,206.0,0,0.0
66,WEAgent10,MALE_YOUNG_LOW_INCOME,367,367.0,0,0.0
66,WEAgent11,MALE_LOW_INCOME,2178,2178.0,2043,208.99999999999997
66,WEAgent7,FEMALE_YOUNG_HIGH_INCOME,102,102.0,71,71.0
66,WEAgent8,MALE_YOUNG,941,941.0,698,200.99999999999997
66,WEAgent1,MALE_LOW_INCOME,726,726.0,0,0.0
66,WEAgent2,FEMALE_OLD_HIGH_INCOME,162,162.0,0,0.0
66,WEAgent0,FEMALE_YOUNG,447,447.0,0,0.0
66,WEAgent5,FEMALE_LOW_INCOME,876,876.0,0,0.0
66,WEAgent6,FEMALE_YOUNG_LOW_INCOME,792,792.0,0,0.0
66,WEAgent3,OLD_HIGH_INCOME,486,486.0,609,235.0
66,WEAgent4,MALE_YOUNG,470,470.0,0,0.0
66,WFAgent0,YOUNG_LOW_INCOME,1526,1526.0,0,0.0
66,WFAgent1,MALE_OLD_HIGH_INCOME,161,161.0,161,161.0
66,WFAgent2,FEMALE_HIGH_INCOME,265,265.0,261,261.0
66,WFAgent3,MALE_LOW_INCOME,2178,2178.0,0,0.0
66,WFAgent4,MALE_HIGH_INCOME,265,265.0,265,265.0
66,WFAgent5,FEMALE_LOW_INCOME,2628,2628.0,0,0.0
67,WFAgent6,FEMALE_OLD_LOW_INCOME,1440,1440.0,0,0.0
67,WFAgent7,FEMALE_OLD,1684,1684.0,2642,178.0
67,WFAgent8,FEMALE_HIGH_INCOME,265,265.0,265,265.0
67,WFAgent9,MALE_YOUNG_LOW_INCOME,1101,1101.0,0,0.0
67,WEAgent16,YOUNG_LOW_INCOME,763,763.0,0,0.0
67,WEAgent17,YOUNG_HIGH_INCOME,154,154.0,142,102.0
67,WEAgent14,MALE_YOUNG_LOW_INCOME,367,367.0,0,0.0
67,WEAgent15,FEMALE_YOUNG,1341,1341.0,0,0.0
67,WEAgent12,YOUNG_LOW_INCOME,1526,1526.0,1379,1379.0
67,WEAgent13,FEMALE_LOW_INCOME,1752,1752.0,510,510.0
67,WEAgent9,FEMALE_YOUNG_LOW_INCOME,1188,1188.0,0,0.0
67,WEAgent10,MALE_YOUNG,941,941.0,1399,911.0000000000001
67,WEAgent11,MALE_OLD,1041,1041.0,1423,611.0
67,WEAgent7,FEMALE_HIGH_INCOME,132,132.0,0,0.0
67,WEAgent8,MALE_YOUNG_LOW_INCOME,367,367.0,0,0.0
67,WEAgent1,MALE_YOUNG,1411,1411.0,0,0.0
67,WEAgent2,FEMALE_YOUNG_HIGH_INCOME,153,153.0,0,0.0
67,WEAgent0,MALE_YOUNG_HIGH_INCOME,310,310.0,0,0.0
67,WEAgent5,FEMALE_OLD_HIGH_INCOME,162,162.0,0,0.0
67,WEAgent6,MALE_YOUNG_LOW_INCOME,367,367.0,0,0.0
67,WEAgent3,FEMALE_OLD_HIGH_INCOME,244,244.0,0,0.0
67,WEAgent4,MALE_OLD_LOW_INCOME,1077,1077.0,606,606.0
67,WFAgent0,MALE_OLD_LOW_INCOME,1077,1077.0,617,617.0
67,WFAgent1,MALE_YOUNG,470,470.0,0,0.0
67,WFAgent2,FEMALE_YOUNG_LOW_INCOME,396,396.0,0,0.0
67,WFAgent3,FEMALE_OLD_HIGH_INCOME,244,244.0,0,0.0
67,WFAgent4,FEMALE_YOUNG_LOW_INCOME,1188,1188.0,508,508.0
67,WFAgent5,FEMALE_YOUNG_LOW_INCOME,1188,1188.0,509,509.0
68,WFAgent6,FEMALE_YOUNG_LOW_INCOME,792,792.0,0,0.0
68,WFAgent7,MALE_YOUNG,1411,1411.0,906,906.0
68,WFAgent8,FEMALE_HIGH_INCOME,397,397.0,275,275.0
68,WFAgent9,FEMALE_OLD_LOW_INCOME,960,960.0,861,861.0
68,WEAgent16,FEMALE_YOUNG,1341,1341.0,840,840.0
68,WEAgent17,MALE_YOUNG,1411,1411.0,0,0.0
68,WEAgent14,FEMALE_YOUNG_HIGH_INCOME,153,153.0,0,0.0
68,WEAgent15,FEMALE_YOUNG_LOW_INCOME,792,792.0,0,0.0
68,WEAgent12,FEMALE_YOUNG,1341,1341.0,860,860.0
68,WEAgent13,FEMALE_OLD_LOW_INCOME,960,960.0,811,811.0
68,WEAgent9,MALE_HIGH_INCOME,530,530.0,1101,177.0
68,WEAgent10,FEMALE_YOUNG_HIGH_INCOME,102,102.0,0,0.0
68,WEAgent11,OLD_LOW_INCOME,1678,1678.0,1784,0.0
68,WEAgent7,MALE_YOUNG_LOW_INCOME,734,734.0,0,0.0
68,WEAgent8,FEMALE_OLD_LOW_INCOME,480,480.0,0,0.0
68,WEAgent1,FEMALE_OLD_LOW_INCOME,1440,1440.0,860,860.0
68,WEAgent2,FEMALE_YOUNG_HIGH_INCOME,51,51.0,0,0.0
68,WEAgent0,MALE_YOUNG_LOW_INCOME,367,367.0,0,0.0
68,WEAgent5,MALE_OLD_HIGH_INCOME,161,161.0,161,161.0
68,WEAgent6,MALE_YOUNG_HIGH_INCOME,103,103.0,0,0.0
68,WEAgent3,FEMALE_YOUNG_HIGH_INCOME,153,153.0,0,0.0
68,WEAgent4,FEMALE_HIGH_INCOME,132,132.0,0,0.0
68,WFAgent0,YOUNG_LOW_INCOME,2289,2289.0,0,0.0
68,WFAgent1,FEMALE_HIGH_INCOME,265,265.0,259,259.0
68,WFAgent2,MALE_LOW_INCOME,1452,1452.0,886,886.0
68,WFAgent3,MALE_OLD_HIGH_INCOME,323,323.0,0,0.0
68,WFAgent4,FEMALE_HIGH_INCOME,132,132.0,0,0.0
68,WFAgent5,FEMALE_YOUNG_LOW_INCOME,396,396.0,396,396.0
69,WFAgent6,FEMALE_LOW_INCOME,876,876.0,1407,876.0
69,WFAgent7,FEMALE_YOUNG_LOW_INCOME,1188,1188.0,0,0.0
69,WFAgent8,MALE_HIGH_INCOME,530,530.0,530,530.0
69,WFAgent9,MALE_OLD,1561,1561.0,0,0.0
69,WEAgent16,MALE_YOUNG_HIGH_INCOME,103,103.0,0,0.0
69,WEAgent17,MALE_LOW_INCOME,726,726.0,726,726.0
69,WEAgent14,FEMALE_OLD_HIGH_INCOME,244,244.0,0,0.0
69,WEAgent15,FEMALE_OLD_HIGH_INCOME,81,81.0,81,81.0
69,WEAgent12,FEMALE_YOUNG,1341,1341.0,481,481.0
69,WEAgent13,MALE_OLD,1041,1041.0,0,0.0
69,WEAgent9,MALE_YOUNG,470,470.0,0,0.0
69,WEAgent10,FEMALE_LOW_INCOME,876,876.0,347,347.0
69,WEAgent11,FEMALE_OLD_HIGH_INCOME,244,244.0,0,0.0
69,WEAgent7,FEMALE_OLD_HIGH_INCOME,244,244.0,0,0.0
69,WEAgent8,MALE_OLD_HIGH_INCOME,323,323.0,0,0.0
69,WEAgent1,FEMALE_YOUNG_HIGH_INCOME,102,102.0,0,0.0
69,WEAgent2,FEMALE_YOUNG,1341,1341.0,539,539.0
69,WEAgent0,YOUNG_HIGH_INCOME,309,309.0,0,0.0
69,WEAgent5,MALE_OLD,520,520.0,0,0.0
69,WEAgent6,FEMALE_HIGH_INCOME,265,265.0,180,158.0
69,WEAgent3,MALE_LOW_INCOME,726,726.0,1110,700.0
69,WEAgent4,MALE_HIGH_INCOME,530,530.0,568,530.0
69,WFAgent0,FEMALE_YOUNG_LOW_INCOME,792,792.0,365,365.0
69,WFAgent1,MALE_YOUNG_HIGH_INCOME,310,310.0,191,190.0
69,WFAgent2,MALE_LOW_INCOME,2178,2178.0,0,0.0
69,WFAgent3,FEMALE_OLD_HIGH_INCOME,162,162.0,162,162.0
69,WFAgent4,FEMALE_YOUNG_HIGH_INCOME,102,102.0,0,0.0
69,WFAgent5,FEMALE_LOW_INCOME,876,876.0,876,876.0
70,WFAgent6,YOUNG_LOW_INCOME,2289,2289.0,3802,0.0
70,WFAgent7,MALE_OLD_HIGH_INCOME,323,323.0,323,322.99999999999994
70,WFAgent8,OLD_LOW_INCOME,839,839.0,455,455.0
70,WFAgent9,MALE_YOUNG,1411,1411.0,0,0.0
70,WEAgent16,FEMALE_OLD,1684,1684.0,1605,1239.0
70,WEAgent17,MALE_OLD_HIGH_INCOME,161,161.0,0,0.0
70,WEAgent14,MALE_YOUNG,941,941.0,0,0.0
70,WEAgent15,MALE_LOW_INCOME,1452,1452.0,0,0.0
70,WEAgent12,FEMALE_OLD_HIGH_INCOME,244,244.0,0,0.0
70,WEAgent13,FEMALE_HIGH_INCOME,132,132.0,0,0.0
70,WEAgent9,MALE_LOW_INCOME,1452,1452.0,0,0.0
70,WEAgent10,YOUNG_LOW_INCOME,1526,1526.0,0,0.0
70,WEAgent11,FEMALE_OLD_LOW_INCOME,1440,1440.0,0,0.0
70,WEAgent7,OLD_LOW_INCOME,839,839.0,412,412.0
70,WEAgent8,FEMALE_HIGH_INCOME,397,397.0,0,0.0
70,WEAgent1,FEMALE_YOUNG_HIGH_INCOME,102,102.0,98,98.0
70,WEAgent2,OLD_LOW_INCOME,1678,1678.0,1667,1667.0
70,WEAgent0,FEMALE_HIGH_INCOME,265,265.0,0,0.0
70,WEAgent5,MALE_OLD,520,520.0,917,426.0
70,WEAgent6,FEMALE_OLD_LOW_INCOME,1440,1440.0,0,0.0
70,WEAgent3,MALE_YOUNG_HIGH_INCOME,310,310.0,532,0.0
70,WEAgent4,FEMALE_YOUNG_HIGH_INCOME,153,153.0,93,93.0
70,WFAgent0,YOUNG_HIGH_INCOME,154,154.0,96,96.0
70,WFAgent1,FEMALE_OLD_HIGH_INCOME,81,81.0,0,0.0
70,WFAgent2,MALE_OLD_LOW_INCOME,718,718.0,0,0.0
70,WFAgent3,FEMALE_LOW_INCOME,1752,1752.0,0,0.0
70,WFAgent4,MALE_OLD_LOW_INCOME,359,359.0,0,0.0
70,WFAgent5,MALE_LOW_INCOME,1452,1452.0,0,0.0
71,WFAgent6,FEMALE_YOUNG_HIGH_INCOME,51,51.0,51,51.0
71,WFAgent7,FEMALE_YOUNG_LOW_INCOME,396,396.0,0,0.0
71,WFAgent8,MALE_YOUNG_LOW_INCOME,1101,1101.0,866,866.0
71,WFAgent9,OLD_HIGH_INCOME,243,243.0,173,173.0
71,WEAgent16,OLD_LOW_INCOME,2517,2517.0,3396,851.0
71,WEAgent17,FEMALE_OLD_HIGH_INCOME,81,81.0,81,81.0
71,WEAgent14,FEMALE_YOUNG_HIGH_INCOME,51,51.0,0,0.0
71,WEAgent15,OLD_HIGH_INCOME,243,243.0,243,243.0
71,WEAgent12,YOUNG_LOW_INCOME,763,763.0,694,694.0
71,WEAgent13,FEMALE_OLD_HIGH_INCOME,81,81.0,81,81.0
71,WEAgent9,OLD_HIGH_INCOME,729,729.0,0,0.0
71,WEAgent10,FEMALE_YOUNG,1341,1341.0,713,713.0
71,WEAgent11,MALE_HIGH_INCOME,795,795.0,147,147.0
71,WEAgent7,FEMALE_YOUNG,1341,1341.0,754,754.0
71,WEAgent8,OLD_LOW_INCOME,839,839.0,839,839.0
71,WEAgent1,MALE_HIGH_INCOME,265,265.0,0,0.0
71,WEAgent2,MALE_OLD_LOW_INCOME,718,718.0,0,0.0
71,WEAgent0,MALE_OLD_HIGH_INCOME,323,323.0,0,0.0
71,WEAgent5,MALE_OLD_LOW_INCOME,1077,1077.0,0,0.0
71,WEAgent6,OLD_HIGH_INCOME,243,243.0,243,240.0
71,WEAgent3,MALE_YOUNG,1411,1411.0,1192,1192.0
71,WEAgent4,MALE_LOW_INCOME,2178,2178.0,0,0.0
71,WFAgent0,MALE_HIGH_INCOME,795,795.0,0,0.0
71,WFAgent1,OLD_HIGH_INCOME,486,486.0,0,0.0
71,WFAgent2,FEMALE_OLD_HIGH_INCOME,81,81.0,81,81.0
71,WFAgent3,MALE_OLD_HIGH_INCOME,484,484.0,0,0.0
71,WFAgent4,MALE_HIGH_INCOME,265,265.0,184,184.0
71,WFAgent5,MALE_HIGH_INCOME,265,265.0,262,262.0
72,WFAgent6,MALE_YOUNG_HIGH_INCOME,206,206.0,0,0.0
72,WFAgent7,MALE_YOUNG,1411,1411.0,1827,0.0
72,WFAgent8,MALE_LOW_INCOME,726,726.0,0,0.0
72,WFAgent9,FEMALE_HIGH_INCOME,397,397.0,317,79.0
72,WEAgent16,FEMALE_LOW_INCOME,1752,1752.0,2611,682.9999999999999
72,WEAgent17,YOUNG_LOW_INCOME,763,763.0,0,0.0
72,WEAgent14,FEMALE_YOUNG_HIGH_INCOME,102,102.0,102,102.0
72,WEAgent15,FEMALE_HIGH_INCOME,132,132.0,86,86.0
72,WEAgent12,FEMALE_HIGH_INCOME,265,265.0,0,0.0
72,WEAgent13,YOUNG_LOW_INCOME,763,763.0,0,0.0
72,WEAgent9,MALE_YOUNG_LOW_INCOME,1101,1101.0,0,0.0
72,WEAgent10,OLD_LOW_INCOME,2517,2517.0,2471,671.9999999999999
72,WEAgent11,MALE_YOUNG_LOW_INCOME,1101,1101.0,0,0.0
72,WEAgent7,FEMALE_YOUNG,894,894.0,0,0.0
72,WEAgent8,OLD_HIGH_INCOME,486,486.0,430,430.0
72,WEAgent1,FEMALE_YOUNG_LOW_INCOME,792,792.0,0,0.0
72,WEAgent2,FEMALE_YOUNG_LOW_INCOME,1188,1188.0,0,0.0
72,WEAgent0,MALE_OLD,1041,1041.0,0,0.0
72,WEAgent5,FEMALE_YOUNG,894,894.0,0,0.0
72,WEAgent6,MALE_OLD_LOW_INCOME,1077,1077.0,0,0.0
72,WEAgent3,FEMALE_YOUNG_HIGH_INCOME,102,102.0,78,78.0
72,WEAgent4,MALE_OLD_LOW_INCOME,359,359.0,0,0.0
72,WFAgent0,FEMALE_OLD_LOW_INCOME,480,480.0,0,0.0
72,WFAgent1,MALE_HIGH_INCOME,795,795.0,955,417.0
72,WFAgent2,FEMALE_OLD_LOW_INCOME,960,960.0,0,0.0
72,WFAgent3,OLD_HIGH_INCOME,486,486.0,0,0.0
72,WFAgent4,YOUNG_LOW_INCOME,2289,2289.0,0,0.0
72,WFAgent5,FEMALE_OLD,1123,1123.0,1123,1122.9999999999998
73,WFAgent6,YOUNG_LOW_INCOME,763,763.0,0,0.0
73,WFAgent7,MALE_OLD_HIGH_INCOME,323,323.0,267,267.0
73,WFAgent8,FEMALE_YOUNG_LOW_INCOME,396,396.0,0,0.0
73,WFAgent9,YOUNG_LOW_INCOME,1526,1526.0,0,0.0
73,WEAgent16,FEMALE_HIGH_INCOME,132,132.0,90,90.0
73,WEAgent17,YOUNG_HIGH_INCOME,154,154.0,154,154.0
73,WEAgent14,OLD_HIGH_INCOME,243,243.0,243,243.0
73,WEAgent15,MALE_OLD_HIGH_INCOME,323,323.0,0,0.0
73,WEAgent12,YOUNG_LOW_INCOME,763,763.0,0,0.0
73,WEAgent13,MALE_YOUNG_HIGH_INCOME,206,206.0,0,0.0
73,WEAgent9,MALE_YOUNG,470,470.0,470,470.0
73,WEAgent10,FEMALE_HIGH_INCOME,265,265.0,0,0.0
73,WEAgent11,OLD_HIGH_INCOME,486,486.0,297,297.0
73,WEAgent7,OLD_LOW_INCOME,839,839.0,0,0.0
73,WEAgent8,MALE_OLD_HIGH_INCOME,484,484.0,0,0.0
73,WEAgent1,FEMALE_OLD_HIGH_INCOME,81,81.0,0,0.0
73,WEAgent2,MALE_LOW_INCOME,2178,2178.0,3247,437.0
73,WEAgent0,OLD_LOW_INCOME,839,839.0,0,0.0
73,WEAgent5,MALE_YOUNG_LOW_INCOME,734,734.0,0,0.0
73,WEAgent6,FEMALE_OLD_HIGH_INCOME,162,162.0,0,0.0
73,WEAgent3,FEMALE_LOW_INCOME,1752,1752.0,1947,0.0
73,WEAgent4,FEMALE_OLD_HIGH_INCOME,81,81.0,0,0.0
73,WFAgent0,FEMALE_OLD,1684,1684.0,1858,1013.0
73,WFAgent1,YOUNG_HIGH_INCOME,463,463.0,0,0.0
73,WFAgent2,MALE_YOUNG_LOW_INCOME,734,734.0,0,0.0
73,WFAgent3,YOUNG_HIGH_INCOME,463,463.0,363,242.0
73,WFAgent4,FEMALE_HIGH_INCOME,132,132.0,104,104.0
73,WFAgent5,FEMALE_OLD_LOW_INCOME,960,960.0,960,960.0
74,WFAgent6,MALE_YOUNG,470,470.0,0,0.0
74,WFAgent7,OLD_HIGH_INCOME,486,486.0,486,486.0
74,WFAgent8,YOUNG_LOW_INCOME,1526,1526.0,637,637.0
74,WFAgent9,FEMALE_OLD_LOW_INCOME,960,960.0,0,0.0
74,WEAgent16,MALE_LOW_INCOME,726,726.0,2612,699.0
74,WEAgent17,FEMALE_HIGH_INCOME,397,397.0,452,206.0
74,WEAgent14,FEMALE_YOUNG_LOW_INCOME,396,396.0,0,0.0
74,WEAgent15,FEMALE_OLD,561,561.0,0,0.0
74,WEAgent12,FEMALE_OLD_LOW_INCOME,480,480.0,0,0.0
74,WEAgent13,MALE_OLD_HIGH_INCOME,161,161.0,0,0.0
74,WEAgent9,MALE_YOUNG_LOW_INCOME,367,367.0,0,0.0
74,WEAgent10,MALE_OLD_LOW_INCOME,359,359.0,359,359.0
74,WEAgent11,MALE_YOUNG_LOW_INCOME,1101,1101.0,0,0.0
74,WEAgent7,MALE_HIGH_INCOME,795,795.0,0,0.0
74,WEAgent8,MALE_YOUNG_LOW_INCOME,367,367.0,0,0.0
74,WEAgent1,OLD_HIGH_INCOME,729,729.0,0,0.0
74,WEAgent2,MALE_HIGH_INCOME,530,530.0,0,0.0
74,WEAgent0,MALE_YOUNG,941,941.0,0,0.0
74,WEAgent5,FEMALE_LOW_INCOME,1752,1752.0,678,678.0
74,WEAgent6,FEMALE_OLD_LOW_INCOME,480,480.0,0,0.0
74,WEAgent3,MALE_OLD,1561,1561.0,985,982.0
74,WEAgent4,FEMALE_LOW_INCOME,876,876.0,2440,0.0
74,WFAgent0,FEMALE_LOW_INCOME,876,876.0,0,0.0
74,WFAgent1,MALE_OLD_HIGH_INCOME,161,161.0,161,161.0
74,WFAgent2,YOUNG_LOW_INCOME,1526,1526.0,657,657.0
74,WFAgent3,YOUNG_HIGH_INCOME,309,309.0,533,0.0
74,WFAgent4,FEMALE_LOW_INCOME,1752,1752.0,0,0.0
74,WFAgent5,MALE_OLD_HIGH_INCOME,484,484.0,0,0.0
75,WFAgent6,YOUNG_LOW_INCOME,1526,1526.0,1514,1208.0
75,WFAgent7,MALE_HIGH_INCOME,795,795.0,0,0.0
75,WFAgent8,OLD_HIGH_INCOME,729,729.0,0,0.0
75,WFAgent9,MALE_OLD,1041,1041.0,1041,1041.0
75,WEAgent16,YOUNG_HIGH_INCOME,463,463.0,268,268.0
75,WEAgent17,FEMALE_YOUNG,894,894.0,0,0.0
75,WEAgent14,FEMALE_OLD_HIGH_INCOME,81,81.0,0,0.0
75,WEAgent15,YOUNG_HIGH_INCOME,463,463.0,224,224.0
75,WEAgent12,MALE_YOUNG,470,470.0,359,359.0
75,WEAgent13,MALE_OLD,1041,1041.0,0,0.0
75,WEAgent9,MALE_YOUNG,470,470.0,340,340.0
75,WEAgent10,MALE_OLD,1561,1561.0,1031,1021.0
75,WEAgent11,FEMALE_YOUNG_HIGH_INCOME,153,153.0,0,0.0
75,WEAgent7,FEMALE_OLD,561,561.0,0,0.0
75,WEAgent8,OLD_LOW_INCOME,2517,2517.0,3047,623.0
75,WEAgent1,YOUNG_LOW_INCOME,1526,1526.0,352,352.0
75,WEAgent2,FEMALE_OLD_HIGH_INCOME,162,162.0,162,162.0
75,WEAgent0,YOUNG_LOW_INCOME,2289,2289.0,0,0.0
75,WEAgent5,FEMALE_OLD_HIGH_INCOME,244,244.0,283,141.0
75,WEAgent6,MALE_HIGH_INCOME,265,265.0,0,0.0
75,WEAgent3,MALE_YOUNG,470,470.0,351,351.0
75,WEAgent4,MALE_OLD,1041,1041.0,0,0.0
75,WFAgent0,FEMALE_LOW_INCOME,2628,2628.0,0,0.0
75,WFAgent1,YOUNG_HIGH_INCOME,309,309.0,236,236.0
75,WFAgent2,MALE_OLD_HIGH_INCOME,323,323.0,0,0.0
75,WFAgent3,FEMALE_YOUNG_LOW_INCOME,792,792.0,792,792.0
75,WFAgent4,MALE_YOUNG,1411,1411.0,0,0.0
75,WFAgent5,MALE_YOUNG,941,941.0,0,0.0
76,WFAgent6,MALE_YOUNG_LOW_INCOME,1101,1101.0,0,0.0
76,WFAgent7,MALE_OLD_HIGH_INCOME,323,323.0,323,322.99999999999994
76,WFAgent8,MALE_OLD_LOW_INCOME,718,718.0,718,718.0
76,WFAgent9,MALE_LOW_INCOME,1452,1452.0,0,0.0
76,WEAgent16,MALE_YOUNG_HIGH_INCOME,103,103.0,482,0.0
76,WEAgent17,FEMALE_YOUNG,447,447.0,447,446.99999999999994
76,WEAgent14,MALE_YOUNG,941,941.0,0,0.0
76,WEAgent15,MALE_OLD_HIGH_INCOME,161,161.0,161,160.99999999999997
76,WEAgent12,OLD_LOW_INCOME,2517,2517.0,3479,737.0
76,WEAgent13,MALE_OLD_LOW_INCOME,1077,1077.0,0,0.0
76,WEAgent9,MALE_OLD_LOW_INCOME,1077,1077.0,0,0.0
76,WEAgent10,MALE_OLD_LOW_INCOME,718,718.0,0,0.0
76,WEAgent11,FEMALE_OLD_HIGH_INCOME,81,81.0,0,0.0
76,WEAgent7,FEMALE_YOUNG,894,894.0,1633,493.99999999999994
76,WEAgent8,MALE_OLD,520,520.0,330,171.99999999999997
76,WEAgent1,MALE_YOUNG_LOW_INCOME,1101,1101.0,0,0.0
76,WEAgent2,MALE_LOW_INCOME,726,726.0,0,0.0
76,WEAgent0,MALE_YOUNG,1411,1411.0,0,0.0
76,WEAgent5,FEMALE_OLD_HIGH_INCOME,244,244.0,393,0.0
76,WEAgent6,MALE_OLD_HIGH_INCOME,323,323.0,0,0.0
76,WEAgent3,MALE_LOW_INCOME,1452,1452.0,1480,363.0
76,WEAgent4,MALE_OLD_LOW_INCOME,1077,1077.0,0,0.0
76,WFAgent0,MALE_YOUNG_LOW_INCOME,367,367.0,367,367.0
76,WFAgent1,FEMALE_OLD_HIGH_INCOME,162,162.0,0,0.0
76,WFAgent2,FEMALE_YOUNG_HIGH_INCOME,51,51.0,51,51.0
76,WFAgent3,FEMALE_YOUNG_HIGH_INCOME,102,102.0,85,85.0
76,WFAgent4,MALE_LOW_INCOME,726,726.0,0,0.0
76,WFAgent5,FEMALE_YOUNG_HIGH_INCOME,51,51.0,51,51.0
77,WFAgent6,MALE_YOUNG,941,941.0,595,595.0
77,WFAgent7,FEMALE_OLD_HIGH_INCOME,81,81.0,0,0.0
77,WFAgent8,YOUNG_HIGH_INCOME,154,154.0,229,0.0
77,WFAgent9,MALE_YOUNG_LOW_INCOME,1101,1101.0,599,599.0
77,WEAgent16,FEMALE_YOUNG_LOW_INCOME,396,396.0,396,396.0
77,WEAgent17,OLD_HIGH_INCOME,486,486.0,0,0.0
77,WEAgent14,FEMALE_OLD,1123,1123.0,812,812.0
77,WEAgent15,FEMALE_YOUNG_LOW_INCOME,396,396.0,1613,372.0
77,WEAgent12,MALE_LOW_INCOME,726,726.0,0,0.0
77,WEAgent13,OLD_HIGH_INCOME,243,243.0,0,0.0
77,WEAgent9,OLD_LOW_INCOME,2517,2517.0,1472,1472.0
77,WEAgent10,FEMALE_OLD_HIGH_INCOME,81,81.0,0,0.0
77,WEAgent11,MALE_YOUNG_LOW_INCOME,367,367.0,0,0.0
77,WEAgent7,MALE_OLD,1561,1561.0,0,0.0
77,WEAgent8,OLD_HIGH_INCOME,729,729.0,816,0.0
77,WEAgent1,MALE_HIGH_INCOME,265,265.0,0,0.0
77,WEAgent2,FEMALE_YOUNG_HIGH_INCOME,51,51.0,0,0.0
77,WEAgent0,MALE_YOUNG_HIGH_INCOME,103,103.0,0,0.0
77,WEAgent5,MALE_OLD_HIGH_INCOME,484,484.0,0,0.0
77,WEAgent6,OLD_LOW_INCOME,2517,2517.0,1544,1544.0
77,WEAgent3,FEMALE_OLD,1123,1123.0,840,840.0
77,WEAgent4,FEMALE_YOUNG_HIGH_INCOME,51,51.0,0,0.0
77,WFAgent0,MALE_YOUNG,941,941.0,579,579.0
77,WFAgent1,MALE_LOW_INCOME,2178,2178.0,0,0.0
77,WFAgent2,MALE_YOUNG_HIGH_INCOME,206,206.0,505,0.0
77,WFAgent3,MALE_LOW_INCOME,726,726.0,0,0.0
77,WFAgent4,MALE_OLD_HIGH_INCOME,161,161.0,0,0.0
77,WFAgent5,FEMALE_YOUNG_HIGH_INCOME,102,102.0,0,0.0
78,WFAgent6,MALE_LOW_INCOME,726,726.0,581,581.0
78,WFAgent7,MALE_YOUNG,941,941.0,810,810.0
78,WFAgent8,OLD_HIGH_INCOME,486,486.0,0,0.0
78,WFAgent9,MALE_HIGH_INCOME,530,530.0,0,0.0
78,WEAgent16,MALE_YOUNG,470,470.0,0,0.0
78,WEAgent17,FEMALE_OLD,1684,1684.0,1669,1124.0
78,WEAgent14,YOUNG_HIGH_INCOME,154,154.0,0,0.0
78,WEAgent15,OLD_HIGH_INCOME,729,729.0,0,0.0
78,WEAgent12,MALE_LOW_INCOME,2178,2178.0,2451,610.0
78,WEAgent13,MALE_YOUNG,941,941.0,0,0.0
78,WEAgent9,FEMALE_LOW_INCOME,1752,1752.0,1521,480.0
78,WEAgent10,FEMALE_OLD,561,561.0,0,0.0
78,WEAgent11,MALE_HIGH_INCOME,795,795.0,980,197.0
78,WEAgent7,FEMALE_OLD_HIGH_INCOME,162,162.0,0,0.0
78,WEAgent8,FEMALE_OLD,561,561.0,0,0.0
78,WEAgent1,OLD_HIGH_INCOME,486,486.0,0,0.0
78,WEAgent2,FEMALE_YOUNG_LOW_INCOME,396,396.0,0,0.0
78,WEAgent0,OLD_HIGH_INCOME,486,486.0,0,0.0
78,WEAgent5,MALE_OLD,520,520.0,0,0.0
78,WEAgent6,FEMALE_YOUNG,447,447.0,565,447.0
78,WEAgent3,FEMALE_OLD,1123,1123.0,1123,1123.0
78,WEAgent4,MALE_OLD,520,520.0,0,0.0
78,WFAgent0,MALE_YOUNG,470,470.0,160,160.0
78,WFAgent1,MALE_LOW_INCOME,726,726.0,0,0.0
78,WFAgent2,MALE_YOUNG,941,941.0,0,0.0
78,WFAgent3,MALE_OLD_LOW_INCOME,1077,1077.0,0,0.0
78,WFAgent4,MALE_LOW_INCOME,1452,1452.0,0,0.0
78,WFAgent5,MALE_YOUNG_LOW_INCOME,1101,1101.0,0,0.0
79,WFAgent6,MALE_LOW_INCOME,1452,1452.0,0,0.0
79,WFAgent7,FEMALE_HIGH_INCOME,265,265.0,265,265.0
79,WFAgent8,YOUNG_LOW_INCOME,1526,1526.0,586,586.0
79,WFAgent9,YOUNG_LOW_INCOME,763,763.0,495,495.0
79,WEAgent16,MALE_YOUNG_LOW_INCOME,734,734.0,0,0.0
79,WEAgent17,MALE_HIGH_INCOME,795,795.0,486,486.0
79,WEAgent14,MALE_HIGH_INCOME,795,795.0,462,462.0
79,WEAgent15,FEMALE_OLD,1123,1123.0,0,0.0
79,WEAgent12,FEMALE_HIGH_INCOME,397,397.0,329,287.0
79,WEAgent13,MALE_OLD_LOW_INCOME,359,359.0,0,0.0
79,WEAgent9,FEMALE_YOUNG_HIGH_INCOME,51,51.0,0,0.0
79,WEAgent10,YOUNG_LOW_INCOME,1526,1526.0,732,651.0
79,WEAgent11,FEMALE_YOUNG_LOW_INCOME,396,396.0,0,0.0
79,WEAgent7,FEMALE_YOUNG,447,447.0,0,0.0
79,WEAgent8,MALE_YOUNG_HIGH_INCOME,206,206.0,0,0.0
79,WEAgent1,MALE_OLD_HIGH_INCOME,484,484.0,0,0.0
79,WEAgent2,MALE_OLD,1041,1041.0,1057,1041.0
79,WEAgent0,OLD_HIGH_INCOME,243,243.0,0,0.0
79,WEAgent5,MALE_LOW_INCOME,1452,1452.0,1452,1452.0
79,WEAgent6,FEMALE_LOW_INCOME,2628,2628.0,1784,1784.0
79,WEAgent3,MALE_OLD_LOW_INCOME,718,718.0,0,0.0
79,WEAgent4,FEMALE_OLD_LOW_INCOME,1440,1440.0,1225,1225.0
79,WFAgent0,YOUNG_HIGH_INCOME,154,154.0,107,107.0
79,WFAgent1,YOUNG_LOW_INCOME,763,763.0,763,763.0
79,WFAgent2,FEMALE_OLD,1123,1123.0,0,0.0
79,WFAgent3,FEMALE_HIGH_INCOME,397,397.0,0,0.0
79,WFAgent4,MALE_OLD_HIGH_INCOME,484,484.0,183,183.0
79,WFAgent5,FEMALE_LOW_INCOME,876,876.0,0,0.0
80,WFAgent6,FEMALE_OLD_LOW_INCOME,960,960.0,790,790.0
80,WFAgent7,FEMALE_YOUNG_LOW_INCOME,792,792.0,661,661.0
80,WFAgent8,OLD_HIGH_INCOME,729,729.0,0,0.0
80,WFAgent9,YOUNG_HIGH_INCOME,154,154.0,156,96.0
80,WEAgent16,FEMALE_YOUNG_LOW_INCOME,792,792.0,0,0.0
80,WEAgent17,FEMALE_LOW_INCOME,2628,2628.0,1502,1502.0
80,WEAgent14,FEMALE_YOUNG_LOW_INCOME,396,396.0,0,0.0
80,WEAgent15,YOUNG_HIGH_INCOME,463,463.0,0,0.0
80,WEAgent12,MALE_HIGH_INCOME,795,795.0,795,795.0
80,WEAgent13,MALE_HIGH_INCOME,530,530.0,0,0.0
80,WEAgent9,MALE_YOUNG,470,470.0,470,470.0
80,WEAgent10,FEMALE_OLD_LOW_INCOME,480,480.0,0,0.0
80,WEAgent11,FEMALE_OLD_LOW_INCOME,960,960.0,0,0.0
80,WEAgent7,FEMALE_YOUNG_LOW_INCOME,792,792.0,0,0.0
80,WEAgent8,MALE_OLD,1561,1561.0,0,0.0
80,WEAgent1,FEMALE_HIGH_INCOME,265,265.0,265,265.0
80,WEAgent2,MALE_YOUNG,470,470.0,464,464.0
80,WEAgent0,MALE_YOUNG_HIGH_INCOME,103,103.0,0,0.0
80,WEAgent5,MALE_LOW_INCOME,2178,2178.0,2242,450.0
80,WEAgent6,FEMALE_YOUNG_HIGH_INCOME,51,51.0,0,0.0
80,WEAgent3,FEMALE_YOUNG_HIGH_INCOME,51,51.0,0,0.0
80,WEAgent4,FEMALE_YOUNG_HIGH_INCOME,153,153.0,0,0.0
80,WFAgent0,YOUNG_LOW_INCOME,763,763.0,0,0.0
80,WFAgent1,OLD_HIGH_INCOME,729,729.0,0,0.0
80,WFAgent2,OLD_HIGH_INCOME,486,486.0,9,9.0
80,WFAgent3,OLD_HIGH_INCOME,729,729.0,251,171.0
80,WFAgent4,MALE_YOUNG,1411,1411.0,455,455.0
80,WFAgent5,FEMALE_LOW_INCOME,1752,1752.0,1453,1453.0
81,WFAgent6,OLD_LOW_INCOME,1678,1678.0,738,738.0
81,WFAgent7,YOUNG_LOW_INCOME,763,763.0,0,0.0
81,WFAgent8,MALE_OLD_LOW_INCOME,359,359.0,359,359.0
81,WFAgent9,FEMALE_YOUNG_HIGH_INCOME,51,51.0,0,0.0
81,WEAgent16,MALE_HIGH_INCOME,795,795.0,779,0.0
81,WEAgent17,OLD_HIGH_INCOME,486,486.0,0,0.0
81,WEAgent14,OLD_LOW_INCOME,1678,1678.0,712,712.0
81,WEAgent15,FEMALE_OLD,561,561.0,0,0.0
81,WEAgent12,FEMALE_LOW_INCOME,876,876.0,0,0.0
81,WEAgent13,MALE_YOUNG,941,941.0,602,602.0
81,WEAgent9,MALE_OLD_HIGH_INCOME,161,161.0,0,0.0
81,WEAgent10,FEMALE_YOUNG_LOW_INCOME,792,792.0,0,0.0
81,WEAgent11,FEMALE_YOUNG_LOW_INCOME,396,396.0,0,0.0
81,WEAgent7,FEMALE_HIGH_INCOME,397,397.0,0,0.0
81,WEAgent8,FEMALE_HIGH_INCOME,397,397.0,0,0.0
81,WEAgent1,MALE_YOUNG,470,470.0,0,0.0
81,WEAgent2,FEMALE_YOUNG,894,894.0,1971,0.0
81,WEAgent0,FEMALE_OLD,1123,1123.0,2837,0.0
81,WEAgent5,MALE_HIGH_INCOME,265,265.0,0,0.0
81,WEAgent6,FEMALE_OLD_HIGH_INCOME,81,81.0,0,0.0
81,WEAgent3,FEMALE_OLD_LOW_INCOME,1440,1440.0,0,0.0
81,WEAgent4,FEMALE_OLD_LOW_INCOME,1440,1440.0,0,0.0
81,WFAgent0,FEMALE_YOUNG,1341,1341.0,0,0.0
81,WFAgent1,MALE_OLD,520,520.0,0,0.0
81,WFAgent2,MALE_YOUNG,1411,1411.0,595,595.0
81,WFAgent3,MALE_YOUNG_LOW_INCOME,1101,1101.0,0,0.0
81,WFAgent4,MALE_YOUNG,941,941.0,630,630.0
81,WFAgent5,OLD_LOW_INCOME,1678,1678.0,0,0.0
82,WFAgent6,FEMALE_YOUNG_LOW_INCOME,1188,1188.0,0,0.0
82,WFAgent7,YOUNG_LOW_INCOME,2289,2289.0,0,0.0
82,WFAgent8,MALE_OLD_LOW_INCOME,718,718.0,0,0.0
82,WFAgent9,MALE_OLD,1561,1561.0,886,886.0
82,WEAgent16,YOUNG_HIGH_INCOME,463,463.0,391,391.0
82,WEAgent17,FEMALE_LOW_INCOME,2628,2628.0,2206,2206.0
82,WEAgent14,MALE_OLD,520,520.0,842,0.0
82,WEAgent15,MALE_OLD,1561,1561.0,0,0.0
82,WEAgent12,MALE_YOUNG_HIGH_INCOME,310,310.0,265,265.0
82,WEAgent13,FEMALE_YOUNG,894,894.0,0,0.0
82,WEAgent9,MALE_YOUNG_HIGH_INCOME,103,103.0,0,0.0
82,WEAgent10,FEMALE_OLD_HIGH_INCOME,81,81.0,0,0.0
82,WEAgent11,FEMALE_OLD_HIGH_INCOME,162,162.0,0,0.0
82,WEAgent7,MALE_OLD_HIGH_INCOME,484,484.0,0,0.0
82,WEAgent8,MALE_LOW_INCOME,2178,2178.0,1435,1435.0
82,WEAgent1,MALE_OLD_LOW_INCOME,359,359.0,0,0.0
82,WEAgent2,FEMALE_YOUNG_LOW_INCOME,1188,1188.0,0,0.0
82,WEAgent0,FEMALE_YOUNG,894,894.0,0,0.0
82,WEAgent5,MALE_LOW_INCOME,1452,1452.0,599,599.0
82,WEAgent6,MALE_YOUNG,1411,1411.0,0,0.0
82,WEAgent3,FEMALE_YOUNG,1341,1341.0,0,0.0
82,WEAgent4,FEMALE_YOUNG,894,894.0,0,0.0
82,WFAgent0,FEMALE_OLD,1684,1684.0,1373,1373.0
82,WFAgent1,OLD_HIGH_INCOME,243,243.0,126,126.0
82,WFAgent2,FEMALE_HIGH_INCOME,397,397.0,251,251.0
82,WFAgent3,FEMALE_YOUNG_LOW_INCOME,792,792.0,0,0.0
82,WFAgent4,YOUNG_LOW_INCOME,2289,2289.0,1626,1626.0
82,WFAgent5,FEMALE_YOUNG_LOW_INCOME,792,792.0,0,0.0
83,WFAgent6,FEMALE_YOUNG_HIGH_INCOME,51,51.0,51,51.0
83,WFAgent7,FEMALE_HIGH_INCOME,132,132.0,0,0.0
83,WFAgent8,FEMALE_YOUNG,1341,1341.0,0,0.0
83,WFAgent9,YOUNG_LOW_INCOME,2289,2289.0,0,0.0
83,WEAgent16,FEMALE_YOUNG_HIGH_INCOME,51,51.0,0,0.0
83,WEAgent17,MALE_YOUNG,1411,1411.0,0,0.0
83,WEAgent14,FEMALE_OLD,1684,1684.0,953,570.0
83,WEAgent15,FEMALE_OLD_LOW_INCOME,480,480.0,0,0.0
83,WEAgent12,OLD_HIGH_INCOME,486,486.0,0,0.0
83,WEAgent13,MALE_LOW_INCOME,2178,2178.0,0,0.0
83,WEAgent9,FEMALE_YOUNG,894,894.0,0,0.0
83,WEAgent10,FEMALE_YOUNG_HIGH_INCOME,102,102.0,199,67.0
83,WEAgent11,OLD_LOW_INCOME,1678,1678.0,0,0.0
83,WEAgent7,MALE_OLD,1041,1041.0,0,0.0
83,WEAgent8,MALE_OLD,520,520.0,0,0.0
83,WEAgent1,FEMALE_OLD_LOW_INCOME,480,480.0,0,0.0
83,WEAgent2,OLD_LOW_INCOME,2517,2517.0,2414,594.0
83,WEAgent0,FEMALE_OLD_LOW_INCOME,960,960.0,0,0.0
83,WEAgent5,OLD_HIGH_INCOME,243,243.0,0,0.0
83,WEAgent6,OLD_HIGH_INCOME,243,243.0,0,0.0
83,WEAgent3,MALE_YOUNG,941,941.0,0,0.0
83,WEAgent4,MALE_OLD_HIGH_INCOME,484,484.0,0,0.0
83,WFAgent0,FEMALE_OLD_LOW_INCOME,1440,1440.0,604,604.0
83,WFAgent1,MALE_OLD_LOW_INCOME,1077,1077.0,0,0.0
83,WFAgent2,OLD_HIGH_INCOME,729,729.0,0,0.0
83,WFAgent3,FEMALE_OLD_LOW_INCOME,960,960.0,601,601.0
83,WFAgent4,YOUNG_LOW_INCOME,1526,1526.0,1008,1008.0
83,WFAgent5,FEMALE_YOUNG_LOW_INCOME,1188,1188.0,991,991.0
84,WFAgent6,FEMALE_LOW_INCOME,876,876.0,876,876.0
84,WFAgent7,FEMALE_OLD_LOW_INCOME,480,480.0,480,480.0
84,WFAgent8,MALE_OLD,520,520.0,1458,339.0
84,WFAgent9,FEMALE_YOUNG_HIGH_INCOME,51,51.0,206,49.0
84,WEAgent16,MALE_YOUNG_HIGH_INCOME,206,206.0,0,0.0
84,WEAgent17,MALE_YOUNG,470,470.0,0,0.0
84,WEAgent14,FEMALE_OLD_HIGH_INCOME,162,162.0,143,143.0
84,WEAgent15,MALE_YOUNG,470,470.0,0,0.0
84,WEAgent12,OLD_HIGH_INCOME,243,243.0,222,222.0
84,WEAgent13,FEMALE_OLD_HIGH_INCOME,162,162.0,149,149.0
84,WEAgent9,YOUNG_HIGH_INCOME,463,463.0,0,0.0
84,WEAgent10,MALE_YOUNG_LOW_INCOME,367,367.0,0,0.0
84,WEAgent11,MALE_YOUNG_HIGH_INCOME,103,103.0,0,0.0
84,WEAgent7,YOUNG_HIGH_INCOME,463,463.0,0,0.0
84,WEAgent8,FEMALE_YOUNG_HIGH_INCOME,51,51.0,51,51.0
84,WEAgent1,YOUNG_LOW_INCOME,2289,2289.0,1434,1434.0
84,WEAgent2,FEMALE_OLD_LOW_INCOME,1440,1440.0,1363,596.0
84,WEAgent0,FEMALE_LOW_INCOME,876,876.0,0,0.0
84,WEAgent5,MALE_YOUNG_HIGH_INCOME,310,310.0,0,0.0
84,WEAgent6,YOUNG_LOW_INCOME,2289,2289.0,1426,1426.0
84,WEAgent3,MALE_YOUNG_HIGH_INCOME,206,206.0,0,0.0
84,WEAgent4,OLD_HIGH_INCOME,243,243.0,243,243.0
84,WFAgent0,OLD_HIGH_INCOME,243,243.0,243,243.0
84,WFAgent1,MALE_HIGH_INCOME,530,530.0,774,249.0
84,WFAgent2,FEMALE_YOUNG_LOW_INCOME,792,792.0,0,0.0
84,WFAgent3,FEMALE_LOW_INCOME,1752,1752.0,573,573.0
84,WFAgent4,MALE_YOUNG,470,470.0,0,0.0
84,WFAgent5,MALE_OLD_LOW_INCOME,359,359.0,359,359.0
85,WFAgent6,FEMALE_OLD_HIGH_INCOME,81,81.0,81,81.0
85,WFAgent7,MALE_OLD_HIGH_INCOME,161,161.0,161,161.0
85,WFAgent8,MALE_OLD_HIGH_INCOME,484,484.0,0,0.0
85,WFAgent9,OLD_LOW_INCOME,1678,1678.0,889,889.0
85,WEAgent16,FEMALE_YOUNG_HIGH_INCOME,51,51.0,0,0.0
85,WEAgent17,FEMALE_OLD,561,561.0,0,0.0
85,WEAgent14,FEMALE_LOW_INCOME,876,876.0,876,876.0
85,WEAgent15,FEMALE_YOUNG_LOW_INCOME,792,792.0,0,0.0
85,WEAgent12,MALE_OLD_HIGH_INCOME,484,484.0,499,165.0
85,WEAgent13,YOUNG_HIGH_INCOME,463,463.0,0,0.0
85,WEAgent9,MALE_YOUNG,470,470.0,385,133.0
85,WEAgent10,FEMALE_YOUNG_LOW_INCOME,1188,1188.0,0,0.0
85,WEAgent11,OLD_LOW_INCOME,2517,2517.0,1306,1306.0
85,WEAgent7,MALE_OLD_LOW_INCOME,359,359.0,0,0.0
85,WEAgent8,YOUNG_HIGH_INCOME,309,309.0,0,0.0
85,WEAgent1,FEMALE_YOUNG,1341,1341.0,820,519.0
85,WEAgent2,FEMALE_OLD_HIGH_INCOME,244,244.0,317,64.0
85,WEAgent0,FEMALE_LOW_INCOME,876,876.0,876,876.0
85,WEAgent5,FEMALE_LOW_INCOME,876,876.0,876,876.0
85,WEAgent6,FEMALE_YOUNG_HIGH_INCOME,153,153.0,0,0.0
85,WEAgent3,YOUNG_LOW_INCOME,763,763.0,0,0.0
85,WEAgent4,OLD_LOW_INCOME,1678,1678.0,436,436.0
85,WFAgent0,FEMALE_OLD,1123,1123.0,0,0.0
85,WFAgent1,FEMALE_YOUNG_HIGH_INCOME,51,51.0,0,0.0
85,WFAgent2,MALE_HIGH_INCOME,265,265.0,265,265.0
85,WFAgent3,MALE_YOUNG_LOW_INCOME,1101,1101.0,1817,0.0
85,WFAgent4,FEMALE_OLD_LOW_INCOME,1440,1440.0,396,396.0
85,WFAgent5,MALE_OLD_LOW_INCOME,1077,1077.0,0,0.0
86,WFAgent6,OLD_HIGH_INCOME,486,486.0,0,0.0
86,WFAgent7,OLD_LOW_INCOME,839,839.0,610,610.0
86,WFAgent8,FEMALE_LOW_INCOME,1752,1752.0,2477,0.0
86,WFAgent9,MALE_YOUNG,470,470.0,0,0.0
86,WEAgent16,MALE_OLD_HIGH_INCOME,161,161.0,0,0.0
86,WEAgent17,MALE_YOUNG,941,941.0,0,0.0
86,WEAgent14,MALE_YOUNG_LOW_INCOME,734,734.0,0,0.0
86,WEAgent15,OLD_HIGH_INCOME,729,729.0,679,242.0
86,WEAgent12,MALE_OLD_HIGH_INCOME,161,161.0,0,0.0
86,WEAgent13,MALE_HIGH_INCOME,530,530.0,371,371.0
86,WEAgent9,FEMALE_YOUNG,447,447.0,447,447.0
86,WEAgent10,FEMALE_YOUNG_LOW_INCOME,396,396.0,0,0.0
86,WEAgent11,MALE_YOUNG,1411,1411.0,0,0.0
86,WEAgent7,YOUNG_HIGH_INCOME,463,463.0,0,0.0
86,WEAgent8,MALE_OLD,1041,1041.0,0,0.0
86,WEAgent1,MALE_LOW_INCOME,1452,1452.0,640,640.0
86,WEAgent2,MALE_HIGH_INCOME,530,530.0,346,346.0
86,WEAgent0,FEMALE_YOUNG,447,447.0,463,447.0
86,WEAgent5,OLD_HIGH_INCOME,486,486.0,0,0.0
86,WEAgent6,MALE_LOW_INCOME,2178,2178.0,1230,1230.0
86,WEAgent3,MALE_YOUNG_HIGH_INCOME,310,310.0,0,0.0
86,WEAgent4,MALE_YOUNG,470,470.0,470,470.0
86,WFAgent0,MALE_OLD,1041,1041.0,663,663.0
86,WFAgent1,MALE_HIGH_INCOME,265,265.0,265,264.99999999999994
86,WFAgent2,YOUNG_LOW_INCOME,763,763.0,1248,428.0
86,WFAgent3,MALE_HIGH_INCOME,530,530.0,0,0.0
86,WFAgent4,MALE_OLD_HIGH_INCOME,484,484.0,0,0.0
86,WFAgent5,MALE_HIGH_INCOME,530,530.0,0,0.0
87,WFAgent6,MALE_LOW_INCOME,726,726.0,0,0.0
87,WFAgent7,FEMALE_HIGH_INCOME,397,397.0,0,0.0
87,WFAgent8,OLD_HIGH_INCOME,243,243.0,225,225.0
87,WFAgent9,OLD_LOW_INCOME,2517,2517.0,0,0.0
87,WEAgent16,MALE_YOUNG_LOW_INCOME,367,367.0,367,367.0
87,WEAgent17,MALE_OLD,1041,1041.0,0,0.0
87,WEAgent14,FEMALE_HIGH_INCOME,397,397.0,0,0.0
87,WEAgent15,FEMALE_YOUNG,894,894.0,0,0.0
87,WEAgent12,OLD_LOW_INCOME,839,839.0,0,0.0
87,WEAgent13,MALE_OLD_HIGH_INCOME,161,161.0,0,0.0
87,WEAgent9,FEMALE_YOUNG,1341,1341.0,0,0.0
87,WEAgent10,MALE_OLD_LOW_INCOME,718,718.0,0,0.0
87,WEAgent11,MALE_YOUNG_HIGH_INCOME,103,103.0,0,0.0
87,WEAgent7,FEMALE_LOW_INCOME,876,876.0,0,0.0
87,WEAgent8,OLD_HIGH_INCOME,243,243.0,0,0.0
87,WEAgent1,FEMALE_OLD_HIGH_INCOME,162,162.0,0,0.0
87,WEAgent2,MALE_LOW_INCOME,2178,2178.0,2485,749.0
87,WEAgent0,OLD_HIGH_INCOME,729,729.0,975,193.0
87,WEAgent5,MALE_OLD_HIGH_INCOME,484,484.0,0,0.0
87,WEAgent6,YOUNG_HIGH_INCOME,463,463.0,540,247.0
87,WEAgent3,MALE_OLD_LOW_INCOME,1077,1077.0,0,0.0
87,WEAgent4,MALE_HIGH_INCOME,265,265.0,263,263.0
87,WFAgent0,FEMALE_OLD_HIGH_INCOME,81,81.0,0,0.0
87,WFAgent1,FEMALE_YOUNG,447,447.0,0,0.0
87,WFAgent2,MALE_OLD_LOW_INCOME,359,359.0,0,0.0
87,WFAgent3,MALE_YOUNG,1411,1411.0,726,726.0
87,WFAgent4,FEMALE_LOW_INCOME,2628,2628.0,0,0.0
87,WFAgent5,OLD_HIGH_INCOME,486,486.0,0,0.0
88,WFAgent6,YOUNG_LOW_INCOME,1526,1526.0,0,0.0
88,WFAgent7,FEMALE_OLD_HIGH_INCOME,81,81.0,0,0.0
88,WFAgent8,FEMALE_HIGH_INCOME,132,132.0,477,79.0
88,WFAgent9,OLD_LOW_INCOME,839,839.0,1447,360.0
88,WEAgent16,FEMALE_HIGH_INCOME,265,265.0,0,0.0
88,WEAgent17,MALE_HIGH_INCOME,795,795.0,982,713.1521739130422
88,WEAgent14,FEMALE_OLD_LOW_INCOME,960,960.0,0,0.0
88,WEAgent15,MALE_YOUNG,941,941.0,0,0.0
88,WEAgent12,OLD_HIGH_INCOME,729,729.0,322,728.9999999999985
88,WEAgent13,FEMALE_OLD_HIGH_INCOME,244,244.0,0,0.0
88,WEAgent9,MALE_OLD_HIGH_INCOME,484,484.0,0,0.0
88,WEAgent10,MALE_OLD_LOW_INCOME,359,359.0,359,359.0
88,WEAgent11,MALE_YOUNG,941,941.0,0,0.0
88,WEAgent7,YOUNG_HIGH_INCOME,309,309.0,0,0.0
88,WEAgent8,FEMALE_YOUNG_HIGH_INCOME,153,153.0,106,106.0
88,WEAgent1,FEMALE_YOUNG_HIGH_INCOME,153,153.0,89,89.0
88,WEAgent2,MALE_YOUNG,470,470.0,0,0.0
88,WEAgent0,YOUNG_LOW_INCOME,2289,2289.0,2845,1018.0
88,WEAgent5,FEMALE_YOUNG_LOW_INCOME,1188,1188.0,0,0.0
88,WEAgent6,MALE_YOUNG_LOW_INCOME,734,734.0,0,0.0
88,WEAgent3,FEMALE_YOUNG_LOW_INCOME,792,792.0,0,0.0
88,WEAgent4,YOUNG_HIGH_INCOME,309,309.0,0,0.0
88,WFAgent0,YOUNG_LOW_INCOME,1526,1526.0,0,0.0
88,WFAgent1,MALE_YOUNG,1411,1411.0,0,0.0
88,WFAgent2,FEMALE_LOW_INCOME,1752,1752.0,2378,0.0
88,WFAgent3,FEMALE_LOW_INCOME,1752,1752.0,995,995.0
88,WFAgent4,MALE_LOW_INCOME,726,726.0,0,0.0
88,WFAgent5,MALE_HIGH_INCOME,795,795.0,0,0.0
89,WFAgent6,MALE_HIGH_INCOME,265,265.0,526,0.0
89,WFAgent7,FEMALE_OLD_LOW_INCOME,480,480.0,0,0.0
89,WFAgent8,MALE_OLD_HIGH_INCOME,484,484.0,0,0.0
89,WFAgent9,OLD_HIGH_INCOME,486,486.0,1049,198.0
89,WEAgent16,MALE_OLD_HIGH_INCOME,484,484.0,0,0.0
89,WEAgent17,FEMALE_OLD,1123,1123.0,0,0.0
89,WEAgent14,FEMALE_OLD_HIGH_INCOME,244,244.0,211,211.0
89,WEAgent15,FEMALE_OLD,1123,1123.0,0,0.0
89,WEAgent12,MALE_OLD_LOW_INCOME,718,718.0,597,597.0
89,WEAgent13,YOUNG_LOW_INCOME,763,763.0,0,0.0
89,WEAgent9,MALE_OLD_HIGH_INCOME,323,323.0,0,0.0
89,WEAgent10,YOUNG_LOW_INCOME,763,763.0,0,0.0
89,WEAgent11,FEMALE_OLD,1123,1123.0,0,0.0
89,WEAgent7,MALE_YOUNG,1411,1411.0,0,0.0
89,WEAgent8,MALE_YOUNG_LOW_INCOME,367,367.0,0,0.0
89,WEAgent1,FEMALE_YOUNG,1341,1341.0,0,0.0
89,WEAgent2,FEMALE_YOUNG_LOW_INCOME,396,396.0,0,0.0
89,WEAgent0,FEMALE_LOW_INCOME,2628,2628.0,4374,0.0
89,WEAgent5,OLD_HIGH_INCOME,243,243.0,0,0.0
89,WEAgent6,OLD_HIGH_INCOME,243,243.0,0,0.0
89,WEAgent3,FEMALE_OLD,561,561.0,0,0.0
89,WEAgent4,OLD_HIGH_INCOME,729,729.0,0,0.0
89,WFAgent0,OLD_HIGH_INCOME,729,729.0,0,0.0
89,WFAgent1,OLD_LOW_INCOME,839,839.0,601,601.0
89,WFAgent2,FEMALE_HIGH_INCOME,132,132.0,240,0.0
89,WFAgent3,MALE_OLD,1041,1041.0,0,0.0
89,WFAgent4,OLD_LOW_INCOME,1678,1678.0,599,599.0
89,WFAgent5,YOUNG_LOW_INCOME,1526,1526.0,0,0.0
90,WFAgent6,OLD_HIGH_INCOME,729,729.0,0,0.0
90,WFAgent7,MALE_YOUNG,1411,1411.0,1812,0.0
90,WFAgent8,FEMALE_YOUNG,447,447.0,0,0.0
90,WFAgent9,FEMALE_LOW_INCOME,1752,1752.0,611,611.0
90,WEAgent16,FEMALE_LOW_INCOME,2628,2628.0,2661,670.0
90,WEAgent17,YOUNG_HIGH_INCOME,154,154.0,0,0.0
90,WEAgent14,MALE_YOUNG_HIGH_INCOME,310,310.0,0,0.0
90,WEAgent15,OLD_HIGH_INCOME,486,486.0,0,0.0
90,WEAgent12,FEMALE_YOUNG_LOW_INCOME,792,792.0,0,0.0
90,WEAgent13,FEMALE_YOUNG_HIGH_INCOME,51,51.0,0,0.0
90,WEAgent9,FEMALE_OLD_HIGH_INCOME,81,81.0,0,0.0
90,WEAgent10,FEMALE_YOUNG,1341,1341.0,0,0.0
90,WEAgent11,FEMALE_LOW_INCOME,876,876.0,0,0.0
90,WEAgent7,FEMALE_OLD_HIGH_INCOME,81,81.0,0,0.0
90,WEAgent8,OLD_HIGH_INCOME,243,243.0,243,243.0
90,WEAgent1,FEMALE_LOW_INCOME,876,876.0,0,0.0
90,WEAgent2,MALE_HIGH_INCOME,265,265.0,0,0.0
90,WEAgent0,OLD_LOW_INCOME,839,839.0,2398,657.0
90,WEAgent5,MALE_OLD_HIGH_INCOME,161,161.0,0,0.0
90,WEAgent6,FEMALE_YOUNG_HIGH_INCOME,51,51.0,0,0.0
90,WEAgent3,MALE_HIGH_INCOME,795,795.0,247,247.0
90,WEAgent4,MALE_HIGH_INCOME,265,265.0,0,0.0
90,WFAgent0,OLD_HIGH_INCOME,243,243.0,243,243.0
90,WFAgent1,FEMALE_OLD,561,561.0,796,561.0
90,WFAgent2,FEMALE_HIGH_INCOME,397,397.0,0,0.0
90,WFAgent3,FEMALE_YOUNG,1341,1341.0,0,0.0
90,WFAgent4,MALE_HIGH_INCOME,795,795.0,729,232.0
90,WFAgent5,FEMALE_YOUNG_HIGH_INCOME,102,102.0,0,0.0
91,WFAgent6,MALE_OLD_LOW_INCOME,718,718.0,718,718.0
91,WFAgent7,MALE_OLD_HIGH_INCOME,323,323.0,218,218.0
91,WFAgent8,FEMALE_YOUNG_LOW_INCOME,1188,1188.0,644,644.0
91,WFAgent9,MALE_YOUNG_HIGH_INCOME,310,310.0,235,235.0
91,WEAgent16,FEMALE_YOUNG_LOW_INCOME,792,792.0,0,0.0
91,WEAgent17,FEMALE_LOW_INCOME,1752,1752.0,1529,1529.0
91,WEAgent14,MALE_OLD_HIGH_INCOME,323,323.0,244,244.0
91,WEAgent15,FEMALE_OLD_HIGH_INCOME,162,162.0,341,84.0
91,WEAgent12,FEMALE_OLD_LOW_INCOME,1440,1440.0,743,743.0
91,WEAgent13,MALE_LOW_INCOME,2178,2178.0,0,0.0
91,WEAgent9,FEMALE_OLD,561,561.0,0,0.0
91,WEAgent10,MALE_YOUNG_HIGH_INCOME,206,206.0,0,0.0
91,WEAgent11,MALE_OLD_HIGH_INCOME,161,161.0,161,161.0
91,WEAgent7,FEMALE_OLD,1123,1123.0,0,0.0
91,WEAgent8,OLD_LOW_INCOME,2517,2517.0,1820,1501.0
91,WEAgent1,MALE_HIGH_INCOME,795,795.0,473,473.0
91,WEAgent2,FEMALE_HIGH_INCOME,132,132.0,132,132.0
91,WEAgent0,FEMALE_YOUNG,894,894.0,0,0.0
91,WEAgent5,FEMALE_YOUNG_HIGH_INCOME,153,153.0,129,50.0
91,WEAgent6,MALE_YOUNG_HIGH_INCOME,310,310.0,0,0.0
91,WEAgent3,MALE_OLD_LOW_INCOME,359,359.0,0,0.0
91,WEAgent4,FEMALE_LOW_INCOME,876,876.0,0,0.0
91,WFAgent0,YOUNG_HIGH_INCOME,309,309.0,0,0.0
91,WFAgent1,YOUNG_LOW_INCOME,2289,2289.0,0,0.0
91,WFAgent2,MALE_OLD_LOW_INCOME,1077,1077.0,0,0.0
91,WFAgent3,MALE_YOUNG_LOW_INCOME,734,734.0,0,0.0
91,WFAgent4,FEMALE_YOUNG_HIGH_INCOME,51,51.0,51,51.0
91,WFAgent5,YOUNG_LOW_INCOME,1526,1526.0,616,616.0
92,WFAgent6,MALE_YOUNG,941,941.0,2298,66.0
92,WFAgent7,FEMALE_HIGH_INCOME,265,265.0,0,0.0
92,WFAgent8,FEMALE_OLD_HIGH_INCOME,162,162.0,0,0.0
92,WFAgent9,FEMALE_YOUNG_HIGH_INCOME,153,153.0,0,0.0
92,WEAgent16,FEMALE_YOUNG,1341,1341.0,1799,421.0
92,WEAgent17,YOUNG_HIGH_INCOME,154,154.0,0,0.0
92,WEAgent14,OLD_HIGH_INCOME,729,729.0,867,118.99999999999999
92,WEAgent15,FEMALE_YOUNG,894,894.0,0,0.0
92,WEAgent12,MALE_OLD_HIGH_INCOME,161,161.0,161,160.99999999999997
92,WEAgent13,MALE_OLD_LOW_INCOME,359,359.0,0,0.0
92,WEAgent9,MALE_YOUNG,941,941.0,0,0.0
92,WEAgent10,OLD_HIGH_INCOME,486,486.0,0,0.0
92,WEAgent11,FEMALE_OLD,1123,1123.0,0,0.0
92,WEAgent7,MALE_HIGH_INCOME,265,265.0,0,0.0
92,WEAgent8,OLD_LOW_INCOME,1678,1678.0,1250,1250.0
92,WEAgent1,FEMALE_YOUNG_LOW_INCOME,396,396.0,396,396.0
92,WEAgent2,FEMALE_HIGH_INCOME,265,265.0,0,0.0
92,WEAgent0,MALE_LOW_INCOME,726,726.0,0,0.0
92,WEAgent5,FEMALE_LOW_INCOME,876,876.0,0,0.0
92,WEAgent6,MALE_YOUNG_HIGH_INCOME,310,310.0,0,0.0
92,WEAgent3,OLD_LOW_INCOME,2517,2517.0,2444,1718.0
92,WEAgent4,FEMALE_OLD_LOW_INCOME,1440,1440.0,0,0.0
92,WFAgent0,MALE_OLD,520,520.0,520,520.0
92,WFAgent1,FEMALE_YOUNG,1341,1341.0,0,0.0
92,WFAgent2,MALE_HIGH_INCOME,265,265.0,265,265.0
92,WFAgent3,FEMALE_OLD,561,561.0,0,0.0
92,WFAgent4,YOUNG_LOW_INCOME,2289,2289.0,0,0.0
92,WFAgent5,MALE_HIGH_INCOME,795,795.0,0,0.0
93,WFAgent6,FEMALE_HIGH_INCOME,265,265.0,0,0.0
93,WFAgent7,MALE_OLD_HIGH_INCOME,161,161.0,161,161.0
93,WFAgent8,MALE_LOW_INCOME,726,726.0,685,685.0
93,WFAgent9,FEMALE_HIGH_INCOME,397,397.0,188,69.0
93,WEAgent16,FEMALE_HIGH_INCOME,132,132.0,0,0.0
93,WEAgent17,FEMALE_OLD,561,561.0,0,0.0
93,WEAgent14,OLD_LOW_INCOME,839,839.0,1517,795.0
93,WEAgent15,MALE_HIGH_INCOME,530,530.0,543,55.99999999999999
93,WEAgent12,MALE_OLD,1561,1561.0,0,0.0
93,WEAgent13,MALE_YOUNG_LOW_INCOME,734,734.0,0,0.0
93,WEAgent9,MALE_OLD_LOW_INCOME,1077,1077.0,0,0.0
93,WEAgent10,MALE_LOW_INCOME,1452,1452.0,2538,723.0
93,WEAgent11,FEMALE_LOW_INCOME,1752,1752.0,2055,0.0
93,WEAgent7,FEMALE_YOUNG_HIGH_INCOME,102,102.0,92,92.0
93,WEAgent8,FEMALE_OLD,1123,1123.0,1123,1123.0
93,WEAgent1,MALE_YOUNG,470,470.0,470,470.0
93,WEAgent2,MALE_OLD_HIGH_INCOME,323,323.0,0,0.0
93,WEAgent0,MALE_YOUNG_LOW_INCOME,367,367.0,0,0.0
93,WEAgent5,YOUNG_LOW_INCOME,763,763.0,0,0.0
93,WEAgent6,MALE_OLD,520,520.0,68,67.99999999999999
93,WEAgent3,MALE_YOUNG,1411,1411.0,0,0.0
93,WEAgent4,MALE_OLD_HIGH_INCOME,484,484.0,0,0.0
93,WFAgent0,FEMALE_YOUNG_HIGH_INCOME,153,153.0,0,0.0
93,WFAgent1,FEMALE_YOUNG_HIGH_INCOME,102,102.0,76,76.0
93,WFAgent2,FEMALE_LOW_INCOME,876,876.0,0,0.0
93,WFAgent3,MALE_OLD_HIGH_INCOME,484,484.0,484,484.0
93,WFAgent4,FEMALE_YOUNG_LOW_INCOME,396,396.0,0,0.0
93,WFAgent5,OLD_LOW_INCOME,1678,1678.0,0,0.0
94,WFAgent6,FEMALE_OLD_LOW_INCOME,1440,1440.0,0,0.0
94,WFAgent7,MALE_OLD_HIGH_INCOME,323,323.0,0,0.0
94,WFAgent8,FEMALE_OLD_LOW_INCOME,480,480.0,0,0.0
94,WFAgent9,FEMALE_YOUNG_HIGH_INCOME,102,102.0,0,0.0
94,WEAgent16,MALE_LOW_INCOME,2178,2178.0,2379,599.0
94,WEAgent17,MALE_OLD,1041,1041.0,0,0.0
94,WEAgent14,FEMALE_YOUNG,1341,1341.0,0,0.0
94,WEAgent15,YOUNG_LOW_INCOME,1526,1526.0,1411,1411.0
94,WEAgent12,FEMALE_OLD_LOW_INCOME,960,960.0,0,0.0
94,WEAgent13,OLD_HIGH_INCOME,486,486.0,1206,0.0
94,WEAgent9,FEMALE_OLD_HIGH_INCOME,162,162.0,0,0.0
94,WEAgent10,FEMALE_OLD_HIGH_INCOME,244,244.0,0,0.0
94,WEAgent11,MALE_YOUNG,470,470.0,0,0.0
94,WEAgent7,FEMALE_HIGH_INCOME,397,397.0,0,0.0
94,WEAgent8,MALE_YOUNG_HIGH_INCOME,206,206.0,0,0.0
94,WEAgent1,MALE_OLD,1041,1041.0,0,0.0
94,WEAgent2,MALE_LOW_INCOME,1452,1452.0,0,0.0
94,WEAgent0,FEMALE_OLD_LOW_INCOME,1440,1440.0,0,0.0
94,WEAgent5,OLD_LOW_INCOME,1678,1678.0,2346,0.0
94,WEAgent6,MALE_OLD_LOW_INCOME,718,718.0,0,0.0
94,WEAgent3,YOUNG_HIGH_INCOME,154,154.0,0,0.0
94,WEAgent4,YOUNG_LOW_INCOME,1526,1526.0,1433,1433.0
94,WFAgent0,MALE_OLD_LOW_INCOME,359,359.0,0,0.0
94,WFAgent1,MALE_YOUNG_HIGH_INCOME,206,206.0,0,0.0
94,WFAgent2,MALE_HIGH_INCOME,265,265.0,506,0.0
94,WFAgent3,MALE_HIGH_INCOME,795,795.0,0,0.0
94,WFAgent4,FEMALE_YOUNG,447,447.0,447,447.0
94,WFAgent5,FEMALE_HIGH_INCOME,397,397.0,0,0.0
95,WFAgent6,MALE_YOUNG_LOW_INCOME,367,367.0,367,367.0
95,WFAgent7,FEMALE_LOW_INCOME,876,876.0,587,587.0
95,WFAgent8,OLD_HIGH_INCOME,243,243.0,0,0.0
95,WFAgent9,MALE_OLD_HIGH_INCOME,484,484.0,0,0.0
95,WEAgent16,MALE_OLD_LOW_INCOME,359,359.0,359,359.0
95,WEAgent17,FEMALE_OLD,1123,1123.0,978,553.0
95,WEAgent14,OLD_HIGH_INCOME,486,486.0,0,0.0
95,WEAgent15,MALE_YOUNG_HIGH_INCOME,206,206.0,0,0.0
95,WEAgent12,OLD_HIGH_INCOME,243,243.0,0,0.0
95,WEAgent13,FEMALE_OLD,561,561.0,0,0.0
95,WEAgent9,FEMALE_YOUNG_HIGH_INCOME,51,51.0,0,0.0
95,WEAgent10,MALE_OLD_LOW_INCOME,1077,1077.0,0,0.0
95,WEAgent11,FEMALE_HIGH_INCOME,397,397.0,0,0.0
95,WEAgent7,FEMALE_YOUNG_HIGH_INCOME,102,102.0,0,0.0
95,WEAgent8,YOUNG_HIGH_INCOME,309,309.0,0,0.0
95,WEAgent1,FEMALE_OLD_LOW_INCOME,1440,1440.0,610,610.0
95,WEAgent2,MALE_OLD,1561,1561.0,1900,742.0
95,WEAgent0,FEMALE_YOUNG_HIGH_INCOME,153,153.0,0,0.0
95,WEAgent5,FEMALE_OLD_LOW_INCOME,1440,1440.0,629,629.0
95,WEAgent6,FEMALE_YOUNG,894,894.0,986,732.0
95,WEAgent3,YOUNG_LOW_INCOME,2289,2289.0,2263,1114.0
95,WEAgent4,MALE_HIGH_INCOME,265,265.0,0,0.0
95,WFAgent0,FEMALE_YOUNG,447,447.0,447,447.0
95,WFAgent1,YOUNG_LOW_INCOME,2289,2289.0,0,0.0
95,WFAgent2,FEMALE_OLD_HIGH_INCOME,162,162.0,0,0.0
95,WFAgent3,MALE_YOUNG,470,470.0,344,221.0
95,WFAgent4,MALE_HIGH_INCOME,530,530.0,530,530.0
95,WFAgent5,FEMALE_YOUNG,894,894.0,0,0.0
96,WFAgent6,MALE_YOUNG_LOW_INCOME,1101,1101.0,0,0.0
96,WFAgent7,MALE_YOUNG_LOW_INCOME,734,734.0,0,0.0
96,WFAgent8,MALE_LOW_INCOME,726,726.0,0,0.0
96,WFAgent9,FEMALE_YOUNG_HIGH_INCOME,153,153.0,143,143.0
96,WEAgent16,MALE_HIGH_INCOME,795,795.0,0,0.0
96,WEAgent17,MALE_LOW_INCOME,1452,1452.0,1035,1035.0
96,WEAgent14,MALE_LOW_INCOME,726,726.0,0,0.0
96,WEAgent15,FEMALE_OLD_LOW_INCOME,960,960.0,649,649.0
96,WEAgent12,MALE_YOUNG_LOW_INCOME,367,367.0,367,367.0
96,WEAgent13,FEMALE_YOUNG_HIGH_INCOME,153,153.0,132,132.0
96,WEAgent9,MALE_OLD_HIGH_INCOME,323,323.0,0,0.0
96,WEAgent10,FEMALE_OLD_LOW_INCOME,960,960.0,593,593.0
96,WEAgent11,MALE_OLD,1561,1561.0,1009,1009.0
96,WEAgent7,MALE_YOUNG_LOW_INCOME,1101,1101.0,0,0.0
96,WEAgent8,MALE_YOUNG,1411,1411.0,726,726.0
96,WEAgent1,FEMALE_OLD_HIGH_INCOME,162,162.0,158,158.0
96,WEAgent2,OLD_HIGH_INCOME,243,243.0,131,131.0
96,WEAgent0,FEMALE_LOW_INCOME,2628,2628.0,1588,1588.0
96,WEAgent5,FEMALE_YOUNG_LOW_INCOME,396,396.0,0,0.0
96,WEAgent6,MALE_LOW_INCOME,1452,1452.0,1147,1147.0
96,WEAgent3,FEMALE_LOW_INCOME,2628,2628.0,1547,1547.0
96,WEAgent4,FEMALE_OLD_HIGH_INCOME,162,162.0,148,148.0
96,WFAgent0,OLD_HIGH_INCOME,243,243.0,0,0.0
96,WFAgent1,FEMALE_OLD_LOW_INCOME,960,960.0,0,0.0
96,WFAgent2,MALE_OLD,1041,1041.0,0,0.0
96,WFAgent3,FEMALE_YOUNG_HIGH_INCOME,153,153.0,0,0.0
96,WFAgent4,MALE_HIGH_INCOME,795,795.0,627,627.0
96,WFAgent5,OLD_LOW_INCOME,839,839.0,0,0.0
97,WFAgent6,MALE_YOUNG,941,941.0,0,0.0
97,WFAgent7,MALE_YOUNG,1411,1411.0,0,0.0
97,WFAgent8,FEMALE_YOUNG,447,447.0,396,396.0
97,WFAgent9,FEMALE_LOW_INCOME,876,876.0,389,389.0
97,WEAgent16,FEMALE_OLD,561,561.0,0,0.0
97,WEAgent17,MALE_LOW_INCOME,2178,2178.0,3652,0.0
97,WEAgent14,MALE_OLD_LOW_INCOME,1077,1077.0,0,0.0
97,WEAgent15,FEMALE_OLD,1123,1123.0,691,691.0
97,WEAgent12,FEMALE_LOW_INCOME,876,876.0,876,876.0
97,WEAgent13,FEMALE_YOUNG_HIGH_INCOME,102,102.0,0,0.0
97,WEAgent9,FEMALE_OLD_HIGH_INCOME,81,81.0,0,0.0
97,WEAgent10,FEMALE_HIGH_INCOME,397,397.0,0,0.0
97,WEAgent11,FEMALE_YOUNG_LOW_INCOME,792,792.0,0,0.0
97,WEAgent7,OLD_LOW_INCOME,839,839.0,0,0.0
97,WEAgent8,MALE_OLD_LOW_INCOME,359,359.0,0,0.0
97,WEAgent1,FEMALE_HIGH_INCOME,265,265.0,0,0.0
97,WEAgent2,YOUNG_HIGH_INCOME,463,463.0,0,0.0
97,WEAgent0,MALE_YOUNG,941,941.0,0,0.0
97,WEAgent5,MALE_HIGH_INCOME,530,530.0,1174,0.0
97,WEAgent6,FEMALE_YOUNG,1341,1341.0,664,420.0
97,WEAgent3,MALE_OLD_LOW_INCOME,359,359.0,0,0.0
97,WEAgent4,MALE_YOUNG_LOW_INCOME,367,367.0,0,0.0
97,WFAgent0,MALE_LOW_INCOME,1452,1452.0,0,0.0
97,WFAgent1,FEMALE_OLD_HIGH_INCOME,162,162.0,0,0.0
97,WFAgent2,FEMALE_OLD_LOW_INCOME,480,480.0,480,480.0
97,WFAgent3,FEMALE_OLD,1123,1123.0,1121,1121.0
97,WFAgent4,MALE_OLD_HIGH_INCOME,161,161.0,161,160.99999999999997
97,WFAgent5,FEMALE_YOUNG_LOW_INCOME,396,396.0,396,396.0
98,WFAgent6,OLD_LOW_INCOME,1678,1678.0,0,0.0
98,WFAgent7,MALE_LOW_INCOME,1452,1452.0,0,0.0
98,WFAgent8,FEMALE_OLD_LOW_INCOME,960,960.0,960,960.0
98,WFAgent9,FEMALE_OLD_HIGH_INCOME,162,162.0,0,0.0
98,WEAgent16,YOUNG_HIGH_INCOME,154,154.0,0,0.0
98,WEAgent17,FEMALE_LOW_INCOME,1752,1752.0,1950,0.0
98,WEAgent14,MALE_OLD,1561,1561.0,0,0.0
98,WEAgent15,FEMALE_OLD_LOW_INCOME,1440,1440.0,1413,984.0
98,WEAgent12,MALE_YOUNG_HIGH_INCOME,103,103.0,0,0.0
98,WEAgent13,MALE_YOUNG_LOW_INCOME,367,367.0,0,0.0
98,WEAgent9,YOUNG_HIGH_INCOME,309,309.0,0,0.0
98,WEAgent10,MALE_YOUNG_HIGH_INCOME,310,310.0,0,0.0
98,WEAgent11,MALE_YOUNG_LOW_INCOME,734,734.0,0,0.0
98,WEAgent7,MALE_OLD_HIGH_INCOME,161,161.0,0,0.0
98,WEAgent8,MALE_YOUNG_HIGH_INCOME,103,103.0,0,0.0
98,WEAgent1,FEMALE_LOW_INCOME,876,876.0,0,0.0
98,WEAgent2,OLD_HIGH_INCOME,729,729.0,0,0.0
98,WEAgent0,MALE_YOUNG_HIGH_INCOME,103,103.0,0,0.0
98,WEAgent5,FEMALE_HIGH_INCOME,397,397.0,679,0.0
98,WEAgent6,MALE_HIGH_INCOME,795,795.0,830,0.0
98,WEAgent3,FEMALE_LOW_INCOME,876,876.0,0,0.0
98,WEAgent4,MALE_OLD,520,520.0,0,0.0
98,WFAgent0,MALE_OLD_HIGH_INCOME,323,323.0,0,0.0
98,WFAgent1,FEMALE_OLD_LOW_INCOME,960,960.0,0,0.0
98,WFAgent2,FEMALE_YOUNG_HIGH_INCOME,102,102.0,0,0.0
98,WFAgent3,YOUNG_LOW_INCOME,1526,1526.0,0,0.0
98,WFAgent4,MALE_YOUNG,941,941.0,1855,0.0
98,WFAgent5,MALE_HIGH_INCOME,265,265.0,513,0.0
99,WFAgent6,MALE_YOUNG_LOW_INCOME,734,734.0,734,734.0
99,WFAgent7,OLD_LOW_INCOME,839,839.0,596,596.0
99,WFAgent8,FEMALE_YOUNG_LOW_INCOME,396,396.0,396,395.99999999999994
99,WFAgent9,YOUNG_HIGH_INCOME,309,309.0,0,0.0
99,WEAgent16,FEMALE_YOUNG_HIGH_INCOME,102,102.0,0,0.0
99,WEAgent17,FEMALE_OLD_LOW_INCOME,480,480.0,0,0.0
99,WEAgent14,FEMALE_OLD_HIGH_INCOME,81,81.0,0,0.0
99,WEAgent15,MALE_OLD_LOW_INCOME,359,359.0,0,0.0
99,WEAgent12,FEMALE_HIGH_INCOME,265,265.0,0,0.0
99,WEAgent13,MALE_HIGH_INCOME,530,530.0,736,203.0
99,WEAgent9,OLD_HIGH_INCOME,729,729.0,408,408.0
99,WEAgent10,MALE_OLD_LOW_INCOME,718,718.0,0,0.0
99,WEAgent11,YOUNG_LOW_INCOME,2289,2289.0,1462,980.0
99,WEAgent7,FEMALE_YOUNG_HIGH_INCOME,153,153.0,0,0.0
99,WEAgent8,FEMALE_YOUNG_LOW_INCOME,396,396.0,308,307.99999999999994
99,WEAgent1,MALE_OLD_LOW_INCOME,718,718.0,0,0.0
99,WEAgent2,MALE_OLD_HIGH_INCOME,323,323.0,0,0.0
99,WEAgent0,MALE_OLD_LOW_INCOME,718,718.0,0,0.0
99,WEAgent5,FEMALE_YOUNG,447,447.0,303,302.99999999999994
99,WEAgent6,OLD_HIGH_INCOME,729,729.0,425,425.0
99,WEAgent3,FEMALE_YOUNG_LOW_INCOME,396,396.0,308,307.99999999999994
99,WEAgent4,FEMALE_YOUNG,894,894.0,571,286.99999999999994
99,WFAgent0,MALE_LOW_INCOME,2178,2178.0,0,0.0
99,WFAgent1,OLD_LOW_INCOME,2517,2517.0,0,0.0
99,WFAgent2,OLD_HIGH_INCOME,486,486.0,0,0.0
99,WFAgent3,OLD_HIGH_INCOME,243,243.0,211,211.0
99,WFAgent4,MALE_OLD,520,520.0,520,520.0
99,WFAgent5,OLD_LOW_INCOME,839,839.0,627,627.0

