0,WFAgent6,MALE_YOUNG_HIGH_INCOME,258,517.0,242,484.92384624653556
0,WFAgent7,MALE_HIGH_INCOME,662,1325.0,0,0.0
0,WFAgent8,FEMALE_LOW_INCOME,2190,4381.0,2418,0.0
0,WFAgent9,MALE_LOW_INCOME,1815,3631.0,0,0.0
0,SIAgent7,YOUNG_LOW_INCOME,1908,3816.0,1314,2452.0
0,SIAgent8,OLD_HIGH_INCOME,607,1215.0,607,1214.9211614746293
0,SIAgent5,FEMALE_HIGH_INCOME,331,663.0,331,662.6632081672379
0,SIAgent6,FEMALE_YOUNG_HIGH_INCOME,128,256.0,0,0.0
0,SIAgent3,MALE_OLD,1301,2603.0,887,1774.6817832436914
0,SIAgent4,MALE_YOUNG_LOW_INCOME,918,1836.0,336,672.0
0,SIAgent1,YOUNG_HIGH_INCOME,386,773.0,118,236.0
0,SIAgent2,MALE_HIGH_INCOME,662,1325.0,263,526.2021521906222
0,SIAgent0,FEMALE_YOUNG_HIGH_INCOME,128,256.0,0,0.0
0,WFAgent0,FEMALE_YOUNG_LOW_INCOME,990,1980.0,990,1980.0
0,WFAgent10,MALE_LOW_INCOME,1815,3631.0,0,0.0
0,WFAgent1,MALE_OLD_LOW_INCOME,897,1795.0,893,1786.68639508074
0,WFAgent2,MALE_YOUNG,1176,2353.0,1176,2352.0
0,WFAgent3,FEMALE_HIGH_INCOME,331,663.0,167,58.04777594728168
0,WFAgent4,FEMALE_OLD,1404,2808.0,0,0.0
0,WFAgent5,MALE_YOUNG_HIGH_INCOME,258,517.0,258,516.9999999999999
1,WFAgent6,FEMALE_LOW_INCOME,2190,4381.0,0,0.0
1,WFAgent7,FEMALE_YOUNG_HIGH_INCOME,128,256.0,0,0.0
1,WFAgent8,FEMALE_YOUNG_LOW_INCOME,990,1980.0,323,646.0
1,WFAgent9,MALE_YOUNG_LOW_INCOME,918,1836.0,0,0.0
1,SIAgent7,MALE_LOW_INCOME,1815,3631.0,1801,3602.992286501439
1,SIAgent8,YOUNG_HIGH_INCOME,386,773.0,182,364.4715025906733
1,SIAgent5,MALE_YOUNG_LOW_INCOME,918,1836.0,0,0.0
1,SIAgent6,FEMALE_LOW_INCOME,2190,4381.0,2190,4380.369406392689
1,SIAgent3,OLD_HIGH_INCOME,607,1215.0,607,1214.0
1,SIAgent4,FEMALE_HIGH_INCOME,331,663.0,331,662.9238060203836
1,SIAgent1,MALE_OLD_HIGH_INCOME,404,808.0,194,0.0
1,SIAgent2,YOUNG_HIGH_INCOME,386,773.0,209,418.54145077720176
1,SIAgent0,YOUNG_HIGH_INCOME,386,773.0,190,380.49222797927433
1,WFAgent0,FEMALE_OLD_LOW_INCOME,1200,2401.0,1635,1670.3812785388075
1,WFAgent10,MALE_LOW_INCOME,1815,3631.0,0,0.0
1,WFAgent1,FEMALE_OLD,1404,2808.0,0,0.0
1,WFAgent2,MALE_OLD,1301,2603.0,904,1808.4980716253694
1,WFAgent3,FEMALE_OLD_HIGH_INCOME,203,407.0,246,336.5075528700918
1,WFAgent4,FEMALE_YOUNG_LOW_INCOME,990,1980.0,322,644.0
1,WFAgent5,MALE_YOUNG,1176,2353.0,866,1732.4771349862494
2,WFAgent6,FEMALE_YOUNG_LOW_INCOME,990,1980.0,0,0.0
2,WFAgent7,FEMALE_YOUNG_LOW_INCOME,990,1980.0,0,0.0
2,WFAgent8,FEMALE_YOUNG_HIGH_INCOME,128,256.0,0,0.0
2,WFAgent9,OLD_HIGH_INCOME,607,1215.0,190,380.2870090634459
2,SIAgent7,MALE_HIGH_INCOME,662,1325.0,352,704.5317220543793
2,SIAgent8,MALE_HIGH_INCOME,662,1325.0,381,762.5755287009038
2,SIAgent5,OLD_LOW_INCOME,2098,4196.0,1843,0.0
2,SIAgent6,FEMALE_OLD_LOW_INCOME,1200,2401.0,1200,2400.547945205472
2,SIAgent3,FEMALE_HIGH_INCOME,331,663.0,323,646.9758308157155
2,SIAgent4,FEMALE_HIGH_INCOME,331,663.0,315,630.9516616314253
2,SIAgent1,YOUNG_LOW_INCOME,1908,3816.0,1040,2080.0
2,SIAgent2,FEMALE_LOW_INCOME,2190,4381.0,2190,4380.214155251138
2,SIAgent0,MALE_HIGH_INCOME,662,1325.0,416,832.6283987915367
2,WFAgent0,MALE_OLD,1301,2603.0,0,0.0
2,WFAgent10,MALE_YOUNG_LOW_INCOME,918,1836.0,857,1714.0
2,WFAgent1,FEMALE_LOW_INCOME,2190,4381.0,0,0.0
2,WFAgent2,FEMALE_YOUNG_HIGH_INCOME,128,256.0,0,0.0
2,WFAgent3,FEMALE_YOUNG,1118,2236.0,140,280.0
2,WFAgent4,OLD_LOW_INCOME,2098,4196.0,0,0.0
2,WFAgent5,FEMALE_OLD_LOW_INCOME,1200,2401.0,753,1506.201369863011
3,WFAgent6,OLD_LOW_INCOME,2098,4196.0,0,0.0
3,WFAgent7,FEMALE_HIGH_INCOME,331,663.0,398,0.0
3,WFAgent8,YOUNG_LOW_INCOME,1908,3816.0,0,0.0
3,WFAgent9,FEMALE_HIGH_INCOME,331,663.0,0,0.0
3,SIAgent7,MALE_YOUNG,1176,2353.0,1176,2352.0
3,SIAgent8,MALE_YOUNG_LOW_INCOME,918,1836.0,357,714.0
3,SIAgent5,MALE_OLD_LOW_INCOME,897,1795.0,581,1162.6477146042425
3,SIAgent6,MALE_YOUNG_LOW_INCOME,918,1836.0,313,626.0
3,SIAgent3,FEMALE_YOUNG,1118,2236.0,68,136.0
3,SIAgent4,MALE_OLD_LOW_INCOME,897,1795.0,591,1182.6588628762597
3,SIAgent1,FEMALE_YOUNG,1118,2236.0,74,148.0
3,SIAgent2,FEMALE_LOW_INCOME,2190,4381.0,4380,3916.0
3,SIAgent0,FEMALE_YOUNG,1118,2236.0,77,154.0
3,WFAgent0,MALE_OLD_HIGH_INCOME,404,808.0,0,0.0
3,WFAgent10,MALE_OLD_LOW_INCOME,897,1795.0,585,1170.6521739130494
3,WFAgent1,FEMALE_HIGH_INCOME,331,663.0,0,0.0
3,WFAgent2,FEMALE_HIGH_INCOME,331,663.0,0,0.0
3,WFAgent3,MALE_HIGH_INCOME,662,1325.0,836,0.0
3,WFAgent4,YOUNG_HIGH_INCOME,386,773.0,529,772.2789115646196
3,WFAgent5,OLD_LOW_INCOME,2098,4196.0,0,0.0
4,WFAgent6,MALE_YOUNG_LOW_INCOME,918,1836.0,1780,0.0
4,WFAgent7,MALE_OLD_LOW_INCOME,897,1795.0,877,1754.6740968486101
4,WFAgent8,YOUNG_LOW_INCOME,1908,3816.0,0,0.0
4,WFAgent9,YOUNG_LOW_INCOME,1908,3816.0,0,0.0
4,SIAgent7,FEMALE_YOUNG_HIGH_INCOME,128,256.0,261,0.0
4,SIAgent8,FEMALE_OLD_LOW_INCOME,1200,2401.0,1189,2378.990833333346
4,SIAgent5,OLD_HIGH_INCOME,607,1215.0,500,1000.8237232290047
4,SIAgent6,FEMALE_LOW_INCOME,2190,4381.0,1977,3954.0
4,SIAgent3,FEMALE_YOUNG_LOW_INCOME,990,1980.0,0,0.0
4,SIAgent4,FEMALE_OLD_HIGH_INCOME,203,407.0,203,406.3344316309707
4,SIAgent1,FEMALE_OLD_LOW_INCOME,1200,2401.0,1176,2352.9800000000105
4,SIAgent2,MALE_OLD_HIGH_INCOME,404,808.0,0,0.0
4,SIAgent0,MALE_OLD,1301,2603.0,959,1918.7371252882763
4,WFAgent0,MALE_YOUNG_HIGH_INCOME,258,517.0,502,0.0
4,WFAgent10,FEMALE_YOUNG_LOW_INCOME,990,1980.0,0,0.0
4,WFAgent1,OLD_HIGH_INCOME,607,1215.0,576,1152.9489291598154
4,WFAgent2,MALE_OLD,1301,2603.0,0,0.0
4,WFAgent3,FEMALE_LOW_INCOME,2190,4381.0,0,0.0
4,WFAgent4,MALE_OLD_HIGH_INCOME,404,808.0,0,0.0
4,WFAgent5,MALE_HIGH_INCOME,662,1325.0,0,0.0
5,WFAgent6,FEMALE_LOW_INCOME,2190,4381.0,0,0.0
5,WFAgent7,MALE_YOUNG_LOW_INCOME,918,1836.0,0,0.0
5,WFAgent8,OLD_LOW_INCOME,2098,4196.0,0,0.0
5,WFAgent9,FEMALE_LOW_INCOME,2190,4381.0,0,0.0
5,SIAgent7,FEMALE_OLD_LOW_INCOME,1200,2401.0,1199,2398.999166666681
5,SIAgent8,FEMALE_OLD_LOW_INCOME,1200,2401.0,1200,2400.996232876725
5,SIAgent5,MALE_OLD_HIGH_INCOME,404,808.0,0,0.0
5,SIAgent6,FEMALE_LOW_INCOME,2190,4381.0,2000,3974.0
5,SIAgent3,FEMALE_YOUNG_LOW_INCOME,990,1980.0,0,0.0
5,SIAgent4,MALE_LOW_INCOME,1815,3631.0,2353,0.0
5,SIAgent1,MALE_OLD,1301,2603.0,1301,2602.716804407755
5,SIAgent2,MALE_OLD_HIGH_INCOME,404,808.0,0,0.0
5,SIAgent0,OLD_HIGH_INCOME,607,1215.0,607,1214.5008376524634
5,WFAgent0,MALE_OLD_HIGH_INCOME,404,808.0,0,0.0
5,WFAgent10,FEMALE_OLD_HIGH_INCOME,203,407.0,203,406.3344316309707
5,WFAgent1,OLD_LOW_INCOME,2098,4196.0,0,0.0
5,WFAgent2,FEMALE_OLD,1404,2808.0,0,0.0
5,WFAgent3,MALE_HIGH_INCOME,662,1325.0,780,522.0
5,WFAgent4,FEMALE_YOUNG_HIGH_INCOME,128,256.0,223,0.0
5,WFAgent5,FEMALE_OLD_HIGH_INCOME,203,407.0,134,78.06425041186161
6,WFAgent6,MALE_OLD_LOW_INCOME,897,1795.0,0,0.0
6,WFAgent7,FEMALE_OLD_HIGH_INCOME,203,407.0,0,0.0
6,WFAgent8,OLD_LOW_INCOME,2098,4196.0,2395,0.0
6,WFAgent9,YOUNG_LOW_INCOME,1908,3816.0,1005,2010.0
6,SIAgent7,MALE_OLD_LOW_INCOME,897,1795.0,602,1204.6711259754786
6,SIAgent8,YOUNG_LOW_INCOME,1908,3816.0,1330,2660.0
6,SIAgent5,MALE_YOUNG_HIGH_INCOME,258,517.0,258,516.6683937823831
6,SIAgent6,MALE_OLD_LOW_INCOME,897,1795.0,552,1104.6153846153927
6,SIAgent3,YOUNG_HIGH_INCOME,386,773.0,234,468.60621761657995
6,SIAgent4,YOUNG_HIGH_INCOME,386,773.0,258,516.6683937823831
6,SIAgent1,MALE_OLD_LOW_INCOME,897,1795.0,669,1338.7458193979937
6,SIAgent2,MALE_YOUNG_LOW_INCOME,918,1836.0,344,688.0
6,SIAgent0,MALE_YOUNG,1176,2353.0,1176,2352.0
6,WFAgent0,FEMALE_YOUNG,1118,2236.0,0,0.0
6,WFAgent10,FEMALE_YOUNG_HIGH_INCOME,128,256.0,0,0.0
6,WFAgent1,FEMALE_OLD_HIGH_INCOME,203,407.0,0,0.0
6,WFAgent2,MALE_OLD_LOW_INCOME,897,1795.0,0,0.0
6,WFAgent3,FEMALE_OLD_HIGH_INCOME,203,407.0,0,0.0
6,WFAgent4,YOUNG_HIGH_INCOME,386,773.0,0,0.0
6,WFAgent5,YOUNG_HIGH_INCOME,386,773.0,0,0.0
7,WFAgent6,MALE_OLD_LOW_INCOME,897,1795.0,0,0.0
7,WFAgent7,FEMALE_LOW_INCOME,2190,4381.0,1228,2456.5607305935996
7,WFAgent8,FEMALE_YOUNG_HIGH_INCOME,128,256.0,91,182.0
7,WFAgent9,YOUNG_LOW_INCOME,1908,3816.0,0,0.0
7,SIAgent7,FEMALE_OLD_HIGH_INCOME,203,407.0,143,286.7044334975362
7,SIAgent8,FEMALE_OLD_HIGH_INCOME,203,407.0,138,276.6798029556643
7,SIAgent5,MALE_HIGH_INCOME,662,1325.0,1060,1324.0
7,SIAgent6,OLD_LOW_INCOME,2098,4196.0,0,0.0
7,SIAgent3,FEMALE_OLD,1404,2808.0,0,0.0
7,SIAgent4,MALE_OLD_LOW_INCOME,897,1795.0,855,1710.9498327759081
7,SIAgent1,MALE_OLD_HIGH_INCOME,404,808.0,97,194.0
7,SIAgent2,FEMALE_OLD_HIGH_INCOME,203,407.0,140,280.68965517241304
7,SIAgent0,FEMALE_YOUNG_LOW_INCOME,990,1980.0,1922,0.0
7,WFAgent0,MALE_OLD_HIGH_INCOME,404,808.0,93,186.0
7,WFAgent10,MALE_OLD_HIGH_INCOME,404,808.0,0,0.0
7,WFAgent1,FEMALE_YOUNG_HIGH_INCOME,128,256.0,78,156.0
7,WFAgent2,MALE_OLD_LOW_INCOME,897,1795.0,897,1794.9999999999854
7,WFAgent3,FEMALE_YOUNG_HIGH_INCOME,128,256.0,74,148.0
7,WFAgent4,FEMALE_LOW_INCOME,2190,4381.0,1220,2440.557077625563
7,WFAgent5,OLD_LOW_INCOME,2098,4196.0,0,0.0
8,WFAgent6,MALE_OLD_LOW_INCOME,897,1795.0,654,1308.729096989968
8,WFAgent7,FEMALE_YOUNG,1118,2236.0,0,0.0
8,WFAgent8,FEMALE_OLD_LOW_INCOME,1200,2401.0,1200,2400.3511415525063
8,WFAgent9,FEMALE_YOUNG,1118,2236.0,0,0.0
8,SIAgent7,OLD_HIGH_INCOME,607,1215.0,607,1214.4665641814167
8,SIAgent8,FEMALE_OLD_HIGH_INCOME,203,407.0,128,256.6305418719205
8,SIAgent5,FEMALE_YOUNG_LOW_INCOME,990,1980.0,648,0.0
8,SIAgent6,FEMALE_OLD,1404,2808.0,370,0.0
8,SIAgent3,MALE_YOUNG_LOW_INCOME,918,1836.0,686,0.0
8,SIAgent4,YOUNG_HIGH_INCOME,386,773.0,748,0.0
8,SIAgent1,MALE_OLD,1301,2603.0,190,0.0
8,SIAgent2,FEMALE_LOW_INCOME,2190,4381.0,2190,4380.365296803648
8,SIAgent0,MALE_OLD_LOW_INCOME,897,1795.0,570,1140.6354515050236
8,WFAgent0,MALE_YOUNG_LOW_INCOME,918,1836.0,0,0.0
8,WFAgent10,FEMALE_OLD_HIGH_INCOME,203,407.0,139,278.68472906403866
8,WFAgent1,MALE_OLD_LOW_INCOME,897,1795.0,577,1154.6432552954357
8,WFAgent2,FEMALE_YOUNG_HIGH_INCOME,128,256.0,0,0.0
8,WFAgent3,FEMALE_OLD_HIGH_INCOME,203,407.0,117,234.57635467980236
8,WFAgent4,MALE_LOW_INCOME,1815,3631.0,0,0.0
8,WFAgent5,MALE_YOUNG,1176,2353.0,1176,2352.0
9,WFAgent6,MALE_OLD_LOW_INCOME,897,1795.0,0,0.0
9,WFAgent7,FEMALE_OLD_LOW_INCOME,1200,2401.0,2358,0.0
9,WFAgent8,MALE_LOW_INCOME,1815,3631.0,0,0.0
9,WFAgent9,YOUNG_LOW_INCOME,1908,3816.0,0,0.0
9,SIAgent7,FEMALE_YOUNG_HIGH_INCOME,128,256.0,20,40.0
9,SIAgent8,MALE_YOUNG,1176,2353.0,1262,2352.6479338843337
9,SIAgent5,MALE_OLD_HIGH_INCOME,404,808.0,830,0.0
9,SIAgent6,MALE_LOW_INCOME,1815,3631.0,706,0.0
9,SIAgent3,YOUNG_HIGH_INCOME,386,773.0,386,772.2117346938729
9,SIAgent4,FEMALE_YOUNG,1118,2236.0,691,1382.0
9,SIAgent1,FEMALE_YOUNG_LOW_INCOME,990,1980.0,633,1266.0
9,SIAgent2,FEMALE_YOUNG_HIGH_INCOME,128,256.0,30,60.0
9,SIAgent0,FEMALE_YOUNG_HIGH_INCOME,128,256.0,31,62.0
9,WFAgent0,FEMALE_YOUNG_HIGH_INCOME,128,256.0,0,0.0
9,WFAgent10,MALE_OLD,1301,2603.0,0,0.0
9,WFAgent1,MALE_OLD_LOW_INCOME,897,1795.0,897,1794.997744547928
9,WFAgent2,MALE_OLD_LOW_INCOME,897,1795.0,897,1794.9999999999854
9,WFAgent3,OLD_LOW_INCOME,2098,4196.0,0,0.0
9,WFAgent4,YOUNG_LOW_INCOME,1908,3816.0,669,1338.0
9,WFAgent5,FEMALE_OLD,1404,2808.0,395,0.0
10,WFAgent6,MALE_YOUNG_HIGH_INCOME,258,517.0,138,276.1173469387752
10,WFAgent7,OLD_LOW_INCOME,2098,4196.0,0,0.0
10,WFAgent8,OLD_HIGH_INCOME,607,1215.0,0,0.0
10,WFAgent9,OLD_LOW_INCOME,2098,4196.0,0,0.0
10,SIAgent7,FEMALE_YOUNG_LOW_INCOME,990,1980.0,650,1300.0
10,SIAgent8,FEMALE_YOUNG_LOW_INCOME,990,1980.0,633,1266.0
10,SIAgent5,MALE_OLD_LOW_INCOME,897,1795.0,1735,0.0
10,SIAgent6,OLD_HIGH_INCOME,607,1215.0,397,794.6540362438269
10,SIAgent3,FEMALE_OLD_LOW_INCOME,1200,2401.0,2497,0.0
10,SIAgent4,YOUNG_LOW_INCOME,1908,3816.0,652,1304.0
10,SIAgent1,MALE_YOUNG,1176,2353.0,1041,2082.885204081663
10,SIAgent2,FEMALE_OLD_HIGH_INCOME,203,407.0,143,286.7044334975362
10,SIAgent0,OLD_HIGH_INCOME,607,1215.0,422,844.6952224052778
10,WFAgent0,FEMALE_OLD_HIGH_INCOME,203,407.0,138,276.6798029556643
10,WFAgent10,FEMALE_OLD,1404,2808.0,0,0.0
10,WFAgent1,FEMALE_OLD_HIGH_INCOME,203,407.0,132,264.650246305418
10,WFAgent2,MALE_YOUNG,1176,2353.0,1055,2110.8971088435655
10,WFAgent3,MALE_YOUNG_HIGH_INCOME,258,517.0,124,248.10544217687072
10,WFAgent4,FEMALE_YOUNG_LOW_INCOME,990,1980.0,0,0.0
10,WFAgent5,OLD_LOW_INCOME,2098,4196.0,0,0.0
11,WFAgent6,FEMALE_YOUNG_HIGH_INCOME,128,256.0,265,0.0
11,WFAgent7,FEMALE_OLD_LOW_INCOME,1200,2401.0,802,1604.6683333333308
11,WFAgent8,OLD_LOW_INCOME,2098,4196.0,0,0.0
11,WFAgent9,MALE_LOW_INCOME,1815,3631.0,1527,3054.8413223141
11,SIAgent7,FEMALE_OLD_LOW_INCOME,1200,2401.0,803,1606.669166666664
11,SIAgent8,MALE_YOUNG_LOW_INCOME,918,1836.0,0,0.0
11,SIAgent5,YOUNG_LOW_INCOME,1908,3816.0,964,1928.0
11,SIAgent6,MALE_LOW_INCOME,1815,3631.0,1525,3050.8402203857254
11,SIAgent3,FEMALE_OLD_HIGH_INCOME,203,407.0,203,406.3344316309707
11,SIAgent4,FEMALE_OLD_LOW_INCOME,1200,2401.0,763,1526.635833333333
11,SIAgent1,YOUNG_LOW_INCOME,1908,3816.0,1012,2024.0
11,SIAgent2,OLD_LOW_INCOME,2098,4196.0,0,0.0
11,SIAgent0,MALE_YOUNG_LOW_INCOME,918,1836.0,0,0.0
11,WFAgent0,OLD_LOW_INCOME,2098,4196.0,0,0.0
11,WFAgent10,OLD_HIGH_INCOME,607,1215.0,0,0.0
11,WFAgent1,MALE_YOUNG_LOW_INCOME,918,1836.0,0,0.0
11,WFAgent2,FEMALE_OLD_LOW_INCOME,1200,2401.0,0,0.0
11,WFAgent3,OLD_HIGH_INCOME,607,1215.0,1035,0.0
11,WFAgent4,MALE_OLD,1301,2603.0,599,1198.330027548222
11,WFAgent5,FEMALE_OLD_LOW_INCOME,1200,2401.0,0,0.0
12,WFAgent6,FEMALE_LOW_INCOME,2190,4381.0,1567,3134.3821917808164
12,WFAgent7,MALE_YOUNG,1176,2353.0,599,1198.509353741493
12,WFAgent8,FEMALE_YOUNG,1118,2236.0,0,0.0
12,WFAgent9,YOUNG_HIGH_INCOME,386,773.0,0,0.0
12,SIAgent7,MALE_YOUNG,1176,2353.0,562,1124.4778911564558
12,SIAgent8,MALE_YOUNG_HIGH_INCOME,258,517.0,172,344.6666666666666
12,SIAgent5,MALE_YOUNG_HIGH_INCOME,258,517.0,179,358.6937984496123
12,SIAgent6,MALE_OLD,1301,2603.0,1301,2602.1806302843943
12,SIAgent3,MALE_OLD_HIGH_INCOME,404,808.0,0,0.0
12,SIAgent4,OLD_LOW_INCOME,2098,4196.0,747,0.0
12,SIAgent1,FEMALE_LOW_INCOME,2190,4381.0,2190,4380.359360730588
12,SIAgent2,YOUNG_LOW_INCOME,1908,3816.0,631,0.0
12,SIAgent0,FEMALE_OLD_HIGH_INCOME,203,407.0,203,406.3344316309707
12,WFAgent0,FEMALE_HIGH_INCOME,331,663.0,483,0.0
12,WFAgent10,MALE_YOUNG,1176,2353.0,630,1260.5357142857133
12,WFAgent1,MALE_OLD,1301,2603.0,0,0.0
12,WFAgent2,MALE_YOUNG_HIGH_INCOME,258,517.0,152,304.5891472868216
12,WFAgent3,MALE_YOUNG_LOW_INCOME,918,1836.0,0,0.0
12,WFAgent4,OLD_HIGH_INCOME,607,1215.0,584,1168.1844734819363
12,WFAgent5,MALE_OLD_HIGH_INCOME,404,808.0,0,0.0
13,WFAgent6,MALE_LOW_INCOME,1815,3631.0,0,0.0
13,WFAgent7,FEMALE_YOUNG,1118,2236.0,2031,0.0
13,WFAgent8,FEMALE_HIGH_INCOME,331,663.0,106,212.17462932454663
13,WFAgent9,FEMALE_YOUNG_HIGH_INCOME,128,256.0,57,0.0
13,SIAgent7,MALE_YOUNG,1176,2353.0,1176,2352.0
13,SIAgent8,MALE_YOUNG_LOW_INCOME,918,1836.0,313,626.0
13,SIAgent5,MALE_OLD_HIGH_INCOME,404,808.0,0,0.0
13,SIAgent6,YOUNG_HIGH_INCOME,386,773.0,386,772.50518134715
13,SIAgent3,MALE_YOUNG_LOW_INCOME,918,1836.0,370,740.0
13,SIAgent4,MALE_HIGH_INCOME,662,1325.0,54,0.0
13,SIAgent1,FEMALE_OLD,1404,2808.0,1206,2412.0
13,SIAgent2,OLD_HIGH_INCOME,607,1215.0,546,1092.8995057660743
13,SIAgent0,MALE_OLD_HIGH_INCOME,404,808.0,0,0.0
13,WFAgent0,YOUNG_HIGH_INCOME,386,773.0,0,0.0
13,WFAgent10,MALE_YOUNG_LOW_INCOME,918,1836.0,0,0.0
13,WFAgent1,MALE_YOUNG_LOW_INCOME,918,1836.0,0,0.0
13,WFAgent2,FEMALE_LOW_INCOME,2190,4381.0,1204,2408.0
13,WFAgent3,MALE_YOUNG_HIGH_INCOME,258,517.0,258,516.6003475102927
13,WFAgent4,OLD_HIGH_INCOME,607,1215.0,579,1158.9538714991895
13,WFAgent5,MALE_OLD_LOW_INCOME,897,1795.0,1714,0.0
14,WFAgent6,MALE_OLD,1301,2603.0,0,0.0
14,WFAgent7,MALE_HIGH_INCOME,662,1325.0,0,0.0
14,WFAgent8,YOUNG_LOW_INCOME,1908,3816.0,0,0.0
14,WFAgent9,MALE_OLD_LOW_INCOME,897,1795.0,888,1776.6825518831995
14,SIAgent7,FEMALE_LOW_INCOME,2190,4381.0,3263,4028.0
14,SIAgent8,MALE_YOUNG,1176,2353.0,1505,2352.0
14,SIAgent5,YOUNG_LOW_INCOME,1908,3816.0,329,658.0
14,SIAgent6,YOUNG_LOW_INCOME,1908,3816.0,329,658.0
14,SIAgent3,OLD_HIGH_INCOME,607,1215.0,531,1062.8747940692037
14,SIAgent4,FEMALE_OLD_LOW_INCOME,1200,2401.0,1200,2400.547945205472
14,SIAgent1,FEMALE_YOUNG,1118,2236.0,127,254.0
14,SIAgent2,MALE_OLD_HIGH_INCOME,404,808.0,0,0.0
14,SIAgent0,MALE_OLD,1301,2603.0,857,1714.6587240584477
14,WFAgent0,FEMALE_YOUNG_HIGH_INCOME,128,256.0,0,0.0
14,WFAgent10,OLD_HIGH_INCOME,607,1215.0,505,1010.8319604612949
14,WFAgent1,FEMALE_OLD,1404,2808.0,0,0.0
14,WFAgent2,FEMALE_HIGH_INCOME,331,663.0,272,544.247116968698
14,WFAgent3,FEMALE_YOUNG,1118,2236.0,0,0.0
14,WFAgent4,OLD_LOW_INCOME,2098,4196.0,0,0.0
14,WFAgent5,MALE_HIGH_INCOME,662,1325.0,0,0.0
15,WFAgent6,MALE_YOUNG_HIGH_INCOME,258,517.0,545,0.0
15,WFAgent7,FEMALE_OLD,1404,2808.0,0,0.0
15,WFAgent8,OLD_HIGH_INCOME,607,1215.0,607,1214.9868204283503
15,WFAgent9,FEMALE_YOUNG_HIGH_INCOME,128,256.0,0,0.0
15,SIAgent7,MALE_OLD_LOW_INCOME,897,1795.0,897,1794.4942148760579
15,SIAgent8,FEMALE_YOUNG,1118,2236.0,558,576.0
15,SIAgent5,FEMALE_OLD,1404,2808.0,352,0.0
15,SIAgent6,MALE_YOUNG_LOW_INCOME,918,1836.0,14,28.0
15,SIAgent3,MALE_OLD_HIGH_INCOME,404,808.0,0,0.0
15,SIAgent4,YOUNG_LOW_INCOME,1908,3816.0,309,618.0
15,SIAgent1,FEMALE_LOW_INCOME,2190,4381.0,2190,4380.385844748853
15,SIAgent2,OLD_HIGH_INCOME,607,1215.0,606,1212.9983525535565
15,SIAgent0,MALE_LOW_INCOME,1815,3631.0,2708,3630.0
15,WFAgent0,FEMALE_YOUNG,1118,2236.0,0,0.0
15,WFAgent10,FEMALE_OLD_LOW_INCOME,1200,2401.0,1200,2400.376255707757
15,WFAgent1,MALE_LOW_INCOME,1815,3631.0,0,0.0
15,WFAgent2,MALE_OLD_HIGH_INCOME,404,808.0,0,0.0
15,WFAgent3,MALE_OLD,1301,2603.0,0,0.0
15,WFAgent4,FEMALE_YOUNG_HIGH_INCOME,128,256.0,0,0.0
15,WFAgent5,FEMALE_LOW_INCOME,2190,4381.0,0,0.0
16,WFAgent6,FEMALE_OLD_HIGH_INCOME,203,407.0,203,406.3344316309707
16,WFAgent7,FEMALE_YOUNG_HIGH_INCOME,128,256.0,0,0.0
16,WFAgent8,FEMALE_YOUNG,1118,2236.0,0,0.0
16,WFAgent9,FEMALE_HIGH_INCOME,331,663.0,0,0.0
16,SIAgent7,YOUNG_LOW_INCOME,1908,3816.0,588,1176.0
16,SIAgent8,YOUNG_LOW_INCOME,1908,3816.0,614,1228.0
16,SIAgent5,YOUNG_HIGH_INCOME,386,773.0,381,762.9870466321238
16,SIAgent6,FEMALE_LOW_INCOME,2190,4381.0,2190,4380.379908675794
16,SIAgent3,MALE_YOUNG_LOW_INCOME,918,1836.0,451,902.0
16,SIAgent4,FEMALE_YOUNG_LOW_INCOME,990,1980.0,158,316.0
16,SIAgent1,OLD_HIGH_INCOME,607,1215.0,1058,0.0
16,SIAgent2,FEMALE_YOUNG_LOW_INCOME,990,1980.0,128,256.0
16,SIAgent0,YOUNG_HIGH_INCOME,386,773.0,377,754.9766839378233
16,WFAgent0,YOUNG_HIGH_INCOME,386,773.0,0,0.0
16,WFAgent10,FEMALE_OLD,1404,2808.0,0,0.0
16,WFAgent1,YOUNG_LOW_INCOME,1908,3816.0,0,0.0
16,WFAgent2,FEMALE_HIGH_INCOME,331,663.0,0,0.0
16,WFAgent3,OLD_LOW_INCOME,2098,4196.0,0,0.0
16,WFAgent4,FEMALE_OLD_LOW_INCOME,1200,2401.0,1546,1670.3812785388075
16,WFAgent5,MALE_LOW_INCOME,1815,3631.0,2306,946.0
17,WFAgent6,MALE_YOUNG,1176,2353.0,603,1206.5127551020375
17,WFAgent7,OLD_LOW_INCOME,2098,4196.0,1174,2348.0
17,WFAgent8,OLD_HIGH_INCOME,607,1215.0,607,1214.932111269822
17,WFAgent9,MALE_OLD_LOW_INCOME,897,1795.0,447,894.343581860117
17,SIAgent7,FEMALE_YOUNG_LOW_INCOME,990,1980.0,1987,0.0
17,SIAgent8,MALE_YOUNG_LOW_INCOME,918,1836.0,0,0.0
17,SIAgent5,MALE_HIGH_INCOME,662,1325.0,245,490.37009063444367
17,SIAgent6,MALE_YOUNG,1176,2353.0,655,1310.5569727891168
17,SIAgent3,MALE_YOUNG,1176,2353.0,611,1222.5195578231267
17,SIAgent4,MALE_YOUNG_HIGH_INCOME,258,517.0,258,516.3897280966794
17,SIAgent1,FEMALE_OLD,1404,2808.0,1204,2408.0
17,SIAgent2,MALE_OLD,1301,2603.0,457,914.3512682551982
17,SIAgent0,MALE_HIGH_INCOME,662,1325.0,238,476.3595166163167
17,WFAgent0,MALE_OLD_LOW_INCOME,897,1795.0,897,1794.6894696387726
17,WFAgent10,OLD_HIGH_INCOME,607,1215.0,0,0.0
17,WFAgent1,FEMALE_YOUNG,1118,2236.0,0,0.0
17,WFAgent2,MALE_YOUNG_HIGH_INCOME,258,517.0,97,194.14652567975878
17,WFAgent3,FEMALE_HIGH_INCOME,331,663.0,520,536.1828665568365
17,WFAgent4,OLD_HIGH_INCOME,607,1215.0,0,0.0
17,WFAgent5,FEMALE_YOUNG,1118,2236.0,0,0.0
18,WFAgent6,FEMALE_YOUNG,1118,2236.0,0,0.0
18,WFAgent7,FEMALE_OLD_LOW_INCOME,1200,2401.0,0,0.0
18,WFAgent8,MALE_YOUNG_HIGH_INCOME,258,517.0,286,208.08843537414964
18,WFAgent9,MALE_OLD_LOW_INCOME,897,1795.0,897,1794.9999999999854
18,SIAgent7,MALE_OLD_LOW_INCOME,897,1795.0,905,1716.9565217391184
18,SIAgent8,FEMALE_OLD_LOW_INCOME,1200,2401.0,796,1592.6633333333311
18,SIAgent5,MALE_YOUNG_LOW_INCOME,918,1836.0,305,610.0
18,SIAgent6,YOUNG_LOW_INCOME,1908,3816.0,990,1980.0
18,SIAgent3,FEMALE_YOUNG,1118,2236.0,777,1554.0
18,SIAgent4,FEMALE_OLD_LOW_INCOME,1200,2401.0,810,1620.674999999997
18,SIAgent1,FEMALE_YOUNG,1118,2236.0,782,1564.0
18,SIAgent2,FEMALE_OLD_LOW_INCOME,1200,2401.0,785,1570.654166666665
18,SIAgent0,MALE_YOUNG,1176,2353.0,1176,2352.0
18,WFAgent0,FEMALE_YOUNG_LOW_INCOME,990,1980.0,0,0.0
18,WFAgent10,FEMALE_OLD_LOW_INCOME,1200,2401.0,0,0.0
18,WFAgent1,MALE_YOUNG_HIGH_INCOME,258,517.0,258,516.3897280966794
18,WFAgent2,MALE_OLD_HIGH_INCOME,404,808.0,0,0.0
18,WFAgent3,MALE_HIGH_INCOME,662,1325.0,801,0.0
18,WFAgent4,MALE_OLD_HIGH_INCOME,404,808.0,0,0.0
18,WFAgent5,MALE_LOW_INCOME,1815,3631.0,0,0.0
19,WFAgent6,FEMALE_OLD_HIGH_INCOME,203,407.0,127,254.62561576354614
19,WFAgent7,YOUNG_HIGH_INCOME,386,773.0,348,304.12925170067956
19,WFAgent8,MALE_YOUNG_LOW_INCOME,918,1836.0,0,0.0
19,WFAgent9,FEMALE_OLD_HIGH_INCOME,203,407.0,130,260.64039408866927
19,SIAgent7,FEMALE_OLD_LOW_INCOME,1200,2401.0,1199,2398.999166666681
19,SIAgent8,MALE_YOUNG,1176,2353.0,1176,2352.126700680274
19,SIAgent5,YOUNG_LOW_INCOME,1908,3816.0,253,506.0
19,SIAgent6,FEMALE_HIGH_INCOME,331,663.0,246,492.0
19,SIAgent3,YOUNG_LOW_INCOME,1908,3816.0,246,492.0
19,SIAgent4,FEMALE_OLD_HIGH_INCOME,203,407.0,117,234.57635467980236
19,SIAgent1,FEMALE_OLD_LOW_INCOME,1200,2401.0,1200,2400.991712328778
19,SIAgent2,MALE_YOUNG_LOW_INCOME,918,1836.0,279,558.0
19,SIAgent0,FEMALE_LOW_INCOME,2190,4381.0,2021,3944.0
19,WFAgent0,MALE_OLD_HIGH_INCOME,404,808.0,0,0.0
19,WFAgent10,FEMALE_YOUNG,1118,2236.0,0,0.0
19,WFAgent1,MALE_OLD_HIGH_INCOME,404,808.0,835,0.0
19,WFAgent2,MALE_OLD,1301,2603.0,1823,0.0
19,WFAgent3,OLD_LOW_INCOME,2098,4196.0,0,0.0
19,WFAgent4,FEMALE_YOUNG,1118,2236.0,0,0.0
19,WFAgent5,FEMALE_YOUNG_LOW_INCOME,990,1980.0,0,0.0
20,WFAgent6,MALE_OLD_HIGH_INCOME,404,808.0,0,0.0
20,WFAgent7,MALE_YOUNG_HIGH_INCOME,258,517.0,160,274.35492227979256
20,WFAgent8,MALE_LOW_INCOME,1815,3631.0,1171,2342.645179063397
20,WFAgent9,MALE_YOUNG_LOW_INCOME,918,1836.0,0,0.0
20,SIAgent7,YOUNG_HIGH_INCOME,386,773.0,386,772.3601036269428
20,SIAgent8,MALE_YOUNG_HIGH_INCOME,258,517.0,258,516.6683937823831
20,SIAgent5,FEMALE_YOUNG,1118,2236.0,404,808.0
20,SIAgent6,MALE_OLD_LOW_INCOME,897,1795.0,897,1794.4942148760579
20,SIAgent3,FEMALE_YOUNG_LOW_INCOME,990,1980.0,391,782.0
20,SIAgent4,MALE_LOW_INCOME,1815,3631.0,1230,2460.6776859504516
20,SIAgent1,FEMALE_YOUNG,1118,2236.0,415,830.0
20,SIAgent2,FEMALE_YOUNG,1118,2236.0,416,832.0
20,SIAgent0,MALE_OLD_HIGH_INCOME,404,808.0,151,0.0
20,WFAgent0,FEMALE_YOUNG_HIGH_INCOME,128,256.0,0,0.0
20,WFAgent10,OLD_HIGH_INCOME,607,1215.0,942,1214.0
20,WFAgent1,FEMALE_LOW_INCOME,2190,4381.0,2381,0.0
20,WFAgent2,FEMALE_LOW_INCOME,2190,4381.0,407,814.0
20,WFAgent3,MALE_HIGH_INCOME,662,1325.0,0,0.0
20,WFAgent4,MALE_HIGH_INCOME,662,1325.0,0,0.0
20,WFAgent5,MALE_OLD_LOW_INCOME,897,1795.0,305,610.1680440771356
21,WFAgent6,MALE_OLD_LOW_INCOME,897,1795.0,897,1794.4942148760579
21,WFAgent7,YOUNG_HIGH_INCOME,386,773.0,193,386.4999999999997
21,WFAgent8,FEMALE_LOW_INCOME,2190,4381.0,1528,3056.0
21,WFAgent9,MALE_HIGH_INCOME,662,1325.0,822,0.0
21,SIAgent7,OLD_LOW_INCOME,2098,4196.0,573,1146.0
21,SIAgent8,MALE_LOW_INCOME,1815,3631.0,933,1866.4887052341842
21,SIAgent5,MALE_YOUNG,1176,2353.0,893,1786.759353741518
21,SIAgent6,FEMALE_YOUNG,1118,2236.0,1000,2000.0
21,SIAgent3,FEMALE_YOUNG_HIGH_INCOME,128,256.0,0,0.0
21,SIAgent4,YOUNG_HIGH_INCOME,386,773.0,310,620.8031088082897
21,SIAgent1,FEMALE_OLD_LOW_INCOME,1200,2401.0,1200,2400.0
21,SIAgent2,MALE_YOUNG,1176,2353.0,933,1866.7933673469636
21,SIAgent0,YOUNG_HIGH_INCOME,386,773.0,305,610.7901554404141
21,WFAgent0,FEMALE_YOUNG_HIGH_INCOME,128,256.0,0,0.0
21,WFAgent10,YOUNG_LOW_INCOME,1908,3816.0,0,0.0
21,WFAgent1,YOUNG_LOW_INCOME,1908,3816.0,0,0.0
21,WFAgent2,MALE_YOUNG_LOW_INCOME,918,1836.0,0,0.0
21,WFAgent3,FEMALE_YOUNG_LOW_INCOME,990,1980.0,0,0.0
21,WFAgent4,FEMALE_OLD_HIGH_INCOME,203,407.0,413,0.0
21,WFAgent5,OLD_LOW_INCOME,2098,4196.0,0,0.0
22,WFAgent6,FEMALE_LOW_INCOME,2190,4381.0,0,0.0
22,WFAgent7,FEMALE_YOUNG_LOW_INCOME,990,1980.0,1930,0.0
22,WFAgent8,MALE_LOW_INCOME,1815,3631.0,0,0.0
22,WFAgent9,YOUNG_LOW_INCOME,1908,3816.0,0,0.0
22,SIAgent7,FEMALE_YOUNG_HIGH_INCOME,128,256.0,26,52.0
22,SIAgent8,FEMALE_YOUNG_HIGH_INCOME,128,256.0,24,48.0
22,SIAgent5,YOUNG_HIGH_INCOME,386,773.0,386,772.5155440414504
22,SIAgent6,FEMALE_OLD_HIGH_INCOME,203,407.0,203,406.9999999999988
22,SIAgent3,FEMALE_OLD,1404,2808.0,644,1228.0
22,SIAgent4,FEMALE_OLD_HIGH_INCOME,203,407.0,203,406.9408866995063
22,SIAgent1,FEMALE_OLD_LOW_INCOME,1200,2401.0,1200,2400.0
22,SIAgent2,MALE_LOW_INCOME,1815,3631.0,2225,928.2556473829272
22,SIAgent0,OLD_LOW_INCOME,2098,4196.0,610,1220.0
22,WFAgent0,MALE_YOUNG_HIGH_INCOME,258,517.0,330,432.55958549222765
22,WFAgent10,MALE_OLD_LOW_INCOME,897,1795.0,470,940.2589531680514
22,WFAgent1,MALE_OLD_LOW_INCOME,897,1795.0,897,1794.4942148760579
22,WFAgent2,MALE_YOUNG_LOW_INCOME,918,1836.0,0,0.0
22,WFAgent3,FEMALE_OLD,1404,2808.0,0,0.0
22,WFAgent4,MALE_LOW_INCOME,1815,3631.0,0,0.0
22,WFAgent5,FEMALE_LOW_INCOME,2190,4381.0,0,0.0
23,WFAgent6,OLD_HIGH_INCOME,607,1215.0,218,436.0
23,WFAgent7,FEMALE_OLD_HIGH_INCOME,203,407.0,203,406.9802955665013
23,WFAgent8,FEMALE_OLD_HIGH_INCOME,203,407.0,203,406.9999999999988
23,WFAgent9,FEMALE_OLD_LOW_INCOME,1200,2401.0,0,0.0
23,SIAgent7,FEMALE_OLD,1404,2808.0,1213,26.0
23,SIAgent8,FEMALE_OLD_LOW_INCOME,1200,2401.0,1200,2400.0
23,SIAgent5,MALE_OLD_HIGH_INCOME,404,808.0,209,418.0
23,SIAgent6,YOUNG_LOW_INCOME,1908,3816.0,987,1974.0
23,SIAgent3,MALE_OLD_HIGH_INCOME,404,808.0,183,366.0
23,SIAgent4,MALE_LOW_INCOME,1815,3631.0,2730,3618.0
23,SIAgent1,MALE_OLD_HIGH_INCOME,404,808.0,204,408.0
23,SIAgent2,FEMALE_YOUNG_LOW_INCOME,990,1980.0,977,1954.0
23,SIAgent0,MALE_OLD_LOW_INCOME,897,1795.0,897,1794.4942148760579
23,WFAgent0,FEMALE_HIGH_INCOME,331,663.0,0,0.0
23,WFAgent10,MALE_OLD_HIGH_INCOME,404,808.0,0,0.0
23,WFAgent1,FEMALE_YOUNG_LOW_INCOME,990,1980.0,0,0.0
23,WFAgent2,FEMALE_YOUNG_HIGH_INCOME,128,256.0,0,0.0
23,WFAgent3,FEMALE_HIGH_INCOME,331,663.0,0,0.0
23,WFAgent4,YOUNG_HIGH_INCOME,386,773.0,257,0.0
23,WFAgent5,MALE_YOUNG_HIGH_INCOME,258,517.0,519,0.0
24,WFAgent6,MALE_YOUNG_HIGH_INCOME,258,517.0,72,144.10876132930525
24,WFAgent7,FEMALE_HIGH_INCOME,331,663.0,0,0.0
24,WFAgent8,FEMALE_OLD_HIGH_INCOME,203,407.0,0,0.0
24,WFAgent9,FEMALE_YOUNG_HIGH_INCOME,128,256.0,112,224.0
24,SIAgent7,FEMALE_LOW_INCOME,2190,4381.0,1525,3050.696347031954
24,SIAgent8,MALE_LOW_INCOME,1815,3631.0,1053,2106.5801652892874
24,SIAgent5,MALE_LOW_INCOME,1815,3631.0,1063,2126.585674931161
24,SIAgent6,FEMALE_OLD_HIGH_INCOME,203,407.0,426,0.0
24,SIAgent3,MALE_HIGH_INCOME,662,1325.0,385,770.5815709969761
24,SIAgent4,MALE_HIGH_INCOME,662,1325.0,343,686.5181268882166
24,SIAgent1,FEMALE_OLD_LOW_INCOME,1200,2401.0,1200,2400.547945205472
24,SIAgent2,MALE_OLD_HIGH_INCOME,404,808.0,0,0.0
24,SIAgent0,FEMALE_LOW_INCOME,2190,4381.0,1595,3190.728310502273
24,WFAgent0,MALE_YOUNG_HIGH_INCOME,258,517.0,258,516.3897280966794
24,WFAgent10,MALE_OLD_LOW_INCOME,897,1795.0,462,924.2545454545525
24,WFAgent1,MALE_OLD_LOW_INCOME,897,1795.0,466,932.256749311302
24,WFAgent2,MALE_YOUNG,1176,2353.0,614,1228.3382920110325
24,WFAgent3,FEMALE_YOUNG,1118,2236.0,139,278.0
24,WFAgent4,OLD_HIGH_INCOME,607,1215.0,287,574.4335347432038
24,WFAgent5,FEMALE_OLD_HIGH_INCOME,203,407.0,0,0.0
25,WFAgent6,MALE_YOUNG_HIGH_INCOME,258,517.0,258,516.3897280966794
25,WFAgent7,MALE_YOUNG,1176,2353.0,882,1764.7500000000205
25,WFAgent8,FEMALE_OLD,1404,2808.0,0,0.0
25,WFAgent9,FEMALE_OLD_HIGH_INCOME,203,407.0,149,92.07578253706757
25,SIAgent7,OLD_LOW_INCOME,2098,4196.0,569,0.0
25,SIAgent8,MALE_HIGH_INCOME,662,1325.0,532,584.4060952175442
25,SIAgent5,MALE_YOUNG_LOW_INCOME,918,1836.0,0,0.0
25,SIAgent6,FEMALE_LOW_INCOME,2190,4381.0,1353,2706.6178082191695
25,SIAgent3,OLD_HIGH_INCOME,607,1215.0,607,1214.9256782651478
25,SIAgent4,FEMALE_LOW_INCOME,2190,4381.0,1383,2766.6315068493063
25,SIAgent1,FEMALE_OLD_LOW_INCOME,1200,2401.0,1200,2400.547945205472
25,SIAgent2,FEMALE_OLD_HIGH_INCOME,203,407.0,203,406.3344316309707
25,SIAgent0,MALE_YOUNG,1176,2353.0,929,1858.789965986419
25,WFAgent0,FEMALE_LOW_INCOME,2190,4381.0,0,0.0
25,WFAgent10,FEMALE_YOUNG,1118,2236.0,242,0.0
25,WFAgent1,MALE_OLD,1301,2603.0,0,0.0
25,WFAgent2,MALE_LOW_INCOME,1815,3631.0,0,0.0
25,WFAgent3,FEMALE_YOUNG_LOW_INCOME,990,1980.0,0,0.0
25,WFAgent4,MALE_OLD,1301,2603.0,1301,2602.0
25,WFAgent5,FEMALE_OLD_LOW_INCOME,1200,2401.0,392,784.1789954337876
26,WFAgent6,YOUNG_LOW_INCOME,1908,3816.0,0,0.0
26,WFAgent7,MALE_YOUNG_HIGH_INCOME,258,517.0,258,516.6230296009894
26,WFAgent8,FEMALE_LOW_INCOME,2190,4381.0,0,0.0
26,WFAgent9,YOUNG_HIGH_INCOME,386,773.0,0,0.0
26,SIAgent7,MALE_HIGH_INCOME,662,1325.0,854,1172.4504227517461
26,SIAgent8,MALE_LOW_INCOME,1815,3631.0,1428,1868.5146005509905
26,SIAgent5,MALE_YOUNG_LOW_INCOME,918,1836.0,0,0.0
26,SIAgent6,FEMALE_LOW_INCOME,2190,4381.0,3107,3948.0
26,SIAgent3,MALE_OLD,1301,2603.0,1301,2602.716804407755
26,SIAgent4,FEMALE_YOUNG,1118,2236.0,266,0.0
26,SIAgent1,FEMALE_YOUNG_LOW_INCOME,990,1980.0,0,0.0
26,SIAgent2,FEMALE_OLD_LOW_INCOME,1200,2401.0,1200,2400.547945205472
26,SIAgent0,YOUNG_LOW_INCOME,1908,3816.0,0,0.0
26,WFAgent0,OLD_LOW_INCOME,2098,4196.0,0,0.0
26,WFAgent10,MALE_LOW_INCOME,1815,3631.0,0,0.0
26,WFAgent1,MALE_OLD_HIGH_INCOME,404,808.0,0,0.0
26,WFAgent2,MALE_YOUNG,1176,2353.0,937,1874.5162534435526
26,WFAgent3,FEMALE_YOUNG,1118,2236.0,0,0.0
26,WFAgent4,MALE_YOUNG_HIGH_INCOME,258,517.0,258,516.6683937823831
26,WFAgent5,OLD_LOW_INCOME,2098,4196.0,0,0.0
27,WFAgent6,FEMALE_LOW_INCOME,2190,4381.0,0,0.0
27,WFAgent7,MALE_YOUNG,1176,2353.0,881,1762.48539944906
27,WFAgent8,FEMALE_YOUNG,1118,2236.0,0,0.0
27,WFAgent9,FEMALE_OLD_LOW_INCOME,1200,2401.0,1122,2244.9241666666658
27,SIAgent7,MALE_OLD_LOW_INCOME,897,1795.0,619,1238.6900780379078
27,SIAgent8,OLD_HIGH_INCOME,607,1215.0,607,1214.3028439661914
27,SIAgent5,FEMALE_YOUNG,1118,2236.0,2296,0.0
27,SIAgent6,MALE_LOW_INCOME,1815,3631.0,952,1904.5245179063631
27,SIAgent3,FEMALE_OLD,1404,2808.0,98,196.0
27,SIAgent4,MALE_OLD,1301,2603.0,205,410.15757109915387
27,SIAgent1,MALE_OLD_LOW_INCOME,897,1795.0,613,1226.6833890746975
27,SIAgent2,FEMALE_OLD_LOW_INCOME,1200,2401.0,1199,2398.999166666681
27,SIAgent0,FEMALE_OLD,1404,2808.0,108,216.0
27,WFAgent0,MALE_OLD,1301,2603.0,0,0.0
27,WFAgent10,FEMALE_YOUNG_LOW_INCOME,990,1980.0,0,0.0
27,WFAgent1,MALE_OLD_LOW_INCOME,897,1795.0,580,1160.6465997770408
27,WFAgent2,FEMALE_OLD,1404,2808.0,0,0.0
27,WFAgent3,MALE_HIGH_INCOME,662,1325.0,720,402.1544965411216
27,WFAgent4,MALE_OLD,1301,2603.0,0,0.0
27,WFAgent5,MALE_YOUNG_LOW_INCOME,918,1836.0,0,0.0
28,WFAgent6,FEMALE_OLD_HIGH_INCOME,203,407.0,0,0.0
28,WFAgent7,MALE_OLD_LOW_INCOME,897,1795.0,875,0.0
28,WFAgent8,FEMALE_YOUNG_HIGH_INCOME,128,256.0,0,0.0
28,WFAgent9,MALE_LOW_INCOME,1815,3631.0,0,0.0
28,SIAgent7,OLD_HIGH_INCOME,607,1215.0,811,0.0
28,SIAgent8,MALE_YOUNG_LOW_INCOME,918,1836.0,331,662.0
28,SIAgent5,FEMALE_OLD,1404,2808.0,1218,0.0
28,SIAgent6,MALE_YOUNG_HIGH_INCOME,258,517.0,258,516.6683937823831
28,SIAgent3,FEMALE_OLD_LOW_INCOME,1200,2401.0,1200,2400.0
28,SIAgent4,YOUNG_LOW_INCOME,1908,3816.0,2317,730.0
28,SIAgent1,FEMALE_OLD_HIGH_INCOME,203,407.0,135,270.66502463054115
28,SIAgent2,MALE_OLD_LOW_INCOME,897,1795.0,897,1794.4942148760579
28,SIAgent0,FEMALE_OLD_HIGH_INCOME,203,407.0,143,286.7044334975362
28,WFAgent0,FEMALE_OLD_HIGH_INCOME,203,407.0,136,272.66995073891553
28,WFAgent10,YOUNG_HIGH_INCOME,386,773.0,0,0.0
28,WFAgent1,FEMALE_YOUNG_HIGH_INCOME,128,256.0,0,0.0
28,WFAgent2,MALE_YOUNG,1176,2353.0,1176,2352.0
28,WFAgent3,YOUNG_HIGH_INCOME,386,773.0,375,250.0
28,WFAgent4,YOUNG_LOW_INCOME,1908,3816.0,0,0.0
28,WFAgent5,FEMALE_YOUNG_HIGH_INCOME,128,256.0,128,256.0
29,WFAgent6,MALE_YOUNG,1176,2353.0,0,0.0
29,WFAgent7,FEMALE_YOUNG_LOW_INCOME,990,1980.0,0,0.0
29,WFAgent8,YOUNG_LOW_INCOME,1908,3816.0,0,0.0
29,WFAgent9,MALE_YOUNG,1176,2353.0,0,0.0
29,SIAgent7,FEMALE_OLD,1404,2808.0,1411,0.0
29,SIAgent8,FEMALE_OLD_HIGH_INCOME,203,407.0,203,406.0
29,SIAgent5,MALE_HIGH_INCOME,662,1325.0,799,0.0
29,SIAgent6,FEMALE_YOUNG_HIGH_INCOME,128,256.0,0,0.0
29,SIAgent3,YOUNG_LOW_INCOME,1908,3816.0,1409,2818.0
29,SIAgent4,YOUNG_HIGH_INCOME,386,773.0,368,736.3290155440412
29,SIAgent1,FEMALE_YOUNG_HIGH_INCOME,128,256.0,0,0.0
29,SIAgent2,FEMALE_LOW_INCOME,2190,4381.0,2190,4380.0
29,SIAgent0,FEMALE_YOUNG_LOW_INCOME,990,1980.0,510,1020.0
29,WFAgent0,MALE_YOUNG_HIGH_INCOME,258,517.0,258,516.6683937823831
29,WFAgent10,MALE_YOUNG_LOW_INCOME,918,1836.0,0,0.0
29,WFAgent1,MALE_HIGH_INCOME,662,1325.0,0,0.0
29,WFAgent2,YOUNG_LOW_INCOME,1908,3816.0,0,0.0
29,WFAgent3,MALE_LOW_INCOME,1815,3631.0,2719,1780.0
29,WFAgent4,MALE_HIGH_INCOME,662,1325.0,0,0.0
29,WFAgent5,MALE_YOUNG_HIGH_INCOME,258,517.0,133,266.34455958549205
30,WFAgent6,MALE_YOUNG_HIGH_INCOME,258,517.0,258,516.6683937823831
30,WFAgent7,FEMALE_OLD_HIGH_INCOME,203,407.0,203,406.9999999999988
30,WFAgent8,MALE_OLD_LOW_INCOME,897,1795.0,611,1222.4696387394492
30,WFAgent9,FEMALE_OLD_LOW_INCOME,1200,2401.0,2379,0.0
30,SIAgent7,MALE_YOUNG,1176,2353.0,1176,2352.0
30,SIAgent8,MALE_OLD,1301,2603.0,1030,2060.7916986933515
30,SIAgent5,MALE_OLD,1301,2603.0,996,1992.7655649500769
30,SIAgent6,MALE_OLD_HIGH_INCOME,404,808.0,0,0.0
30,SIAgent3,YOUNG_HIGH_INCOME,386,773.0,383,766.365284974093
30,SIAgent4,MALE_YOUNG_LOW_INCOME,918,1836.0,310,620.0
30,SIAgent1,YOUNG_LOW_INCOME,1908,3816.0,1273,2546.0
30,SIAgent2,FEMALE_YOUNG,1118,2236.0,1008,2016.0
30,SIAgent0,FEMALE_OLD_HIGH_INCOME,203,407.0,225,364.8965517241369
30,WFAgent0,MALE_OLD_HIGH_INCOME,404,808.0,0,0.0
30,WFAgent10,FEMALE_HIGH_INCOME,331,663.0,0,0.0
30,WFAgent1,MALE_LOW_INCOME,1815,3631.0,0,0.0
30,WFAgent2,YOUNG_LOW_INCOME,1908,3816.0,0,0.0
30,WFAgent3,MALE_OLD_HIGH_INCOME,404,808.0,0,0.0
30,WFAgent4,MALE_YOUNG_HIGH_INCOME,258,517.0,148,296.38341968911897
30,WFAgent5,MALE_OLD_HIGH_INCOME,404,808.0,0,0.0
31,WFAgent6,YOUNG_HIGH_INCOME,386,773.0,268,536.4048338368602
31,WFAgent7,OLD_HIGH_INCOME,607,1215.0,0,0.0
31,WFAgent8,OLD_HIGH_INCOME,607,1215.0,607,1214.9169184289908
31,WFAgent9,FEMALE_YOUNG,1118,2236.0,0,0.0
31,SIAgent7,FEMALE_OLD_LOW_INCOME,1200,2401.0,1200,2400.0
31,SIAgent8,YOUNG_LOW_INCOME,1908,3816.0,971,1942.0
31,SIAgent5,MALE_HIGH_INCOME,662,1325.0,435,532.4018126888241
31,SIAgent6,FEMALE_HIGH_INCOME,331,663.0,216,432.65256797583334
31,SIAgent3,FEMALE_OLD,1404,2808.0,1236,0.0
31,SIAgent4,MALE_YOUNG,1176,2353.0,1176,2352.0
31,SIAgent1,FEMALE_HIGH_INCOME,331,663.0,232,464.70090634441385
31,SIAgent2,MALE_OLD_LOW_INCOME,897,1795.0,1872,0.0
31,SIAgent0,FEMALE_YOUNG,1118,2236.0,645,1290.0
31,WFAgent0,MALE_LOW_INCOME,1815,3631.0,296,592.0
31,WFAgent10,FEMALE_HIGH_INCOME,331,663.0,0,0.0
31,WFAgent1,FEMALE_HIGH_INCOME,331,663.0,105,210.31722054380666
31,WFAgent2,OLD_HIGH_INCOME,607,1215.0,0,0.0
31,WFAgent3,FEMALE_OLD_HIGH_INCOME,203,407.0,107,214.32326283987916
31,WFAgent4,MALE_HIGH_INCOME,662,1325.0,0,0.0
31,WFAgent5,FEMALE_LOW_INCOME,2190,4381.0,634,1268.0
32,WFAgent6,MALE_YOUNG_LOW_INCOME,918,1836.0,0,0.0
32,WFAgent7,MALE_YOUNG,1176,2353.0,0,0.0
32,WFAgent8,FEMALE_OLD,1404,2808.0,0,0.0
32,WFAgent9,OLD_HIGH_INCOME,607,1215.0,0,0.0
32,SIAgent7,YOUNG_HIGH_INCOME,386,773.0,512,520.3927492447156
32,SIAgent8,MALE_LOW_INCOME,1815,3631.0,302,604.1663911845735
32,SIAgent5,OLD_HIGH_INCOME,607,1215.0,607,1214.9344381012997
32,SIAgent6,MALE_YOUNG_HIGH_INCOME,258,517.0,258,516.6683937823831
32,SIAgent3,MALE_OLD_HIGH_INCOME,404,808.0,0,0.0
32,SIAgent4,MALE_YOUNG,1176,2353.0,1176,2352.6479338843337
32,SIAgent1,MALE_LOW_INCOME,1815,3631.0,333,666.1834710743819
32,SIAgent2,MALE_OLD,1301,2603.0,908,1816.697924673362
32,SIAgent0,MALE_HIGH_INCOME,662,1325.0,365,730.2805534204508
32,WFAgent0,MALE_OLD_LOW_INCOME,897,1795.0,875,1750.672559569594
32,WFAgent10,FEMALE_LOW_INCOME,2190,4381.0,1909,0.0
32,WFAgent1,FEMALE_OLD_LOW_INCOME,1200,2401.0,2443,0.0
32,WFAgent2,OLD_HIGH_INCOME,607,1215.0,0,0.0
32,WFAgent3,FEMALE_OLD_HIGH_INCOME,203,407.0,312,246.2026359143323
32,WFAgent4,MALE_HIGH_INCOME,662,1325.0,0,0.0
32,WFAgent5,MALE_LOW_INCOME,1815,3631.0,0,0.0
33,WFAgent6,FEMALE_OLD_HIGH_INCOME,203,407.0,203,406.61329305136167
33,WFAgent7,MALE_LOW_INCOME,1815,3631.0,0,0.0
33,WFAgent8,FEMALE_YOUNG,1118,2236.0,0,0.0
33,WFAgent9,FEMALE_YOUNG_HIGH_INCOME,128,256.0,0,0.0
33,SIAgent7,OLD_HIGH_INCOME,607,1215.0,607,1214.0
33,SIAgent8,FEMALE_LOW_INCOME,2190,4381.0,2190,4380.0
33,SIAgent5,OLD_LOW_INCOME,2098,4196.0,2038,0.0
33,SIAgent6,MALE_OLD_LOW_INCOME,897,1795.0,897,1794.0
33,SIAgent3,MALE_OLD_HIGH_INCOME,404,808.0,240,0.0
33,SIAgent4,MALE_YOUNG_LOW_INCOME,918,1836.0,1819,0.0
33,SIAgent1,FEMALE_HIGH_INCOME,331,663.0,525,438.6616314199422
33,SIAgent2,MALE_YOUNG_HIGH_INCOME,258,517.0,479,0.0
33,SIAgent0,FEMALE_YOUNG_LOW_INCOME,990,1980.0,1002,0.0
33,WFAgent0,MALE_LOW_INCOME,1815,3631.0,0,0.0
33,WFAgent10,MALE_YOUNG,1176,2353.0,0,0.0
33,WFAgent1,MALE_LOW_INCOME,1815,3631.0,0,0.0
33,WFAgent2,MALE_OLD,1301,2603.0,0,0.0
33,WFAgent3,FEMALE_YOUNG,1118,2236.0,0,0.0
33,WFAgent4,MALE_YOUNG,1176,2353.0,0,0.0
33,WFAgent5,MALE_YOUNG,1176,2353.0,0,0.0
34,WFAgent6,MALE_OLD,1301,2603.0,1301,2602.716804407755
34,WFAgent7,FEMALE_YOUNG_HIGH_INCOME,128,256.0,51,102.0
34,WFAgent8,FEMALE_OLD,1404,2808.0,2458,0.0
34,WFAgent9,FEMALE_YOUNG_HIGH_INCOME,128,256.0,42,84.0
34,SIAgent7,MALE_OLD_HIGH_INCOME,404,808.0,0,0.0
34,SIAgent8,FEMALE_YOUNG_LOW_INCOME,990,1980.0,418,836.0
34,SIAgent5,MALE_YOUNG_HIGH_INCOME,258,517.0,258,516.3897280966794
34,SIAgent6,MALE_LOW_INCOME,1815,3631.0,2302,3630.0
34,SIAgent3,FEMALE_YOUNG,1118,2236.0,442,884.0
34,SIAgent4,MALE_HIGH_INCOME,662,1325.0,490,980.740181268875
34,SIAgent1,FEMALE_YOUNG_HIGH_INCOME,128,256.0,50,100.0
34,SIAgent2,YOUNG_LOW_INCOME,1908,3816.0,371,714.0
34,SIAgent0,FEMALE_YOUNG,1118,2236.0,477,954.0
34,WFAgent0,MALE_OLD,1301,2603.0,0,0.0
34,WFAgent10,MALE_HIGH_INCOME,662,1325.0,487,974.7356495468207
34,WFAgent1,FEMALE_YOUNG_HIGH_INCOME,128,256.0,0,0.0
34,WFAgent2,FEMALE_YOUNG_LOW_INCOME,990,1980.0,0,0.0
34,WFAgent3,FEMALE_YOUNG_LOW_INCOME,990,1980.0,370,740.0
34,WFAgent4,MALE_YOUNG_LOW_INCOME,918,1836.0,0,0.0
34,WFAgent5,MALE_YOUNG_HIGH_INCOME,258,517.0,79,158.11933534743224
35,WFAgent6,MALE_LOW_INCOME,1815,3631.0,1577,1726.0
35,WFAgent7,MALE_YOUNG,1176,2353.0,0,0.0
35,WFAgent8,YOUNG_LOW_INCOME,1908,3816.0,0,0.0
35,WFAgent9,FEMALE_OLD,1404,2808.0,0,0.0
35,SIAgent7,FEMALE_YOUNG_HIGH_INCOME,128,256.0,82,164.0
35,SIAgent8,OLD_HIGH_INCOME,607,1215.0,607,1214.5830815709887
35,SIAgent5,FEMALE_YOUNG,1118,2236.0,792,1584.0
35,SIAgent6,MALE_YOUNG,1176,2353.0,1176,2352.0
35,SIAgent3,MALE_HIGH_INCOME,662,1325.0,565,326.2462235649561
35,SIAgent4,FEMALE_OLD_LOW_INCOME,1200,2401.0,1200,2400.0
35,SIAgent1,OLD_LOW_INCOME,2098,4196.0,1511,3022.0
35,SIAgent2,FEMALE_YOUNG_LOW_INCOME,990,1980.0,652,1304.0
35,SIAgent0,FEMALE_OLD,1404,2808.0,794,1240.0
35,WFAgent0,YOUNG_HIGH_INCOME,386,773.0,251,502.25679758308337
35,WFAgent10,MALE_HIGH_INCOME,662,1325.0,187,374.2824773413915
35,WFAgent1,FEMALE_YOUNG_HIGH_INCOME,128,256.0,0,0.0
35,WFAgent2,FEMALE_YOUNG_LOW_INCOME,990,1980.0,0,0.0
35,WFAgent3,FEMALE_LOW_INCOME,2190,4381.0,606,1212.0
35,WFAgent4,FEMALE_OLD,1404,2808.0,0,0.0
35,WFAgent5,FEMALE_YOUNG,1118,2236.0,0,0.0
36,WFAgent6,MALE_YOUNG_HIGH_INCOME,258,517.0,258,516.2193877550983
36,WFAgent7,MALE_LOW_INCOME,1815,3631.0,0,0.0
36,WFAgent8,MALE_YOUNG,1176,2353.0,1036,2072.880952380983
36,WFAgent9,FEMALE_YOUNG_HIGH_INCOME,128,256.0,0,0.0
36,SIAgent7,MALE_OLD,1301,2603.0,1233,804.3089930822514
36,SIAgent8,FEMALE_YOUNG_LOW_INCOME,990,1980.0,399,798.0
36,SIAgent5,MALE_OLD_HIGH_INCOME,404,808.0,0,0.0
36,SIAgent6,FEMALE_HIGH_INCOME,331,663.0,664,546.0
36,SIAgent3,FEMALE_YOUNG,1118,2236.0,396,792.0
36,SIAgent4,MALE_OLD_LOW_INCOME,897,1795.0,897,1794.6894696387726
36,SIAgent1,YOUNG_LOW_INCOME,1908,3816.0,412,824.0
36,SIAgent2,FEMALE_YOUNG,1118,2236.0,420,840.0
36,SIAgent0,MALE_YOUNG_LOW_INCOME,918,1836.0,0,0.0
36,WFAgent0,MALE_HIGH_INCOME,662,1325.0,404,808.3105303612676
36,WFAgent10,MALE_YOUNG_LOW_INCOME,918,1836.0,0,0.0
36,WFAgent1,FEMALE_OLD_LOW_INCOME,1200,2401.0,2405,0.0
36,WFAgent2,MALE_OLD,1301,2603.0,0,0.0
36,WFAgent3,MALE_YOUNG,1176,2353.0,1058,2116.8996598639733
36,WFAgent4,MALE_OLD_HIGH_INCOME,404,808.0,0,0.0
36,WFAgent5,FEMALE_LOW_INCOME,2190,4381.0,418,836.0
37,WFAgent6,FEMALE_YOUNG,1118,2236.0,0,0.0
37,WFAgent7,FEMALE_YOUNG_HIGH_INCOME,128,256.0,101,202.0
37,WFAgent8,MALE_LOW_INCOME,1815,3631.0,0,0.0
37,WFAgent9,MALE_OLD,1301,2603.0,0,0.0
37,SIAgent7,MALE_OLD_LOW_INCOME,897,1795.0,1744,0.0
37,SIAgent8,FEMALE_YOUNG_LOW_INCOME,990,1980.0,238,476.0
37,SIAgent5,FEMALE_OLD_LOW_INCOME,1200,2401.0,1200,2400.547945205472
37,SIAgent6,FEMALE_YOUNG_HIGH_INCOME,128,256.0,90,180.0
37,SIAgent3,OLD_HIGH_INCOME,607,1215.0,774,0.0
37,SIAgent4,FEMALE_OLD_HIGH_INCOME,203,407.0,203,406.61329305136167
37,SIAgent1,FEMALE_LOW_INCOME,2190,4381.0,2190,4380.0
37,SIAgent2,FEMALE_YOUNG_LOW_INCOME,990,1980.0,207,414.0
37,SIAgent0,FEMALE_OLD,1404,2808.0,535,0.0
37,WFAgent0,MALE_YOUNG_HIGH_INCOME,258,517.0,287,516.9999999999999
37,WFAgent10,MALE_YOUNG,1176,2353.0,1891,0.0
37,WFAgent1,MALE_OLD,1301,2603.0,0,0.0
37,WFAgent2,FEMALE_OLD,1404,2808.0,0,0.0
37,WFAgent3,MALE_YOUNG_HIGH_INCOME,258,517.0,258,516.9999999999999
37,WFAgent4,FEMALE_HIGH_INCOME,331,663.0,0,0.0
37,WFAgent5,FEMALE_HIGH_INCOME,331,663.0,282,564.3327841845137
38,WFAgent6,FEMALE_OLD_LOW_INCOME,1200,2401.0,1199,2398.999166666681
38,WFAgent7,MALE_OLD_LOW_INCOME,897,1795.0,882,1764.4859504132473
38,WFAgent8,FEMALE_HIGH_INCOME,331,663.0,411,0.0
38,WFAgent9,FEMALE_YOUNG,1118,2236.0,0,0.0
38,SIAgent7,OLD_LOW_INCOME,2098,4196.0,0,0.0
38,SIAgent8,MALE_LOW_INCOME,1815,3631.0,1503,3006.4804407713737
38,SIAgent5,FEMALE_OLD_LOW_INCOME,1200,2401.0,1200,2400.9868150685015
38,SIAgent6,MALE_HIGH_INCOME,662,1325.0,662,1324.1012084592116
38,SIAgent3,MALE_OLD_HIGH_INCOME,404,808.0,225,0.0
38,SIAgent4,MALE_YOUNG,1176,2353.0,1176,2352.6479338843337
38,SIAgent1,FEMALE_LOW_INCOME,2190,4381.0,2024,4048.0
38,SIAgent2,OLD_LOW_INCOME,2098,4196.0,0,0.0
38,SIAgent0,MALE_YOUNG_LOW_INCOME,918,1836.0,0,0.0
38,WFAgent0,MALE_LOW_INCOME,1815,3631.0,0,0.0
38,WFAgent10,YOUNG_HIGH_INCOME,386,773.0,460,90.06797583081571
38,WFAgent1,MALE_YOUNG_HIGH_INCOME,258,517.0,258,516.3897280966794
38,WFAgent2,MALE_YOUNG,1176,2353.0,0,0.0
38,WFAgent3,YOUNG_LOW_INCOME,1908,3816.0,0,0.0
38,WFAgent4,MALE_HIGH_INCOME,662,1325.0,0,0.0
38,WFAgent5,YOUNG_LOW_INCOME,1908,3816.0,0,0.0
39,WFAgent6,MALE_YOUNG_HIGH_INCOME,258,517.0,254,508.98449612403084
39,WFAgent7,MALE_YOUNG_LOW_INCOME,918,1836.0,0,0.0
39,WFAgent8,YOUNG_LOW_INCOME,1908,3816.0,638,1276.0
39,WFAgent9,MALE_YOUNG_LOW_INCOME,918,1836.0,0,0.0
39,SIAgent7,MALE_OLD_HIGH_INCOME,404,808.0,0,0.0
39,SIAgent8,MALE_YOUNG_HIGH_INCOME,258,517.0,234,468.9069767441859
39,SIAgent5,FEMALE_OLD_LOW_INCOME,1200,2401.0,1200,2400.0
39,SIAgent6,OLD_HIGH_INCOME,607,1215.0,607,1214.8277945619238
39,SIAgent3,FEMALE_OLD,1404,2808.0,1367,0.0
39,SIAgent4,MALE_YOUNG,1176,2353.0,1800,0.0
39,SIAgent1,MALE_HIGH_INCOME,662,1325.0,279,558.0
39,SIAgent2,FEMALE_HIGH_INCOME,331,663.0,331,662.3443163097206
39,SIAgent0,FEMALE_YOUNG,1118,2236.0,776,1354.0
39,WFAgent0,MALE_YOUNG_LOW_INCOME,918,1836.0,0,0.0
39,WFAgent10,MALE_OLD,1301,2603.0,1857,0.0
39,WFAgent1,FEMALE_OLD,1404,2808.0,0,0.0
39,WFAgent2,OLD_LOW_INCOME,2098,4196.0,0,0.0
39,WFAgent3,YOUNG_LOW_INCOME,1908,3816.0,657,1314.0
39,WFAgent4,FEMALE_YOUNG_LOW_INCOME,990,1980.0,0,0.0
39,WFAgent5,FEMALE_YOUNG,1118,2236.0,0,0.0
40,WFAgent6,FEMALE_LOW_INCOME,2190,4381.0,503,1006.0
40,WFAgent7,MALE_YOUNG_LOW_INCOME,918,1836.0,230,460.0
40,WFAgent8,FEMALE_YOUNG_HIGH_INCOME,128,256.0,0,0.0
40,WFAgent9,MALE_OLD,1301,2603.0,0,0.0
40,SIAgent7,YOUNG_HIGH_INCOME,386,773.0,386,772.6738099337824
40,SIAgent8,MALE_YOUNG,1176,2353.0,1176,2352.0
40,SIAgent5,MALE_YOUNG_LOW_INCOME,918,1836.0,214,428.0
40,SIAgent6,FEMALE_YOUNG,1118,2236.0,521,1042.0
40,SIAgent3,MALE_HIGH_INCOME,662,1325.0,413,34.01445578231292
40,SIAgent4,FEMALE_YOUNG_LOW_INCOME,990,1980.0,508,1016.0
40,SIAgent1,YOUNG_LOW_INCOME,1908,3816.0,705,1410.0
40,SIAgent2,OLD_HIGH_INCOME,607,1215.0,607,1214.9233514336686
40,SIAgent0,FEMALE_YOUNG_HIGH_INCOME,128,256.0,0,0.0
40,WFAgent0,OLD_HIGH_INCOME,607,1215.0,0,0.0
40,WFAgent10,FEMALE_OLD_LOW_INCOME,1200,2401.0,2407,0.0
40,WFAgent1,MALE_OLD_LOW_INCOME,897,1795.0,1800,0.0
40,WFAgent2,MALE_HIGH_INCOME,662,1325.0,0,0.0
40,WFAgent3,FEMALE_OLD,1404,2808.0,0,0.0
40,WFAgent4,FEMALE_HIGH_INCOME,331,663.0,327,410.25666447576157
40,WFAgent5,FEMALE_OLD_HIGH_INCOME,203,407.0,203,406.3344316309707
41,WFAgent6,FEMALE_YOUNG,1118,2236.0,0,0.0
41,WFAgent7,FEMALE_OLD_LOW_INCOME,1200,2401.0,829,1658.6908333333292
41,WFAgent8,YOUNG_HIGH_INCOME,386,773.0,0,0.0
41,WFAgent9,FEMALE_OLD_LOW_INCOME,1200,2401.0,836,1672.6966666666622
41,SIAgent7,FEMALE_OLD_LOW_INCOME,1200,2401.0,801,1602.6674999999975
41,SIAgent8,OLD_LOW_INCOME,2098,4196.0,894,1788.0
41,SIAgent5,FEMALE_HIGH_INCOME,331,663.0,128,256.3867069486405
41,SIAgent6,MALE_OLD_HIGH_INCOME,404,808.0,404,808.0
41,SIAgent3,FEMALE_OLD_HIGH_INCOME,203,407.0,203,406.9999999999988
41,SIAgent4,FEMALE_HIGH_INCOME,331,663.0,125,250.37764350453173
41,SIAgent1,FEMALE_YOUNG_HIGH_INCOME,128,256.0,0,0.0
41,SIAgent2,MALE_YOUNG,1176,2353.0,1846,0.0
41,SIAgent0,FEMALE_OLD_HIGH_INCOME,203,407.0,182,364.8813120414321
41,WFAgent0,MALE_YOUNG_HIGH_INCOME,258,517.0,258,516.6683937823831
41,WFAgent10,MALE_YOUNG_HIGH_INCOME,258,517.0,258,516.2193877550983
41,WFAgent1,OLD_LOW_INCOME,2098,4196.0,0,0.0
41,WFAgent2,YOUNG_LOW_INCOME,1908,3816.0,1937,0.0
41,WFAgent3,OLD_HIGH_INCOME,607,1215.0,403,690.0
41,WFAgent4,FEMALE_YOUNG,1118,2236.0,0,0.0
41,WFAgent5,MALE_OLD_LOW_INCOME,897,1795.0,896,1792.0
42,WFAgent6,MALE_YOUNG_LOW_INCOME,918,1836.0,0,0.0
42,WFAgent7,FEMALE_OLD,1404,2808.0,0,0.0
42,WFAgent8,FEMALE_YOUNG,1118,2236.0,0,0.0
42,WFAgent9,MALE_YOUNG_HIGH_INCOME,258,517.0,151,302.5852713178294
42,SIAgent7,MALE_YOUNG_HIGH_INCOME,258,517.0,168,336.6511627906976
42,SIAgent8,YOUNG_LOW_INCOME,1908,3816.0,890,536.0
42,SIAgent5,FEMALE_YOUNG_LOW_INCOME,990,1980.0,263,526.0
42,SIAgent6,MALE_OLD_LOW_INCOME,897,1795.0,897,1794.0
42,SIAgent3,OLD_LOW_INCOME,2098,4196.0,1413,0.0
42,SIAgent4,FEMALE_OLD_LOW_INCOME,1200,2401.0,1200,2400.547945205472
42,SIAgent1,FEMALE_OLD_HIGH_INCOME,203,407.0,418,0.0
42,SIAgent2,FEMALE_LOW_INCOME,2190,4381.0,2190,4380.0
42,SIAgent0,MALE_YOUNG,1176,2353.0,1176,2352.0
42,WFAgent0,OLD_HIGH_INCOME,607,1215.0,823,0.0
42,WFAgent10,MALE_YOUNG_HIGH_INCOME,258,517.0,0,0.0
42,WFAgent1,FEMALE_YOUNG,1118,2236.0,0,0.0
42,WFAgent2,FEMALE_LOW_INCOME,2190,4381.0,0,0.0
42,WFAgent3,FEMALE_YOUNG_LOW_INCOME,990,1980.0,0,0.0
42,WFAgent4,MALE_YOUNG_HIGH_INCOME,258,517.0,156,312.6046511627906
42,WFAgent5,FEMALE_YOUNG_HIGH_INCOME,128,256.0,255,0.0
43,WFAgent6,FEMALE_OLD_LOW_INCOME,1200,2401.0,805,1610.6708333333306
43,WFAgent7,MALE_YOUNG_LOW_INCOME,918,1836.0,0,0.0
43,WFAgent8,MALE_YOUNG,1176,2353.0,922,1844.507988980742
43,WFAgent9,MALE_OLD_LOW_INCOME,897,1795.0,169,338.0931129476584
43,SIAgent7,MALE_OLD,1301,2603.0,1301,2602.716804407755
43,SIAgent8,MALE_YOUNG_HIGH_INCOME,258,517.0,189,378.7325581395348
43,SIAgent5,MALE_HIGH_INCOME,662,1325.0,662,1324.4627209838761
43,SIAgent6,FEMALE_OLD_LOW_INCOME,1200,2401.0,836,1672.6966666666622
43,SIAgent3,MALE_YOUNG_HIGH_INCOME,258,517.0,151,302.5852713178294
43,SIAgent4,MALE_LOW_INCOME,1815,3631.0,1090,2180.60055096422
43,SIAgent1,FEMALE_YOUNG,1118,2236.0,1984,254.0
43,SIAgent2,FEMALE_OLD_LOW_INCOME,1200,2401.0,841,1682.7008333333285
43,SIAgent0,MALE_OLD_HIGH_INCOME,404,808.0,157,0.0
43,WFAgent0,MALE_YOUNG_LOW_INCOME,918,1836.0,0,0.0
43,WFAgent10,MALE_YOUNG_HIGH_INCOME,258,517.0,0,0.0
43,WFAgent1,MALE_OLD_LOW_INCOME,897,1795.0,184,368.1013774104681
43,WFAgent2,FEMALE_YOUNG_HIGH_INCOME,128,256.0,0,0.0
43,WFAgent3,MALE_YOUNG_HIGH_INCOME,258,517.0,166,332.6434108527131
43,WFAgent4,FEMALE_YOUNG_HIGH_INCOME,128,256.0,0,0.0
43,WFAgent5,FEMALE_YOUNG_HIGH_INCOME,128,256.0,128,256.0
44,WFAgent6,MALE_YOUNG,1176,2353.0,0,0.0
44,WFAgent7,OLD_HIGH_INCOME,607,1215.0,323,646.5321252059322
44,WFAgent8,MALE_YOUNG_HIGH_INCOME,258,517.0,181,362.4689119170982
44,WFAgent9,MALE_YOUNG_LOW_INCOME,918,1836.0,0,0.0
44,SIAgent7,OLD_HIGH_INCOME,607,1215.0,327,654.5387149917643
44,SIAgent8,YOUNG_HIGH_INCOME,386,773.0,231,462.59844559585457
44,SIAgent5,FEMALE_HIGH_INCOME,331,663.0,331,662.6641513943551
44,SIAgent6,YOUNG_HIGH_INCOME,386,773.0,228,456.5906735751292
44,SIAgent3,FEMALE_YOUNG,1118,2236.0,1023,2046.0
44,SIAgent4,FEMALE_OLD,1404,2808.0,1214,2428.0
44,SIAgent1,MALE_YOUNG,1176,2353.0,1176,2352.0
44,SIAgent2,YOUNG_LOW_INCOME,1908,3816.0,1610,2014.0
44,SIAgent0,MALE_OLD_HIGH_INCOME,404,808.0,0,0.0
44,WFAgent0,FEMALE_YOUNG_HIGH_INCOME,128,256.0,0,0.0
44,WFAgent10,OLD_HIGH_INCOME,607,1215.0,0,0.0
44,WFAgent1,MALE_YOUNG_LOW_INCOME,918,1836.0,0,0.0
44,WFAgent2,FEMALE_LOW_INCOME,2190,4381.0,1213,2426.0
44,WFAgent3,MALE_OLD_LOW_INCOME,897,1795.0,1819,0.0
44,WFAgent4,OLD_HIGH_INCOME,607,1215.0,324,648.5337726523902
44,WFAgent5,MALE_YOUNG_LOW_INCOME,918,1836.0,0,0.0
45,WFAgent6,MALE_YOUNG_LOW_INCOME,918,1836.0,0,0.0
45,WFAgent7,MALE_OLD_LOW_INCOME,897,1795.0,891,1782.6848578017239
45,WFAgent8,FEMALE_OLD,1404,2808.0,0,0.0
45,WFAgent9,FEMALE_HIGH_INCOME,331,663.0,0,0.0
45,SIAgent7,MALE_OLD,1301,2603.0,1177,1778.6833205227076
45,SIAgent8,MALE_YOUNG_LOW_INCOME,918,1836.0,658,0.0
45,SIAgent5,MALE_YOUNG_HIGH_INCOME,258,517.0,258,516.9999999999999
45,SIAgent6,OLD_HIGH_INCOME,607,1215.0,607,1214.4665641814167
45,SIAgent3,MALE_YOUNG_HIGH_INCOME,258,517.0,311,478.92635658914713
45,SIAgent4,MALE_YOUNG,1176,2353.0,1176,2352.0
45,SIAgent1,FEMALE_HIGH_INCOME,331,663.0,129,258.3897280966768
45,SIAgent2,FEMALE_HIGH_INCOME,331,663.0,135,270.40785498489447
45,SIAgent0,FEMALE_HIGH_INCOME,331,663.0,115,230.3474320241692
45,WFAgent0,MALE_OLD_HIGH_INCOME,404,808.0,0,0.0
45,WFAgent10,FEMALE_OLD_HIGH_INCOME,203,407.0,57,114.17220543806647
45,WFAgent1,FEMALE_OLD_LOW_INCOME,1200,2401.0,0,0.0
45,WFAgent2,FEMALE_OLD_LOW_INCOME,1200,2401.0,2350,0.0
45,WFAgent3,MALE_OLD,1301,2603.0,0,0.0
45,WFAgent4,FEMALE_OLD_HIGH_INCOME,203,407.0,203,406.61329305136167
45,WFAgent5,MALE_HIGH_INCOME,662,1325.0,0,0.0
46,WFAgent6,FEMALE_LOW_INCOME,2190,4381.0,0,0.0
46,WFAgent7,MALE_YOUNG_HIGH_INCOME,258,517.0,247,494.6398963730566
46,WFAgent8,MALE_YOUNG_LOW_INCOME,918,1836.0,0,0.0
46,WFAgent9,FEMALE_OLD_LOW_INCOME,1200,2401.0,1200,2400.547945205472
46,SIAgent7,YOUNG_HIGH_INCOME,386,773.0,329,658.7098445595851
46,SIAgent8,OLD_HIGH_INCOME,607,1215.0,308,616.5074135090616
46,SIAgent5,MALE_OLD_LOW_INCOME,897,1795.0,897,1794.9999999999854
46,SIAgent6,FEMALE_OLD_HIGH_INCOME,203,407.0,203,406.61329305136167
46,SIAgent3,MALE_YOUNG,1176,2353.0,1821,0.0
46,SIAgent4,MALE_OLD_LOW_INCOME,897,1795.0,907,1778.9910813823717
46,SIAgent1,OLD_HIGH_INCOME,607,1215.0,319,638.5255354201
46,SIAgent2,FEMALE_YOUNG_HIGH_INCOME,128,256.0,0,0.0
46,SIAgent0,FEMALE_HIGH_INCOME,331,663.0,331,662.7405527908439
46,WFAgent0,OLD_HIGH_INCOME,607,1215.0,271,542.4464579901143
46,WFAgent10,FEMALE_LOW_INCOME,2190,4381.0,3167,2464.562557077618
46,WFAgent1,FEMALE_HIGH_INCOME,331,663.0,0,0.0
46,WFAgent2,YOUNG_LOW_INCOME,1908,3816.0,0,0.0
46,WFAgent3,FEMALE_YOUNG_LOW_INCOME,990,1980.0,0,0.0
46,WFAgent4,MALE_HIGH_INCOME,662,1325.0,0,0.0
46,WFAgent5,YOUNG_LOW_INCOME,1908,3816.0,0,0.0
47,WFAgent6,MALE_YOUNG,1176,2353.0,1801,0.0
47,WFAgent7,MALE_OLD_HIGH_INCOME,404,808.0,0,0.0
47,WFAgent8,OLD_HIGH_INCOME,607,1215.0,618,1162.9571663921056
47,WFAgent9,MALE_OLD_LOW_INCOME,897,1795.0,897,1794.4942148760579
47,SIAgent7,FEMALE_YOUNG_LOW_INCOME,990,1980.0,0,0.0
47,SIAgent8,OLD_HIGH_INCOME,607,1215.0,606,1212.9983525535565
47,SIAgent5,YOUNG_HIGH_INCOME,386,773.0,258,516.0
47,SIAgent6,FEMALE_LOW_INCOME,2190,4381.0,1994,3988.0
47,SIAgent3,FEMALE_OLD_LOW_INCOME,1200,2401.0,1199,2398.999166666681
47,SIAgent4,FEMALE_YOUNG_LOW_INCOME,990,1980.0,0,0.0
47,SIAgent1,FEMALE_YOUNG,1118,2236.0,0,0.0
47,SIAgent2,OLD_LOW_INCOME,2098,4196.0,35,0.0
47,SIAgent0,FEMALE_OLD_LOW_INCOME,1200,2401.0,1187,2374.9710844748897
47,WFAgent0,MALE_YOUNG_HIGH_INCOME,258,517.0,255,510.9883720930231
47,WFAgent10,MALE_YOUNG_HIGH_INCOME,258,517.0,253,506.9806201550386
47,WFAgent1,MALE_LOW_INCOME,1815,3631.0,0,0.0
47,WFAgent2,MALE_YOUNG_LOW_INCOME,918,1836.0,0,0.0
47,WFAgent3,MALE_OLD,1301,2603.0,0,0.0
47,WFAgent4,MALE_OLD_LOW_INCOME,897,1795.0,897,1794.0
47,WFAgent5,OLD_HIGH_INCOME,607,1215.0,0,0.0
48,WFAgent6,MALE_YOUNG,1176,2353.0,992,1984.8435374149958
48,WFAgent7,MALE_LOW_INCOME,1815,3631.0,0,0.0
48,WFAgent8,FEMALE_OLD,1404,2808.0,0,0.0
48,WFAgent9,MALE_YOUNG,1176,2353.0,0,0.0
48,SIAgent7,FEMALE_OLD,1404,2808.0,127,254.0
48,SIAgent8,FEMALE_YOUNG,1118,2236.0,1235,1936.0
48,SIAgent5,YOUNG_LOW_INCOME,1908,3816.0,1019,2038.0
48,SIAgent6,MALE_YOUNG,1176,2353.0,1035,2070.8801020408473
48,SIAgent3,MALE_YOUNG_HIGH_INCOME,258,517.0,258,516.2193877550983
48,SIAgent4,FEMALE_OLD,1404,2808.0,139,278.0
48,SIAgent1,MALE_YOUNG_LOW_INCOME,918,1836.0,0,0.0
48,SIAgent2,FEMALE_OLD_LOW_INCOME,1200,2401.0,1199,2398.999166666681
48,SIAgent0,MALE_LOW_INCOME,1815,3631.0,1777,0.0
48,WFAgent0,MALE_YOUNG_HIGH_INCOME,258,517.0,82,164.06972789115645
48,WFAgent10,FEMALE_YOUNG,1118,2236.0,0,0.0
48,WFAgent1,FEMALE_OLD_LOW_INCOME,1200,2401.0,1200,2400.9183333333312
48,WFAgent2,FEMALE_HIGH_INCOME,331,663.0,134,268.0
48,WFAgent3,OLD_LOW_INCOME,2098,4196.0,0,0.0
48,WFAgent4,FEMALE_YOUNG_HIGH_INCOME,128,256.0,0,0.0
48,WFAgent5,YOUNG_LOW_INCOME,1908,3816.0,0,0.0
49,WFAgent6,YOUNG_HIGH_INCOME,386,773.0,0,0.0
49,WFAgent7,MALE_YOUNG_LOW_INCOME,918,1836.0,417,834.0
49,WFAgent8,MALE_OLD_LOW_INCOME,897,1795.0,597,1194.66555183947
49,WFAgent9,YOUNG_HIGH_INCOME,386,773.0,0,0.0
49,SIAgent7,MALE_OLD_LOW_INCOME,897,1795.0,604,1208.673355629882
49,SIAgent8,MALE_YOUNG_LOW_INCOME,918,1836.0,370,740.0
49,SIAgent5,MALE_OLD_LOW_INCOME,897,1795.0,557,1114.6209587514013
49,SIAgent6,YOUNG_HIGH_INCOME,386,773.0,505,520.0
49,SIAgent3,MALE_YOUNG_LOW_INCOME,918,1836.0,349,698.0
49,SIAgent4,YOUNG_LOW_INCOME,1908,3816.0,902,1804.0
49,SIAgent1,FEMALE_YOUNG,1118,2236.0,510,1020.0
49,SIAgent2,YOUNG_LOW_INCOME,1908,3816.0,817,1634.0
49,SIAgent0,MALE_YOUNG_HIGH_INCOME,258,517.0,258,516.6683937823831
49,WFAgent0,MALE_OLD,1301,2603.0,0,0.0
49,WFAgent10,MALE_OLD,1301,2603.0,0,0.0
49,WFAgent1,FEMALE_YOUNG_LOW_INCOME,990,1980.0,0,0.0
49,WFAgent2,MALE_OLD_HIGH_INCOME,404,808.0,0,0.0
49,WFAgent3,MALE_HIGH_INCOME,662,1325.0,835,0.0
49,WFAgent4,FEMALE_YOUNG_LOW_INCOME,990,1980.0,484,968.0
49,WFAgent5,FEMALE_YOUNG,1118,2236.0,0,0.0
50,WFAgent6,FEMALE_HIGH_INCOME,331,663.0,0,0.0
50,WFAgent7,FEMALE_YOUNG,1118,2236.0,0,0.0
50,WFAgent8,FEMALE_YOUNG_HIGH_INCOME,128,256.0,0,0.0
50,WFAgent9,MALE_OLD,1301,2603.0,910,1820.6994619523782
50,SIAgent7,FEMALE_OLD_HIGH_INCOME,203,407.0,203,406.9561859122226
50,SIAgent8,FEMALE_OLD_HIGH_INCOME,203,407.0,203,406.9999999999988
50,SIAgent5,MALE_YOUNG_HIGH_INCOME,258,517.0,258,516.2193877550983
50,SIAgent6,FEMALE_OLD_LOW_INCOME,1200,2401.0,1149,2270.945833333337
50,SIAgent3,FEMALE_YOUNG_LOW_INCOME,990,1980.0,646,1292.0
50,SIAgent4,FEMALE_HIGH_INCOME,331,663.0,253,486.0
50,SIAgent1,YOUNG_LOW_INCOME,1908,3816.0,1347,1290.0
50,SIAgent2,FEMALE_YOUNG,1118,2236.0,703,1406.0
50,SIAgent0,MALE_OLD,1301,2603.0,1735,1798.6910069177889
50,WFAgent0,MALE_OLD,1301,2603.0,0,0.0
50,WFAgent10,FEMALE_OLD_LOW_INCOME,1200,2401.0,1199,2398.999166666681
50,WFAgent1,MALE_YOUNG,1176,2353.0,1176,2352.031462585032
50,WFAgent2,MALE_YOUNG,1176,2353.0,0,0.0
50,WFAgent3,MALE_YOUNG_HIGH_INCOME,258,517.0,218,84.03571428571428
50,WFAgent4,MALE_LOW_INCOME,1815,3631.0,0,0.0
50,WFAgent5,MALE_YOUNG,1176,2353.0,0,0.0
51,WFAgent6,YOUNG_LOW_INCOME,1908,3816.0,0,0.0
51,WFAgent7,FEMALE_YOUNG_LOW_INCOME,990,1980.0,0,0.0
51,WFAgent8,FEMALE_YOUNG_HIGH_INCOME,128,256.0,0,0.0
51,WFAgent9,OLD_HIGH_INCOME,607,1215.0,607,1214.4665641814167
51,SIAgent7,FEMALE_OLD,1404,2808.0,1208,2416.0
51,SIAgent8,MALE_OLD,1301,2603.0,934,1868.7179093005732
51,SIAgent5,FEMALE_YOUNG,1118,2236.0,1017,1916.0
51,SIAgent6,FEMALE_OLD_HIGH_INCOME,203,407.0,203,406.99047519830833
51,SIAgent3,FEMALE_YOUNG_LOW_INCOME,990,1980.0,990,1980.0
51,SIAgent4,FEMALE_YOUNG_HIGH_INCOME,128,256.0,0,0.0
51,SIAgent1,FEMALE_OLD_HIGH_INCOME,203,407.0,203,406.9999999999988
51,SIAgent2,MALE_OLD,1301,2603.0,948,1896.728670253687
51,SIAgent0,FEMALE_HIGH_INCOME,331,663.0,283,566.0
51,WFAgent0,MALE_YOUNG_LOW_INCOME,918,1836.0,1864,0.0
51,WFAgent10,MALE_OLD_HIGH_INCOME,404,808.0,0,0.0
51,WFAgent1,MALE_HIGH_INCOME,662,1325.0,0,0.0
51,WFAgent2,FEMALE_OLD,1404,2808.0,0,0.0
51,WFAgent3,MALE_YOUNG_HIGH_INCOME,258,517.0,523,0.0
51,WFAgent4,FEMALE_LOW_INCOME,2190,4381.0,1220,2440.0
51,WFAgent5,FEMALE_HIGH_INCOME,331,663.0,0,0.0
52,WFAgent6,MALE_OLD_LOW_INCOME,897,1795.0,587,1174.6544035674528
52,WFAgent7,OLD_HIGH_INCOME,607,1215.0,405,810.6672158154912
52,WFAgent8,MALE_YOUNG_HIGH_INCOME,258,517.0,258,516.9999999999999
52,WFAgent9,FEMALE_HIGH_INCOME,331,663.0,144,288.435045317221
52,SIAgent7,FEMALE_YOUNG,1118,2236.0,0,0.0
52,SIAgent8,YOUNG_HIGH_INCOME,386,773.0,23,46.05958549222795
52,SIAgent5,MALE_LOW_INCOME,1815,3631.0,1804,3608.0
52,SIAgent6,YOUNG_HIGH_INCOME,386,773.0,20,40.05181347150257
52,SIAgent3,FEMALE_HIGH_INCOME,331,663.0,331,662.9074479908601
52,SIAgent4,MALE_OLD_LOW_INCOME,897,1795.0,599,1198.6677814938735
52,SIAgent1,OLD_HIGH_INCOME,607,1215.0,393,786.6474464579948
52,SIAgent2,YOUNG_LOW_INCOME,1908,3816.0,0,0.0
52,SIAgent0,FEMALE_LOW_INCOME,2190,4381.0,4418,4020.0
52,WFAgent0,MALE_YOUNG_HIGH_INCOME,258,517.0,0,0.0
52,WFAgent10,YOUNG_HIGH_INCOME,386,773.0,0,0.0
52,WFAgent1,MALE_YOUNG_HIGH_INCOME,258,517.0,239,478.9186448166444
52,WFAgent2,MALE_OLD_LOW_INCOME,897,1795.0,614,1228.6845039018992
52,WFAgent3,FEMALE_OLD_HIGH_INCOME,203,407.0,165,330.49848942598294
52,WFAgent4,OLD_HIGH_INCOME,607,1215.0,0,0.0
52,WFAgent5,FEMALE_YOUNG_HIGH_INCOME,128,256.0,0,0.0
53,WFAgent6,YOUNG_HIGH_INCOME,386,773.0,0,0.0
53,WFAgent7,MALE_YOUNG_HIGH_INCOME,258,517.0,0,0.0
53,WFAgent8,FEMALE_OLD_HIGH_INCOME,203,407.0,232,374.92118226600877
53,WFAgent9,MALE_OLD,1301,2603.0,0,0.0
53,SIAgent7,MALE_YOUNG_HIGH_INCOME,258,517.0,99,198.3837209302325
53,SIAgent8,FEMALE_YOUNG_HIGH_INCOME,128,256.0,264,0.0
53,SIAgent5,MALE_YOUNG_HIGH_INCOME,258,517.0,86,172.3333333333333
53,SIAgent6,MALE_YOUNG_HIGH_INCOME,258,517.0,99,198.3837209302325
53,SIAgent3,FEMALE_OLD_HIGH_INCOME,203,407.0,203,406.9999999999988
53,SIAgent4,MALE_YOUNG_HIGH_INCOME,258,517.0,105,210.40697674418598
53,SIAgent1,FEMALE_OLD_LOW_INCOME,1200,2401.0,1200,2400.547945205472
53,SIAgent2,OLD_LOW_INCOME,2098,4196.0,914,0.0
53,SIAgent0,MALE_YOUNG_HIGH_INCOME,258,517.0,106,212.41085271317823
53,WFAgent0,OLD_LOW_INCOME,2098,4196.0,0,0.0
53,WFAgent10,FEMALE_LOW_INCOME,2190,4381.0,0,0.0
53,WFAgent1,MALE_YOUNG_HIGH_INCOME,258,517.0,0,0.0
53,WFAgent2,MALE_OLD_LOW_INCOME,897,1795.0,897,1794.0
53,WFAgent3,MALE_OLD,1301,2603.0,0,0.0
53,WFAgent4,FEMALE_LOW_INCOME,2190,4381.0,3137,2368.0
53,WFAgent5,YOUNG_LOW_INCOME,1908,3816.0,1841,0.0
54,WFAgent6,FEMALE_YOUNG_LOW_INCOME,990,1980.0,0,0.0
54,WFAgent7,FEMALE_HIGH_INCOME,331,663.0,0,0.0
54,WFAgent8,MALE_OLD,1301,2603.0,968,1936.7440430438494
54,WFAgent9,YOUNG_LOW_INCOME,1908,3816.0,0,0.0
54,SIAgent7,MALE_YOUNG,1176,2353.0,1176,2352.0
54,SIAgent8,OLD_LOW_INCOME,2098,4196.0,1160,0.0
54,SIAgent5,MALE_YOUNG_LOW_INCOME,918,1836.0,597,0.0
54,SIAgent6,FEMALE_OLD_HIGH_INCOME,203,407.0,122,244.60098522167425
54,SIAgent3,FEMALE_YOUNG_LOW_INCOME,990,1980.0,2008,0.0
54,SIAgent4,MALE_YOUNG_HIGH_INCOME,258,517.0,258,516.6683937823831
54,SIAgent1,YOUNG_HIGH_INCOME,386,773.0,517,126.05357142857142
54,SIAgent2,MALE_OLD,1301,2603.0,1095,1804.6933128363132
54,SIAgent0,FEMALE_OLD_LOW_INCOME,1200,2401.0,1200,2400.0
54,WFAgent0,OLD_HIGH_INCOME,607,1215.0,607,1214.4665641814167
54,WFAgent10,YOUNG_HIGH_INCOME,386,773.0,0,0.0
54,WFAgent1,FEMALE_OLD,1404,2808.0,0,0.0
54,WFAgent2,MALE_HIGH_INCOME,662,1325.0,0,0.0
54,WFAgent3,FEMALE_OLD_HIGH_INCOME,203,407.0,161,322.79310344827496
54,WFAgent4,OLD_HIGH_INCOME,607,1215.0,0,0.0
54,WFAgent5,FEMALE_OLD_HIGH_INCOME,203,407.0,131,262.64532019704365
55,WFAgent6,FEMALE_YOUNG,1118,2236.0,0,0.0
55,WFAgent7,OLD_LOW_INCOME,2098,4196.0,0,0.0
55,WFAgent8,OLD_HIGH_INCOME,607,1215.0,400,800.2252113758686
55,WFAgent9,FEMALE_YOUNG_HIGH_INCOME,128,256.0,125,244.0
55,SIAgent7,MALE_YOUNG_HIGH_INCOME,258,517.0,258,516.6683937823831
55,SIAgent8,MALE_OLD,1301,2603.0,1181,2362.907763259044
55,SIAgent5,FEMALE_LOW_INCOME,2190,4381.0,1732,3464.7908675798976
55,SIAgent6,OLD_LOW_INCOME,2098,4196.0,0,0.0
55,SIAgent3,FEMALE_LOW_INCOME,2190,4381.0,1818,3636.8301369862897
55,SIAgent4,FEMALE_OLD_HIGH_INCOME,203,407.0,203,406.0
55,SIAgent1,FEMALE_OLD,1404,2808.0,96,192.0
55,SIAgent2,FEMALE_YOUNG_HIGH_INCOME,128,256.0,128,256.0
55,SIAgent0,MALE_OLD,1301,2603.0,1156,2312.8885472713464
55,WFAgent0,FEMALE_YOUNG_LOW_INCOME,990,1980.0,0,0.0
55,WFAgent10,MALE_YOUNG,1176,2353.0,1827,0.0
55,WFAgent1,FEMALE_LOW_INCOME,2190,4381.0,0,0.0
55,WFAgent2,MALE_YOUNG_HIGH_INCOME,258,517.0,245,0.0
55,WFAgent3,FEMALE_YOUNG,1118,2236.0,0,0.0
55,WFAgent4,YOUNG_HIGH_INCOME,386,773.0,0,0.0
55,WFAgent5,FEMALE_OLD_LOW_INCOME,1200,2401.0,831,1662.3794520547892
56,WFAgent6,FEMALE_YOUNG_LOW_INCOME,990,1980.0,669,1338.0
56,WFAgent7,FEMALE_YOUNG_LOW_INCOME,990,1980.0,682,1364.0
56,WFAgent8,MALE_LOW_INCOME,1815,3631.0,0,0.0
56,WFAgent9,MALE_OLD,1301,2603.0,0,0.0
56,SIAgent7,MALE_YOUNG_HIGH_INCOME,258,517.0,250,500.96899224806185
56,SIAgent8,YOUNG_HIGH_INCOME,386,773.0,71,142.1839378238341
56,SIAgent5,YOUNG_HIGH_INCOME,386,773.0,68,136.17616580310872
56,SIAgent6,YOUNG_HIGH_INCOME,386,773.0,96,192.2487046632123
56,SIAgent3,MALE_OLD_LOW_INCOME,897,1795.0,897,1794.9999999999854
56,SIAgent4,MALE_LOW_INCOME,1815,3631.0,22,0.0
56,SIAgent1,MALE_OLD_LOW_INCOME,897,1795.0,897,1794.9988722739567
56,SIAgent2,MALE_OLD_HIGH_INCOME,404,808.0,402,804.0
56,SIAgent0,MALE_YOUNG,1176,2353.0,924,1848.7857142857383
56,WFAgent0,FEMALE_YOUNG_LOW_INCOME,990,1980.0,0,0.0
56,WFAgent10,FEMALE_YOUNG_LOW_INCOME,990,1980.0,655,1310.0
56,WFAgent1,MALE_OLD_HIGH_INCOME,404,808.0,360,720.0
56,WFAgent2,MALE_OLD,1301,2603.0,0,0.0
56,WFAgent3,MALE_YOUNG_HIGH_INCOME,258,517.0,253,506.9806201550386
56,WFAgent4,FEMALE_OLD,1404,2808.0,2416,0.0
56,WFAgent5,MALE_YOUNG,1176,2353.0,938,1876.7976190476443
57,WFAgent6,MALE_OLD_LOW_INCOME,897,1795.0,588,1176.6555183946546
57,WFAgent7,YOUNG_LOW_INCOME,1908,3816.0,2053,0.0
57,WFAgent8,FEMALE_HIGH_INCOME,331,663.0,0,0.0
57,WFAgent9,FEMALE_YOUNG_HIGH_INCOME,128,256.0,0,0.0
57,SIAgent7,FEMALE_OLD_HIGH_INCOME,203,407.0,106,212.52216748768421
57,SIAgent8,MALE_OLD_LOW_INCOME,897,1795.0,620,1240.6911928651095
57,SIAgent5,MALE_OLD,1301,2603.0,396,792.3043812452026
57,SIAgent6,FEMALE_OLD_HIGH_INCOME,203,407.0,109,218.53694581280735
57,SIAgent3,FEMALE_OLD_HIGH_INCOME,203,407.0,107,214.5270935960586
57,SIAgent4,MALE_OLD_LOW_INCOME,897,1795.0,603,1206.6722408026803
57,SIAgent1,FEMALE_HIGH_INCOME,331,663.0,249,0.0
57,SIAgent2,FEMALE_OLD,1404,2808.0,1154,2308.0
57,SIAgent0,MALE_YOUNG_LOW_INCOME,918,1836.0,876,1752.0
57,WFAgent0,MALE_OLD_HIGH_INCOME,404,808.0,0,0.0
57,WFAgent10,OLD_HIGH_INCOME,607,1215.0,384,768.2951575711052
57,WFAgent1,MALE_YOUNG,1176,2353.0,935,1870.0
57,WFAgent2,FEMALE_OLD_HIGH_INCOME,203,407.0,102,204.5024630541867
57,WFAgent3,FEMALE_LOW_INCOME,2190,4381.0,1205,2410.0
57,WFAgent4,MALE_YOUNG_LOW_INCOME,918,1836.0,0,0.0
57,WFAgent5,MALE_YOUNG_HIGH_INCOME,258,517.0,513,0.0
58,WFAgent6,FEMALE_OLD,1404,2808.0,0,0.0
58,WFAgent7,MALE_YOUNG_HIGH_INCOME,258,517.0,249,498.37613293051623
58,WFAgent8,FEMALE_OLD_HIGH_INCOME,203,407.0,167,88.07248764415158
58,WFAgent9,FEMALE_YOUNG_HIGH_INCOME,128,256.0,0,0.0
58,SIAgent7,FEMALE_LOW_INCOME,2190,4381.0,3216,4068.0
58,SIAgent8,FEMALE_YOUNG,1118,2236.0,241,0.0
58,SIAgent5,FEMALE_YOUNG_LOW_INCOME,990,1980.0,0,0.0
58,SIAgent6,MALE_YOUNG_LOW_INCOME,918,1836.0,0,0.0
58,SIAgent3,MALE_OLD,1301,2603.0,1123,1736.667179093037
58,SIAgent4,OLD_HIGH_INCOME,607,1215.0,607,1214.5122621428122
58,SIAgent1,FEMALE_OLD_LOW_INCOME,1200,2401.0,1200,2400.547945205472
58,SIAgent2,MALE_YOUNG,1176,2353.0,956,1912.8129251700948
58,SIAgent0,MALE_YOUNG_LOW_INCOME,918,1836.0,0,0.0
58,WFAgent0,MALE_HIGH_INCOME,662,1325.0,0,0.0
58,WFAgent10,MALE_YOUNG_HIGH_INCOME,258,517.0,254,508.38368580060694
58,WFAgent1,MALE_LOW_INCOME,1815,3631.0,0,0.0
58,WFAgent2,FEMALE_OLD_HIGH_INCOME,203,407.0,203,406.3344316309707
58,WFAgent3,MALE_YOUNG,1176,2353.0,905,1810.7695578231517
58,WFAgent4,MALE_OLD_LOW_INCOME,897,1795.0,879,1758.6756341276264
58,WFAgent5,FEMALE_LOW_INCOME,2190,4381.0,0,0.0
59,WFAgent6,FEMALE_OLD,1404,2808.0,0,0.0
59,WFAgent7,FEMALE_OLD_HIGH_INCOME,203,407.0,203,406.0
59,WFAgent8,YOUNG_LOW_INCOME,1908,3816.0,0,0.0
59,WFAgent9,FEMALE_HIGH_INCOME,331,663.0,207,414.15284974093254
59,SIAgent7,FEMALE_YOUNG_HIGH_INCOME,128,256.0,0,0.0
59,SIAgent8,OLD_LOW_INCOME,2098,4196.0,932,944.0
59,SIAgent5,FEMALE_YOUNG,1118,2236.0,686,1372.0
59,SIAgent6,FEMALE_OLD,1404,2808.0,519,1038.0
59,SIAgent3,MALE_OLD,1301,2603.0,1910,2602.0
59,SIAgent4,FEMALE_OLD,1404,2808.0,555,1110.0
59,SIAgent1,FEMALE_OLD,1404,2808.0,526,1052.0
59,SIAgent2,YOUNG_HIGH_INCOME,386,773.0,386,772.4552756335634
59,SIAgent0,FEMALE_YOUNG_LOW_INCOME,990,1980.0,667,1334.0
59,WFAgent0,MALE_YOUNG,1176,2353.0,1034,2068.8792517007114
59,WFAgent10,MALE_YOUNG,1176,2353.0,1023,2046.8698979592161
59,WFAgent1,FEMALE_LOW_INCOME,2190,4381.0,478,956.0
59,WFAgent2,YOUNG_LOW_INCOME,1908,3816.0,0,0.0
59,WFAgent3,FEMALE_YOUNG_HIGH_INCOME,128,256.0,0,0.0
59,WFAgent4,YOUNG_LOW_INCOME,1908,3816.0,629,1258.0
59,WFAgent5,MALE_YOUNG_LOW_INCOME,918,1836.0,0,0.0
60,WFAgent6,FEMALE_LOW_INCOME,2190,4381.0,0,0.0
60,WFAgent7,YOUNG_LOW_INCOME,1908,3816.0,0,0.0
60,WFAgent8,MALE_OLD_LOW_INCOME,897,1795.0,877,1754.977703455951
60,WFAgent9,FEMALE_YOUNG,1118,2236.0,0,0.0
60,SIAgent7,FEMALE_OLD_LOW_INCOME,1200,2401.0,1200,2400.547945205472
60,SIAgent8,YOUNG_LOW_INCOME,1908,3816.0,612,0.0
60,SIAgent5,YOUNG_HIGH_INCOME,386,773.0,289,534.6917098445592
60,SIAgent6,MALE_YOUNG,1176,2353.0,1176,2352.0
60,SIAgent3,FEMALE_OLD_HIGH_INCOME,203,407.0,203,406.61329305136167
60,SIAgent4,MALE_OLD_HIGH_INCOME,404,808.0,839,0.0
60,SIAgent1,MALE_OLD_LOW_INCOME,897,1795.0,869,1738.9687848383373
60,SIAgent2,FEMALE_LOW_INCOME,2190,4381.0,3206,3982.0
60,SIAgent0,FEMALE_HIGH_INCOME,331,663.0,471,548.7098445595851
60,WFAgent0,MALE_LOW_INCOME,1815,3631.0,0,0.0
60,WFAgent10,MALE_YOUNG_HIGH_INCOME,258,517.0,258,516.6683937823831
60,WFAgent1,FEMALE_YOUNG_LOW_INCOME,990,1980.0,0,0.0
60,WFAgent2,MALE_YOUNG,1176,2353.0,0,0.0
60,WFAgent3,FEMALE_OLD,1404,2808.0,0,0.0
60,WFAgent4,MALE_YOUNG_LOW_INCOME,918,1836.0,0,0.0
60,WFAgent5,FEMALE_OLD,1404,2808.0,0,0.0
61,WFAgent6,MALE_OLD,1301,2603.0,877,1754.6740968486101
61,WFAgent7,MALE_HIGH_INCOME,662,1325.0,0,0.0
61,WFAgent8,OLD_LOW_INCOME,2098,4196.0,0,0.0
61,WFAgent9,MALE_YOUNG,1176,2353.0,0,0.0
61,SIAgent7,MALE_OLD,1301,2603.0,918,1836.7056110684432
61,SIAgent8,MALE_HIGH_INCOME,662,1325.0,727,406.15603382013774
61,SIAgent5,FEMALE_LOW_INCOME,2190,4381.0,2190,4380.0
61,SIAgent6,FEMALE_YOUNG,1118,2236.0,356,648.0
61,SIAgent3,OLD_LOW_INCOME,2098,4196.0,1154,0.0
61,SIAgent4,MALE_YOUNG_LOW_INCOME,918,1836.0,1848,0.0
61,SIAgent1,OLD_HIGH_INCOME,607,1215.0,607,1214.9169184289908
61,SIAgent2,FEMALE_HIGH_INCOME,331,663.0,331,662.2356495468299
61,SIAgent0,FEMALE_OLD_HIGH_INCOME,203,407.0,203,406.61329305136167
61,WFAgent0,MALE_YOUNG,1176,2353.0,0,0.0
61,WFAgent10,FEMALE_YOUNG,1118,2236.0,358,716.0
61,WFAgent1,MALE_YOUNG,1176,2353.0,0,0.0
61,WFAgent2,MALE_HIGH_INCOME,662,1325.0,0,0.0
61,WFAgent3,FEMALE_OLD_HIGH_INCOME,203,407.0,114,166.25075528700907
61,WFAgent4,YOUNG_LOW_INCOME,1908,3816.0,317,634.0
61,WFAgent5,MALE_YOUNG,1176,2353.0,0,0.0
62,WFAgent6,MALE_HIGH_INCOME,662,1325.0,0,0.0
62,WFAgent7,MALE_YOUNG_LOW_INCOME,918,1836.0,0,0.0
62,WFAgent8,OLD_LOW_INCOME,2098,4196.0,2462,0.0
62,WFAgent9,MALE_YOUNG_HIGH_INCOME,258,517.0,180,360.46632124352305
62,SIAgent7,MALE_OLD_LOW_INCOME,897,1795.0,604,1208.673355629882
62,SIAgent8,MALE_OLD_LOW_INCOME,897,1795.0,611,1222.681159420294
62,SIAgent5,OLD_HIGH_INCOME,607,1215.0,629,1214.9932932504569
62,SIAgent6,MALE_OLD_LOW_INCOME,897,1795.0,606,1212.6755852842855
62,SIAgent3,MALE_HIGH_INCOME,662,1325.0,13,26.0
62,SIAgent4,YOUNG_HIGH_INCOME,386,773.0,415,356.4611398963728
62,SIAgent1,OLD_HIGH_INCOME,607,1215.0,606,1212.9983525535565
62,SIAgent2,MALE_YOUNG,1176,2353.0,1777,0.0
62,SIAgent0,MALE_OLD_HIGH_INCOME,404,808.0,0,0.0
62,WFAgent0,OLD_HIGH_INCOME,607,1215.0,0,0.0
62,WFAgent10,MALE_OLD,1301,2603.0,0,0.0
62,WFAgent1,OLD_HIGH_INCOME,607,1215.0,0,0.0
62,WFAgent2,OLD_HIGH_INCOME,607,1215.0,0,0.0
62,WFAgent3,MALE_YOUNG_HIGH_INCOME,258,517.0,180,360.46632124352305
62,WFAgent4,MALE_YOUNG,1176,2353.0,0,0.0
62,WFAgent5,MALE_OLD,1301,2603.0,0,0.0
63,WFAgent6,YOUNG_LOW_INCOME,1908,3816.0,0,0.0
63,WFAgent7,FEMALE_OLD_HIGH_INCOME,203,407.0,0,0.0
63,WFAgent8,MALE_YOUNG_LOW_INCOME,918,1836.0,0,0.0
63,WFAgent9,FEMALE_YOUNG_LOW_INCOME,990,1980.0,0,0.0
63,SIAgent7,FEMALE_LOW_INCOME,2190,4381.0,3216,4076.0
63,SIAgent8,MALE_OLD,1301,2603.0,1119,0.0
63,SIAgent5,OLD_HIGH_INCOME,607,1215.0,607,1214.4665641814167
63,SIAgent6,FEMALE_OLD_HIGH_INCOME,203,407.0,199,398.9802955665013
63,SIAgent3,MALE_YOUNG,1176,2353.0,1144,2280.959183673487
63,SIAgent4,MALE_OLD_LOW_INCOME,897,1795.0,897,1794.6894696387726
63,SIAgent1,FEMALE_OLD_LOW_INCOME,1200,2401.0,1200,2400.547945205472
63,SIAgent2,MALE_YOUNG,1176,2353.0,1175,2350.999149659875
63,SIAgent0,YOUNG_LOW_INCOME,1908,3816.0,0,0.0
63,WFAgent0,MALE_OLD,1301,2603.0,0,0.0
63,WFAgent10,MALE_LOW_INCOME,1815,3631.0,0,0.0
63,WFAgent1,FEMALE_OLD_HIGH_INCOME,203,407.0,197,394.97044334975254
63,WFAgent2,YOUNG_LOW_INCOME,1908,3816.0,0,0.0
63,WFAgent3,MALE_LOW_INCOME,1815,3631.0,0,0.0
63,WFAgent4,MALE_YOUNG,1176,2353.0,0,0.0
63,WFAgent5,MALE_YOUNG_LOW_INCOME,918,1836.0,0,0.0
64,WFAgent6,OLD_HIGH_INCOME,607,1215.0,607,1214.0
64,WFAgent7,YOUNG_HIGH_INCOME,386,773.0,131,262.3393782383418
64,WFAgent8,MALE_YOUNG_LOW_INCOME,918,1836.0,0,0.0
64,WFAgent9,MALE_YOUNG_LOW_INCOME,918,1836.0,0,0.0
64,SIAgent7,MALE_YOUNG_HIGH_INCOME,258,517.0,258,516.6683937823831
64,SIAgent8,FEMALE_OLD_HIGH_INCOME,203,407.0,203,406.61329305136167
64,SIAgent5,FEMALE_YOUNG_LOW_INCOME,990,1980.0,2007,0.0
64,SIAgent6,FEMALE_HIGH_INCOME,331,663.0,347,186.2809667673716
64,SIAgent3,MALE_YOUNG,1176,2353.0,658,1316.5595238095252
64,SIAgent4,MALE_OLD_HIGH_INCOME,404,808.0,206,0.0
64,SIAgent1,MALE_YOUNG,1176,2353.0,569,1138.4838435374088
64,SIAgent2,MALE_YOUNG,1176,2353.0,616,1232.5238095238074
64,SIAgent0,FEMALE_OLD_LOW_INCOME,1200,2401.0,1199,2398.999166666681
64,WFAgent0,MALE_OLD_HIGH_INCOME,404,808.0,0,0.0
64,WFAgent10,FEMALE_OLD_HIGH_INCOME,203,407.0,97,194.29305135951662
64,WFAgent1,FEMALE_OLD_LOW_INCOME,1200,2401.0,1182,2364.9850000000115
64,WFAgent2,OLD_LOW_INCOME,2098,4196.0,0,0.0
64,WFAgent3,YOUNG_HIGH_INCOME,386,773.0,121,242.3134715025905
64,WFAgent4,MALE_OLD,1301,2603.0,1799,0.0
64,WFAgent5,FEMALE_YOUNG_LOW_INCOME,990,1980.0,0,0.0
65,WFAgent6,MALE_YOUNG_HIGH_INCOME,258,517.0,258,516.2193877550983
65,WFAgent7,YOUNG_HIGH_INCOME,386,773.0,252,84.03571428571428
65,WFAgent8,MALE_YOUNG,1176,2353.0,1176,2352.658711418486
65,WFAgent9,MALE_YOUNG,1176,2353.0,0,0.0
65,SIAgent7,MALE_OLD_HIGH_INCOME,404,808.0,389,778.0
65,SIAgent8,FEMALE_LOW_INCOME,2190,4381.0,3134,3956.0
65,SIAgent5,MALE_OLD_LOW_INCOME,897,1795.0,897,1794.9999999999854
65,SIAgent6,MALE_LOW_INCOME,1815,3631.0,372,744.2049586776893
65,SIAgent3,FEMALE_HIGH_INCOME,331,663.0,331,662.8996994505603
65,SIAgent4,YOUNG_LOW_INCOME,1908,3816.0,0,0.0
65,SIAgent1,FEMALE_OLD_LOW_INCOME,1200,2401.0,1200,2400.547945205472
65,SIAgent2,FEMALE_OLD_HIGH_INCOME,203,407.0,203,406.61329305136167
65,SIAgent0,MALE_LOW_INCOME,1815,3631.0,355,710.195592286504
65,WFAgent0,MALE_OLD_LOW_INCOME,897,1795.0,897,1794.9746261643397
65,WFAgent10,FEMALE_YOUNG,1118,2236.0,0,0.0
65,WFAgent1,YOUNG_LOW_INCOME,1908,3816.0,0,0.0
65,WFAgent2,FEMALE_OLD,1404,2808.0,0,0.0
65,WFAgent3,MALE_OLD_HIGH_INCOME,404,808.0,404,808.0
65,WFAgent4,OLD_LOW_INCOME,2098,4196.0,0,0.0
65,WFAgent5,FEMALE_HIGH_INCOME,331,663.0,132,226.29607250755288
66,WFAgent6,MALE_YOUNG,1176,2353.0,622,1244.0
66,WFAgent7,FEMALE_YOUNG_HIGH_INCOME,128,256.0,0,0.0
66,WFAgent8,FEMALE_OLD_HIGH_INCOME,203,407.0,203,406.9999999999988
66,WFAgent9,FEMALE_YOUNG,1118,2236.0,0,0.0
66,SIAgent7,MALE_OLD_LOW_INCOME,897,1795.0,876,1752.9765886287494
66,SIAgent8,YOUNG_HIGH_INCOME,386,773.0,386,772.5830815709942
66,SIAgent5,MALE_YOUNG_LOW_INCOME,918,1836.0,585,1170.0
66,SIAgent6,FEMALE_HIGH_INCOME,331,663.0,268,536.484455958549
66,SIAgent3,FEMALE_OLD_HIGH_INCOME,203,407.0,196,392.9217031536019
66,SIAgent4,FEMALE_OLD,1404,2808.0,17,34.0
66,SIAgent1,FEMALE_YOUNG,1118,2236.0,1011,2022.0
66,SIAgent2,MALE_HIGH_INCOME,662,1325.0,972,0.0
66,SIAgent0,OLD_LOW_INCOME,2098,4196.0,11,22.0
66,WFAgent0,MALE_OLD_LOW_INCOME,897,1795.0,896,1792.9988851727837
66,WFAgent10,FEMALE_OLD_LOW_INCOME,1200,2401.0,1200,2400.9883333333455
66,WFAgent1,MALE_OLD,1301,2603.0,0,0.0
66,WFAgent2,FEMALE_OLD_LOW_INCOME,1200,2401.0,1199,2398.999166666681
66,WFAgent3,FEMALE_LOW_INCOME,2190,4381.0,0,0.0
66,WFAgent4,FEMALE_YOUNG,1118,2236.0,925,1850.0
66,WFAgent5,MALE_YOUNG_LOW_INCOME,918,1836.0,633,1266.0
67,WFAgent6,MALE_YOUNG,1176,2353.0,0,0.0
67,WFAgent7,FEMALE_OLD,1404,2808.0,0,0.0
67,WFAgent8,OLD_LOW_INCOME,2098,4196.0,0,0.0
67,WFAgent9,MALE_OLD_LOW_INCOME,897,1795.0,897,1794.974358974346
67,SIAgent7,FEMALE_OLD_HIGH_INCOME,203,407.0,203,406.9999999999988
67,SIAgent8,MALE_OLD_LOW_INCOME,897,1795.0,897,1794.9999999999854
67,SIAgent5,FEMALE_YOUNG_HIGH_INCOME,128,256.0,0,0.0
67,SIAgent6,MALE_YOUNG,1176,2353.0,2372,0.0
67,SIAgent3,FEMALE_LOW_INCOME,2190,4381.0,2539,1110.2534246575308
67,SIAgent4,OLD_LOW_INCOME,2098,4196.0,43,0.0
67,SIAgent1,FEMALE_HIGH_INCOME,331,663.0,285,570.0
67,SIAgent2,FEMALE_OLD_HIGH_INCOME,203,407.0,203,406.96952063458923
67,SIAgent0,FEMALE_OLD_LOW_INCOME,1200,2401.0,1200,2400.547945205472
67,WFAgent0,FEMALE_OLD,1404,2808.0,0,0.0
67,WFAgent10,FEMALE_OLD_LOW_INCOME,1200,2401.0,592,1184.2703196346995
67,WFAgent1,MALE_HIGH_INCOME,662,1325.0,0,0.0
67,WFAgent2,MALE_YOUNG,1176,2353.0,0,0.0
67,WFAgent3,MALE_HIGH_INCOME,662,1325.0,0,0.0
67,WFAgent4,OLD_HIGH_INCOME,607,1215.0,769,0.0
67,WFAgent5,MALE_YOUNG,1176,2353.0,0,0.0
68,WFAgent6,MALE_YOUNG,1176,2353.0,897,1794.7627551020626
68,WFAgent7,FEMALE_HIGH_INCOME,331,663.0,317,634.0880829015543
68,WFAgent8,OLD_HIGH_INCOME,607,1215.0,408,816.616314199392
68,WFAgent9,MALE_OLD_HIGH_INCOME,404,808.0,0,0.0
68,SIAgent7,FEMALE_OLD,1404,2808.0,0,0.0
68,SIAgent8,YOUNG_LOW_INCOME,1908,3816.0,192,384.0
68,SIAgent5,YOUNG_HIGH_INCOME,386,773.0,386,772.6176447568195
68,SIAgent6,MALE_HIGH_INCOME,662,1325.0,600,1200.798726288094
68,SIAgent3,FEMALE_LOW_INCOME,2190,4381.0,2190,4380.366210045657
68,SIAgent4,FEMALE_YOUNG,1118,2236.0,193,386.0
68,SIAgent1,MALE_OLD_HIGH_INCOME,404,808.0,0,0.0
68,SIAgent2,FEMALE_HIGH_INCOME,331,663.0,331,662.6707539841753
68,SIAgent0,OLD_LOW_INCOME,2098,4196.0,1841,0.0
68,WFAgent0,MALE_YOUNG,1176,2353.0,915,1830.778061224513
68,WFAgent10,YOUNG_HIGH_INCOME,386,773.0,0,0.0
68,WFAgent1,FEMALE_LOW_INCOME,2190,4381.0,1730,3460.372146118716
68,WFAgent2,YOUNG_LOW_INCOME,1908,3816.0,0,0.0
68,WFAgent3,FEMALE_YOUNG,1118,2236.0,0,0.0
68,WFAgent4,MALE_YOUNG_LOW_INCOME,918,1836.0,0,0.0
68,WFAgent5,FEMALE_LOW_INCOME,2190,4381.0,0,0.0
69,WFAgent6,YOUNG_HIGH_INCOME,386,773.0,0,0.0
69,WFAgent7,YOUNG_HIGH_INCOME,386,773.0,0,0.0
69,WFAgent8,FEMALE_YOUNG,1118,2236.0,0,0.0
69,WFAgent9,MALE_LOW_INCOME,1815,3631.0,0,0.0
69,SIAgent7,FEMALE_YOUNG,1118,2236.0,241,482.0
69,SIAgent8,FEMALE_OLD_LOW_INCOME,1200,2401.0,1200,2400.547945205472
69,SIAgent5,OLD_HIGH_INCOME,607,1215.0,985,0.0
69,SIAgent6,YOUNG_HIGH_INCOME,386,773.0,146,270.0
69,SIAgent3,OLD_LOW_INCOME,2098,4196.0,1402,0.0
69,SIAgent4,FEMALE_YOUNG_LOW_INCOME,990,1980.0,214,428.0
69,SIAgent1,FEMALE_HIGH_INCOME,331,663.0,331,662.653775896067
69,SIAgent2,FEMALE_LOW_INCOME,2190,4381.0,2190,4380.0
69,SIAgent0,FEMALE_YOUNG_HIGH_INCOME,128,256.0,0,0.0
69,WFAgent0,MALE_YOUNG_HIGH_INCOME,258,517.0,258,516.9665823191548
69,WFAgent10,FEMALE_YOUNG,1118,2236.0,0,0.0
69,WFAgent1,MALE_YOUNG,1176,2353.0,1878,0.0
69,WFAgent2,FEMALE_YOUNG_LOW_INCOME,990,1980.0,0,0.0
69,WFAgent3,FEMALE_YOUNG,1118,2236.0,0,0.0
69,WFAgent4,MALE_YOUNG_HIGH_INCOME,258,517.0,258,516.9999999999999
69,WFAgent5,MALE_OLD_LOW_INCOME,897,1795.0,897,1794.0
70,WFAgent6,FEMALE_OLD_HIGH_INCOME,203,407.0,103,206.31117824773415
70,WFAgent7,FEMALE_OLD,1404,2808.0,0,0.0
70,WFAgent8,MALE_OLD_LOW_INCOME,897,1795.0,586,1172.6532887402511
70,WFAgent9,FEMALE_YOUNG_HIGH_INCOME,128,256.0,0,0.0
70,SIAgent7,FEMALE_LOW_INCOME,2190,4381.0,2190,4380.999999999986
70,SIAgent8,FEMALE_LOW_INCOME,2190,4381.0,2207,4364.984931506836
70,SIAgent5,MALE_YOUNG,1176,2353.0,1176,2352.0
70,SIAgent6,MALE_YOUNG_HIGH_INCOME,258,517.0,248,496.96124031007736
70,SIAgent3,YOUNG_LOW_INCOME,1908,3816.0,627,0.0
70,SIAgent4,FEMALE_HIGH_INCOME,331,663.0,376,190.28700906344412
70,SIAgent1,FEMALE_OLD_HIGH_INCOME,203,407.0,203,406.61329305136167
70,SIAgent2,MALE_OLD_LOW_INCOME,897,1795.0,607,1214.6767001114872
70,SIAgent0,OLD_HIGH_INCOME,607,1215.0,835,0.0
70,WFAgent0,OLD_LOW_INCOME,2098,4196.0,0,0.0
70,WFAgent10,MALE_OLD_LOW_INCOME,897,1795.0,590,1180.657748049058
70,WFAgent1,MALE_YOUNG_HIGH_INCOME,258,517.0,252,504.97674418604635
70,WFAgent2,MALE_HIGH_INCOME,662,1325.0,0,0.0
70,WFAgent3,OLD_HIGH_INCOME,607,1215.0,0,0.0
70,WFAgent4,OLD_HIGH_INCOME,607,1215.0,0,0.0
70,WFAgent5,OLD_HIGH_INCOME,607,1215.0,0,0.0
71,WFAgent6,FEMALE_HIGH_INCOME,331,663.0,280,558.2174629324544
71,WFAgent7,OLD_LOW_INCOME,2098,4196.0,1180,2360.0
71,WFAgent8,MALE_OLD_LOW_INCOME,897,1795.0,895,1754.977703455951
71,WFAgent9,FEMALE_YOUNG_HIGH_INCOME,128,256.0,0,0.0
71,SIAgent7,OLD_HIGH_INCOME,607,1215.0,501,1002.8253706754628
71,SIAgent8,MALE_YOUNG_HIGH_INCOME,258,517.0,550,0.0
71,SIAgent5,MALE_YOUNG_LOW_INCOME,918,1836.0,1874,0.0
71,SIAgent6,MALE_OLD_LOW_INCOME,897,1795.0,897,1794.9999999999854
71,SIAgent3,OLD_HIGH_INCOME,607,1215.0,520,1040.8566721581653
71,SIAgent4,FEMALE_YOUNG,1118,2236.0,1118,2236.0
71,SIAgent1,MALE_OLD_HIGH_INCOME,404,808.0,0,0.0
71,SIAgent2,FEMALE_OLD,1404,2808.0,1181,2362.0
71,SIAgent0,MALE_OLD_HIGH_INCOME,404,808.0,0,0.0
71,WFAgent0,MALE_OLD_LOW_INCOME,897,1795.0,0,0.0
71,WFAgent10,FEMALE_OLD,1404,2808.0,0,0.0
71,WFAgent1,FEMALE_YOUNG,1118,2236.0,1004,1986.0
71,WFAgent2,FEMALE_YOUNG,1118,2236.0,0,0.0
71,WFAgent3,OLD_LOW_INCOME,2098,4196.0,0,0.0
71,WFAgent4,MALE_YOUNG_LOW_INCOME,918,1836.0,0,0.0
71,WFAgent5,FEMALE_YOUNG_HIGH_INCOME,128,256.0,0,0.0
72,WFAgent6,YOUNG_LOW_INCOME,1908,3816.0,0,0.0
72,WFAgent7,OLD_HIGH_INCOME,607,1215.0,576,1152.9398706928855
72,WFAgent8,FEMALE_YOUNG_HIGH_INCOME,128,256.0,0,0.0
72,WFAgent9,FEMALE_YOUNG,1118,2236.0,0,0.0
72,SIAgent7,MALE_OLD_LOW_INCOME,897,1795.0,887,1748.974358974346
72,SIAgent8,FEMALE_YOUNG,1118,2236.0,718,1436.0
72,SIAgent5,FEMALE_OLD,1404,2808.0,1281,0.0
72,SIAgent6,MALE_OLD_HIGH_INCOME,404,808.0,0,0.0
72,SIAgent3,MALE_HIGH_INCOME,662,1325.0,127,254.19184290030302
72,SIAgent4,YOUNG_HIGH_INCOME,386,773.0,386,772.4018126888196
72,SIAgent1,OLD_HIGH_INCOME,607,1215.0,606,1212.9983525535565
72,SIAgent2,FEMALE_YOUNG,1118,2236.0,666,1332.0
72,SIAgent0,FEMALE_OLD_LOW_INCOME,1200,2401.0,1200,2400.0
72,WFAgent0,YOUNG_HIGH_INCOME,386,773.0,182,364.1978851963758
72,WFAgent10,FEMALE_LOW_INCOME,2190,4381.0,632,1264.0
72,WFAgent1,FEMALE_YOUNG_HIGH_INCOME,128,256.0,0,0.0
72,WFAgent2,MALE_HIGH_INCOME,662,1325.0,0,0.0
72,WFAgent3,MALE_YOUNG_LOW_INCOME,918,1836.0,1842,0.0
72,WFAgent4,MALE_OLD_LOW_INCOME,897,1795.0,897,1794.9999999999854
72,WFAgent5,FEMALE_OLD,1404,2808.0,0,0.0
73,WFAgent6,FEMALE_YOUNG_LOW_INCOME,990,1980.0,675,1350.0
73,WFAgent7,FEMALE_YOUNG_LOW_INCOME,990,1980.0,678,1356.0
73,WFAgent8,MALE_HIGH_INCOME,662,1325.0,374,748.2851652574996
73,WFAgent9,FEMALE_OLD,1404,2808.0,0,0.0
73,SIAgent7,MALE_OLD,1301,2603.0,1301,2602.288239815525
73,SIAgent8,MALE_YOUNG,1176,2353.0,1254,2352.0
73,SIAgent5,OLD_LOW_INCOME,2098,4196.0,821,1636.0
73,SIAgent6,YOUNG_LOW_INCOME,1908,3816.0,975,1950.0
73,SIAgent3,MALE_OLD_HIGH_INCOME,404,808.0,0,0.0
73,SIAgent4,MALE_YOUNG_LOW_INCOME,918,1836.0,272,544.0
73,SIAgent1,FEMALE_YOUNG_HIGH_INCOME,128,256.0,256,0.0
73,SIAgent2,MALE_YOUNG_HIGH_INCOME,258,517.0,258,516.2193877550983
73,SIAgent0,FEMALE_OLD,1404,2808.0,1241,1640.0
73,WFAgent0,MALE_LOW_INCOME,1815,3631.0,0,0.0
73,WFAgent10,FEMALE_OLD_LOW_INCOME,1200,2401.0,831,1662.0
73,WFAgent1,MALE_OLD_LOW_INCOME,897,1795.0,897,1794.6894696387726
73,WFAgent2,FEMALE_YOUNG_HIGH_INCOME,128,256.0,0,0.0
73,WFAgent3,MALE_OLD_LOW_INCOME,897,1795.0,0,0.0
73,WFAgent4,OLD_LOW_INCOME,2098,4196.0,0,0.0
73,WFAgent5,MALE_OLD_LOW_INCOME,897,1795.0,0,0.0
74,WFAgent6,MALE_HIGH_INCOME,662,1325.0,418,836.3212913143814
74,WFAgent7,FEMALE_OLD_LOW_INCOME,1200,2401.0,1168,2336.9733333333425
74,WFAgent8,MALE_YOUNG_HIGH_INCOME,258,517.0,506,0.0
74,WFAgent9,FEMALE_LOW_INCOME,2190,4381.0,0,0.0
74,SIAgent7,FEMALE_OLD_LOW_INCOME,1200,2401.0,1197,2394.997500000014
74,SIAgent8,MALE_OLD_HIGH_INCOME,404,808.0,0,0.0
74,SIAgent5,MALE_OLD_LOW_INCOME,897,1795.0,897,1794.6894696387726
74,SIAgent6,FEMALE_LOW_INCOME,2190,4381.0,987,1974.4506849315005
74,SIAgent3,FEMALE_LOW_INCOME,2190,4381.0,1013,2026.462557077619
74,SIAgent4,FEMALE_OLD_HIGH_INCOME,203,407.0,203,406.61329305136167
74,SIAgent1,MALE_OLD,1301,2603.0,855,1710.6571867794314
74,SIAgent2,OLD_LOW_INCOME,2098,4196.0,0,0.0
74,SIAgent0,FEMALE_HIGH_INCOME,331,663.0,331,662.2296072507575
74,WFAgent0,FEMALE_YOUNG_HIGH_INCOME,128,256.0,0,0.0
74,WFAgent10,FEMALE_OLD_LOW_INCOME,1200,2401.0,0,0.0
74,WFAgent1,FEMALE_OLD,1404,2808.0,0,0.0
74,WFAgent2,FEMALE_YOUNG_HIGH_INCOME,128,256.0,0,0.0
74,WFAgent3,YOUNG_LOW_INCOME,1908,3816.0,0,0.0
74,WFAgent4,FEMALE_HIGH_INCOME,331,663.0,135,192.29003021148037
74,WFAgent5,MALE_OLD_LOW_INCOME,897,1795.0,430,860.3305149884789
75,WFAgent6,FEMALE_OLD_LOW_INCOME,1200,2401.0,1200,2400.3716894977115
75,WFAgent7,MALE_YOUNG_HIGH_INCOME,258,517.0,230,460.34743202417155
75,WFAgent8,OLD_HIGH_INCOME,607,1215.0,0,0.0
75,WFAgent9,YOUNG_LOW_INCOME,1908,3816.0,0,0.0
75,SIAgent7,OLD_LOW_INCOME,2098,4196.0,223,446.0
75,SIAgent8,FEMALE_OLD_HIGH_INCOME,203,407.0,203,406.3344316309707
75,SIAgent5,YOUNG_LOW_INCOME,1908,3816.0,1591,1884.0
75,SIAgent6,OLD_HIGH_INCOME,607,1215.0,467,934.7693574958895
75,SIAgent3,MALE_HIGH_INCOME,662,1325.0,240,480.36253776435296
75,SIAgent4,OLD_LOW_INCOME,2098,4196.0,202,404.0
75,SIAgent1,FEMALE_YOUNG_HIGH_INCOME,128,256.0,128,256.0
75,SIAgent2,FEMALE_LOW_INCOME,2190,4381.0,2190,4380.4027397260215
75,SIAgent0,MALE_OLD_LOW_INCOME,897,1795.0,885,1770.9866220735648
75,WFAgent0,MALE_OLD_LOW_INCOME,897,1795.0,885,1770.9866220735648
75,WFAgent10,OLD_HIGH_INCOME,607,1215.0,429,858.7067545304841
75,WFAgent1,YOUNG_LOW_INCOME,1908,3816.0,0,0.0
75,WFAgent2,MALE_LOW_INCOME,1815,3631.0,950,1900.0
75,WFAgent3,FEMALE_HIGH_INCOME,331,663.0,177,354.07742998352506
75,WFAgent4,FEMALE_OLD,1404,2808.0,0,0.0
75,WFAgent5,FEMALE_LOW_INCOME,2190,4381.0,0,0.0
76,WFAgent6,FEMALE_YOUNG_LOW_INCOME,990,1980.0,0,0.0
76,WFAgent7,OLD_LOW_INCOME,2098,4196.0,827,1654.0
76,WFAgent8,FEMALE_OLD_LOW_INCOME,1200,2401.0,820,1640.0
76,WFAgent9,MALE_OLD,1301,2603.0,0,0.0
76,SIAgent7,FEMALE_OLD_HIGH_INCOME,203,407.0,203,406.3344316309707
76,SIAgent8,MALE_OLD_HIGH_INCOME,404,808.0,112,224.0
76,SIAgent5,FEMALE_YOUNG_HIGH_INCOME,128,256.0,94,188.0
76,SIAgent6,FEMALE_YOUNG,1118,2236.0,738,1476.0
76,SIAgent3,MALE_OLD_HIGH_INCOME,404,808.0,113,226.0
76,SIAgent4,MALE_YOUNG_HIGH_INCOME,258,517.0,258,516.2193877550983
76,SIAgent1,OLD_LOW_INCOME,2098,4196.0,1677,1490.0
76,SIAgent2,YOUNG_LOW_INCOME,1908,3816.0,1308,1382.0
76,SIAgent0,MALE_YOUNG,1176,2353.0,1250,2352.0
76,WFAgent0,OLD_HIGH_INCOME,607,1215.0,607,1214.0
76,WFAgent10,YOUNG_LOW_INCOME,1908,3816.0,638,1276.0
76,WFAgent1,FEMALE_YOUNG_HIGH_INCOME,128,256.0,0,0.0
76,WFAgent2,MALE_OLD_LOW_INCOME,897,1795.0,897,1794.0
76,WFAgent3,YOUNG_LOW_INCOME,1908,3816.0,0,0.0
76,WFAgent4,MALE_OLD,1301,2603.0,0,0.0
76,WFAgent5,FEMALE_HIGH_INCOME,331,663.0,292,144.0
77,WFAgent6,YOUNG_LOW_INCOME,1908,3816.0,2278,848.0
77,WFAgent7,MALE_HIGH_INCOME,662,1325.0,0,0.0
77,WFAgent8,FEMALE_OLD,1404,2808.0,1224,2448.0
77,WFAgent9,OLD_HIGH_INCOME,607,1215.0,607,1214.6102719033154
77,SIAgent7,YOUNG_HIGH_INCOME,386,773.0,369,738.9559585492223
77,SIAgent8,FEMALE_YOUNG_HIGH_INCOME,128,256.0,0,0.0
77,SIAgent5,MALE_OLD_LOW_INCOME,897,1795.0,1785,0.0
77,SIAgent6,MALE_OLD_HIGH_INCOME,404,808.0,0,0.0
77,SIAgent3,MALE_HIGH_INCOME,662,1325.0,402,804.5906344410846
77,SIAgent4,FEMALE_YOUNG_LOW_INCOME,990,1980.0,370,740.0
77,SIAgent1,FEMALE_OLD,1404,2808.0,1404,2792.0
77,SIAgent2,MALE_OLD_HIGH_INCOME,404,808.0,0,0.0
77,SIAgent0,YOUNG_HIGH_INCOME,386,773.0,368,736.9533678756471
77,WFAgent0,FEMALE_OLD,1404,2808.0,0,0.0
77,WFAgent10,YOUNG_LOW_INCOME,1908,3816.0,0,0.0
77,WFAgent1,MALE_OLD,1301,2603.0,0,0.0
77,WFAgent2,YOUNG_LOW_INCOME,1908,3816.0,363,726.0
77,WFAgent3,FEMALE_YOUNG,1118,2236.0,434,868.0
77,WFAgent4,FEMALE_YOUNG,1118,2236.0,0,0.0
77,WFAgent5,FEMALE_YOUNG_LOW_INCOME,990,1980.0,396,792.0
78,WFAgent6,OLD_HIGH_INCOME,607,1215.0,0,0.0
78,WFAgent7,FEMALE_YOUNG,1118,2236.0,0,0.0
78,WFAgent8,MALE_OLD_HIGH_INCOME,404,808.0,0,0.0
78,WFAgent9,FEMALE_LOW_INCOME,2190,4381.0,978,1956.0
78,SIAgent7,MALE_OLD_HIGH_INCOME,404,808.0,0,0.0
78,SIAgent8,FEMALE_YOUNG,1118,2236.0,1227,1902.0
78,SIAgent5,FEMALE_OLD,1404,2808.0,1238,0.0
78,SIAgent6,FEMALE_OLD_LOW_INCOME,1200,2401.0,1200,2400.0
78,SIAgent3,MALE_OLD,1301,2603.0,20,0.0
78,SIAgent4,OLD_HIGH_INCOME,607,1215.0,551,1102.9077429983645
78,SIAgent1,MALE_YOUNG,1176,2353.0,2079,430.1828231292492
78,SIAgent2,MALE_OLD_LOW_INCOME,897,1795.0,897,1794.9979228738239
78,SIAgent0,OLD_HIGH_INCOME,607,1215.0,516,1032.8500823723332
78,WFAgent0,MALE_OLD,1301,2603.0,0,0.0
78,WFAgent10,MALE_OLD_LOW_INCOME,897,1795.0,897,1794.9999999999854
78,WFAgent1,FEMALE_YOUNG_LOW_INCOME,990,1980.0,0,0.0
78,WFAgent2,FEMALE_OLD,1404,2808.0,0,0.0
78,WFAgent3,FEMALE_OLD,1404,2808.0,0,0.0
78,WFAgent4,FEMALE_OLD_HIGH_INCOME,203,407.0,139,278.22899505766
78,WFAgent5,MALE_YOUNG_HIGH_INCOME,258,517.0,258,516.2193877550983
79,WFAgent6,FEMALE_YOUNG_HIGH_INCOME,128,256.0,0,0.0
79,WFAgent7,MALE_HIGH_INCOME,662,1325.0,375,192.0737893927746
79,WFAgent8,MALE_OLD,1301,2603.0,0,0.0
79,WFAgent9,MALE_OLD,1301,2603.0,0,0.0
79,SIAgent7,FEMALE_YOUNG_HIGH_INCOME,128,256.0,103,206.0
79,SIAgent8,FEMALE_LOW_INCOME,2190,4381.0,3159,2462.5621004566133
79,SIAgent5,MALE_OLD,1301,2603.0,118,236.09069946195206
79,SIAgent6,MALE_OLD_LOW_INCOME,897,1795.0,897,1794.9999999999854
79,SIAgent3,OLD_LOW_INCOME,2098,4196.0,0,0.0
79,SIAgent4,MALE_YOUNG_LOW_INCOME,918,1836.0,918,1836.0
79,SIAgent1,FEMALE_OLD,1404,2808.0,149,68.0
79,SIAgent2,FEMALE_YOUNG_HIGH_INCOME,128,256.0,107,214.0
79,SIAgent0,MALE_OLD_LOW_INCOME,897,1795.0,894,1788.9893855768148
79,WFAgent0,MALE_YOUNG_HIGH_INCOME,258,517.0,258,516.2193877550983
79,WFAgent10,MALE_OLD_LOW_INCOME,897,1795.0,0,0.0
79,WFAgent1,FEMALE_HIGH_INCOME,331,663.0,331,662.0
79,WFAgent2,FEMALE_OLD,1404,2808.0,0,0.0
79,WFAgent3,MALE_YOUNG,1176,2353.0,929,1726.0
79,WFAgent4,OLD_HIGH_INCOME,607,1215.0,607,1214.4450422751893
79,WFAgent5,FEMALE_OLD_LOW_INCOME,1200,2401.0,1155,2310.5273972602668
80,WFAgent6,FEMALE_OLD_LOW_INCOME,1200,2401.0,2393,0.0
80,WFAgent7,MALE_YOUNG,1176,2353.0,1176,2352.6479338843337
80,WFAgent8,MALE_YOUNG,1176,2353.0,0,0.0
80,WFAgent9,YOUNG_HIGH_INCOME,386,773.0,503,522.3942598187336
80,SIAgent7,MALE_OLD_HIGH_INCOME,404,808.0,0,0.0
80,SIAgent8,MALE_OLD_HIGH_INCOME,404,808.0,0,0.0
80,SIAgent5,MALE_OLD_HIGH_INCOME,404,808.0,0,0.0
80,SIAgent6,YOUNG_LOW_INCOME,1908,3816.0,977,1954.0
80,SIAgent3,MALE_HIGH_INCOME,662,1325.0,215,430.0
80,SIAgent4,OLD_HIGH_INCOME,607,1215.0,918,1214.9169184289908
80,SIAgent1,MALE_OLD_HIGH_INCOME,404,808.0,0,0.0
80,SIAgent2,MALE_LOW_INCOME,1815,3631.0,1551,3102.489807162559
80,SIAgent0,MALE_YOUNG_HIGH_INCOME,258,517.0,258,516.6683937823831
80,WFAgent0,YOUNG_HIGH_INCOME,386,773.0,0,0.0
80,WFAgent10,MALE_LOW_INCOME,1815,3631.0,0,0.0
80,WFAgent1,FEMALE_YOUNG_LOW_INCOME,990,1980.0,970,1940.0
80,WFAgent2,OLD_HIGH_INCOME,607,1215.0,0,0.0
80,WFAgent3,MALE_LOW_INCOME,1815,3631.0,915,1830.5041322314305
80,WFAgent4,MALE_YOUNG,1176,2353.0,0,0.0
80,WFAgent5,FEMALE_OLD,1404,2808.0,0,0.0
81,WFAgent6,YOUNG_LOW_INCOME,1908,3816.0,2004,0.0
81,WFAgent7,FEMALE_OLD_LOW_INCOME,1200,2401.0,1186,2372.959166666673
81,WFAgent8,MALE_YOUNG_LOW_INCOME,918,1836.0,0,0.0
81,WFAgent9,FEMALE_HIGH_INCOME,331,663.0,331,662.943607845596
81,SIAgent7,FEMALE_OLD_LOW_INCOME,1200,2401.0,1199,2398.999166666681
81,SIAgent8,MALE_YOUNG_LOW_INCOME,918,1836.0,35,0.0
81,SIAgent5,YOUNG_HIGH_INCOME,386,773.0,353,530.5169528669619
81,SIAgent6,OLD_LOW_INCOME,2098,4196.0,0,0.0
81,SIAgent3,MALE_OLD,1301,2603.0,1061,1794.6817832436914
81,SIAgent4,MALE_LOW_INCOME,1815,3631.0,1815,3630.0
81,SIAgent1,OLD_LOW_INCOME,2098,4196.0,0,0.0
81,SIAgent2,MALE_YOUNG_HIGH_INCOME,258,517.0,258,516.6683937823831
81,SIAgent0,MALE_HIGH_INCOME,662,1325.0,662,1324.5088393543635
81,WFAgent0,MALE_OLD_LOW_INCOME,897,1795.0,897,1794.6894696387726
81,WFAgent10,FEMALE_HIGH_INCOME,331,663.0,0,0.0
81,WFAgent1,FEMALE_OLD_HIGH_INCOME,203,407.0,199,394.595166163144
81,WFAgent2,FEMALE_HIGH_INCOME,331,663.0,0,0.0
81,WFAgent3,FEMALE_OLD,1404,2808.0,0,0.0
81,WFAgent4,FEMALE_YOUNG_HIGH_INCOME,128,256.0,0,0.0
81,WFAgent5,FEMALE_OLD_LOW_INCOME,1200,2401.0,0,0.0
82,WFAgent6,MALE_OLD_HIGH_INCOME,404,808.0,0,0.0
82,WFAgent7,MALE_OLD_LOW_INCOME,897,1795.0,827,1654.9219620958652
82,WFAgent8,FEMALE_OLD_LOW_INCOME,1200,2401.0,0,0.0
82,WFAgent9,FEMALE_HIGH_INCOME,331,663.0,500,250.0
82,SIAgent7,MALE_OLD_LOW_INCOME,897,1795.0,875,1750.9754738015477
82,SIAgent8,MALE_HIGH_INCOME,662,1325.0,243,486.3670694864074
82,SIAgent5,MALE_YOUNG_HIGH_INCOME,258,517.0,192,384.7441860465115
82,SIAgent6,MALE_HIGH_INCOME,662,1325.0,275,550.4154078549868
82,SIAgent3,MALE_YOUNG_HIGH_INCOME,258,517.0,168,336.6511627906976
82,SIAgent4,MALE_OLD,1301,2603.0,0,0.0
82,SIAgent1,MALE_LOW_INCOME,1815,3631.0,747,0.0
82,SIAgent2,FEMALE_YOUNG,1118,2236.0,2163,280.0
82,SIAgent0,OLD_LOW_INCOME,2098,4196.0,2394,0.0
82,WFAgent0,MALE_YOUNG_HIGH_INCOME,258,517.0,177,354.6860465116278
82,WFAgent10,OLD_HIGH_INCOME,607,1215.0,263,526.3972809667698
82,WFAgent1,FEMALE_OLD_LOW_INCOME,1200,2401.0,0,0.0
82,WFAgent2,MALE_YOUNG_LOW_INCOME,918,1836.0,0,0.0
82,WFAgent3,MALE_YOUNG,1176,2353.0,0,0.0
82,WFAgent4,MALE_YOUNG,1176,2353.0,1176,2352.6479338843337
82,WFAgent5,FEMALE_YOUNG,1118,2236.0,0,0.0
83,WFAgent6,FEMALE_YOUNG_LOW_INCOME,990,1980.0,0,0.0
83,WFAgent7,FEMALE_OLD_LOW_INCOME,1200,2401.0,787,1574.6558333333317
83,WFAgent8,FEMALE_YOUNG_HIGH_INCOME,128,256.0,0,0.0
83,WFAgent9,FEMALE_OLD,1404,2808.0,0,0.0
83,SIAgent7,FEMALE_LOW_INCOME,2190,4381.0,2059,4118.0
83,SIAgent8,OLD_LOW_INCOME,2098,4196.0,32,0.0
83,SIAgent5,MALE_OLD_LOW_INCOME,897,1795.0,897,1794.9999999999854
83,SIAgent6,MALE_OLD_LOW_INCOME,897,1795.0,897,1794.9375696766892
83,SIAgent3,FEMALE_OLD,1404,2808.0,226,452.0
83,SIAgent4,MALE_YOUNG,1176,2353.0,1943,0.0
83,SIAgent1,FEMALE_OLD,1404,2808.0,204,408.0
83,SIAgent2,FEMALE_OLD_LOW_INCOME,1200,2401.0,772,1544.6433333333325
83,SIAgent0,FEMALE_YOUNG_LOW_INCOME,990,1980.0,0,0.0
83,WFAgent0,MALE_YOUNG_LOW_INCOME,918,1836.0,0,0.0
83,WFAgent10,FEMALE_YOUNG_LOW_INCOME,990,1980.0,0,0.0
83,WFAgent1,MALE_HIGH_INCOME,662,1325.0,773,0.0
83,WFAgent2,FEMALE_LOW_INCOME,2190,4381.0,0,0.0
83,WFAgent3,FEMALE_OLD_LOW_INCOME,1200,2401.0,786,1572.6549999999984
83,WFAgent4,YOUNG_HIGH_INCOME,386,773.0,560,772.3282312925096
83,WFAgent5,OLD_LOW_INCOME,2098,4196.0,0,0.0
84,WFAgent6,FEMALE_YOUNG_LOW_INCOME,990,1980.0,0,0.0
84,WFAgent7,FEMALE_OLD,1404,2808.0,0,0.0
84,WFAgent8,MALE_YOUNG_LOW_INCOME,918,1836.0,0,0.0
84,WFAgent9,MALE_OLD,1301,2603.0,0,0.0
84,SIAgent7,FEMALE_YOUNG,1118,2236.0,1019,1990.0
84,SIAgent8,MALE_HIGH_INCOME,662,1325.0,118,236.17824773413975
84,SIAgent5,FEMALE_OLD_LOW_INCOME,1200,2401.0,1199,2398.999166666681
84,SIAgent6,MALE_HIGH_INCOME,662,1325.0,100,200.1510574018132
84,SIAgent3,YOUNG_HIGH_INCOME,386,773.0,386,772.256797583079
84,SIAgent4,MALE_YOUNG_HIGH_INCOME,258,517.0,258,516.6683937823831
84,SIAgent1,OLD_HIGH_INCOME,607,1215.0,939,1214.9169184289908
84,SIAgent2,MALE_LOW_INCOME,1815,3631.0,1815,3630.1724517906464
84,SIAgent0,YOUNG_LOW_INCOME,1908,3816.0,1335,2016.0
84,WFAgent0,MALE_LOW_INCOME,1815,3631.0,0,0.0
84,WFAgent10,FEMALE_YOUNG_LOW_INCOME,990,1980.0,0,0.0
84,WFAgent1,FEMALE_OLD_LOW_INCOME,1200,2401.0,1249,2370.987500000012
84,WFAgent2,MALE_OLD_LOW_INCOME,897,1795.0,582,554.1526170798893
84,WFAgent3,MALE_OLD_LOW_INCOME,897,1795.0,897,1794.4942148760579
84,WFAgent4,MALE_OLD,1301,2603.0,0,0.0
84,WFAgent5,MALE_OLD,1301,2603.0,0,0.0
85,WFAgent6,MALE_OLD_LOW_INCOME,897,1795.0,605,1210.6744704570838
85,WFAgent7,MALE_YOUNG_LOW_INCOME,918,1836.0,0,0.0
85,WFAgent8,YOUNG_LOW_INCOME,1908,3816.0,0,0.0
85,WFAgent9,MALE_YOUNG,1176,2353.0,917,1834.7797619047853
85,SIAgent7,MALE_YOUNG_HIGH_INCOME,258,517.0,190,380.736434108527
85,SIAgent8,MALE_OLD_LOW_INCOME,897,1795.0,538,1076.5997770345687
85,SIAgent5,OLD_HIGH_INCOME,607,1215.0,863,98.08072487644155
85,SIAgent6,MALE_LOW_INCOME,1815,3631.0,0,0.0
85,SIAgent3,MALE_YOUNG,1176,2353.0,904,1808.7687074830155
85,SIAgent4,FEMALE_YOUNG,1118,2236.0,696,1392.0
85,SIAgent1,FEMALE_YOUNG,1118,2236.0,735,1470.0
85,SIAgent2,MALE_OLD_LOW_INCOME,897,1795.0,619,1238.6900780379078
85,SIAgent0,MALE_YOUNG_HIGH_INCOME,258,517.0,155,310.60077519379837
85,WFAgent0,OLD_HIGH_INCOME,607,1215.0,0,0.0
85,WFAgent10,FEMALE_YOUNG_LOW_INCOME,990,1980.0,690,1380.0
85,WFAgent1,FEMALE_HIGH_INCOME,331,663.0,331,662.5453047775965
85,WFAgent2,MALE_YOUNG_HIGH_INCOME,258,517.0,160,320.6201550387596
85,WFAgent3,FEMALE_HIGH_INCOME,331,663.0,115,230.06095551894538
85,WFAgent4,MALE_OLD,1301,2603.0,0,0.0
85,WFAgent5,MALE_OLD_LOW_INCOME,897,1795.0,0,0.0
86,WFAgent6,FEMALE_YOUNG,1118,2236.0,0,0.0
86,WFAgent7,MALE_OLD_HIGH_INCOME,404,808.0,0,0.0
86,WFAgent8,MALE_LOW_INCOME,1815,3631.0,0,0.0
86,WFAgent9,MALE_HIGH_INCOME,662,1325.0,0,0.0
86,SIAgent7,OLD_LOW_INCOME,2098,4196.0,1184,2368.0
86,SIAgent8,MALE_OLD_LOW_INCOME,897,1795.0,879,1758.9397993310927
86,SIAgent5,OLD_HIGH_INCOME,607,1215.0,717,1214.9169184289908
86,SIAgent6,YOUNG_LOW_INCOME,1908,3816.0,1323,1414.0
86,SIAgent3,FEMALE_OLD_HIGH_INCOME,203,407.0,203,406.3344316309707
86,SIAgent4,MALE_YOUNG_HIGH_INCOME,258,517.0,258,516.3897280966794
86,SIAgent1,MALE_HIGH_INCOME,662,1325.0,497,0.0
86,SIAgent2,FEMALE_YOUNG,1118,2236.0,882,1268.0
86,SIAgent0,MALE_OLD_LOW_INCOME,897,1795.0,897,1794.9999999999854
86,WFAgent0,YOUNG_LOW_INCOME,1908,3816.0,669,1338.0
86,WFAgent10,YOUNG_LOW_INCOME,1908,3816.0,0,0.0
86,WFAgent1,MALE_YOUNG,1176,2353.0,1176,2352.0
86,WFAgent2,YOUNG_LOW_INCOME,1908,3816.0,0,0.0
86,WFAgent3,MALE_HIGH_INCOME,662,1325.0,0,0.0
86,WFAgent4,FEMALE_OLD_LOW_INCOME,1200,2401.0,1198,2396.0
86,WFAgent5,FEMALE_YOUNG,1118,2236.0,0,0.0
87,WFAgent6,FEMALE_LOW_INCOME,2190,4381.0,0,0.0
87,WFAgent7,MALE_OLD_LOW_INCOME,897,1795.0,897,1794.6894696387726
87,WFAgent8,FEMALE_OLD,1404,2808.0,0,0.0
87,WFAgent9,FEMALE_LOW_INCOME,2190,4381.0,0,0.0
87,SIAgent7,YOUNG_HIGH_INCOME,386,773.0,195,390.50518134714997
87,SIAgent8,FEMALE_YOUNG_LOW_INCOME,990,1980.0,637,0.0
87,SIAgent5,OLD_LOW_INCOME,2098,4196.0,0,0.0
87,SIAgent6,MALE_OLD,1301,2603.0,1074,1700.0
87,SIAgent3,MALE_YOUNG,1176,2353.0,1904,0.0
87,SIAgent4,YOUNG_HIGH_INCOME,386,773.0,176,352.45595854922254
87,SIAgent1,OLD_HIGH_INCOME,607,1215.0,607,1214.4665641814167
87,SIAgent2,FEMALE_LOW_INCOME,2190,4381.0,2190,4380.377625570771
87,SIAgent0,FEMALE_HIGH_INCOME,331,663.0,331,662.9044346696319
87,WFAgent0,MALE_YOUNG_LOW_INCOME,918,1836.0,0,0.0
87,WFAgent10,MALE_YOUNG_HIGH_INCOME,258,517.0,156,312.40414507772
87,WFAgent1,FEMALE_HIGH_INCOME,331,663.0,177,354.5265641876564
87,WFAgent2,OLD_LOW_INCOME,2098,4196.0,0,0.0
87,WFAgent3,FEMALE_OLD_HIGH_INCOME,203,407.0,152,304.45921450151127
87,WFAgent4,MALE_OLD_LOW_INCOME,897,1795.0,0,0.0
87,WFAgent5,FEMALE_LOW_INCOME,2190,4381.0,1504,3008.3283105022783
88,WFAgent6,MALE_OLD,1301,2603.0,596,1192.0
88,WFAgent7,FEMALE_OLD,1404,2808.0,0,0.0
88,WFAgent8,OLD_LOW_INCOME,2098,4196.0,0,0.0
88,WFAgent9,OLD_HIGH_INCOME,607,1215.0,607,1214.9169184289908
88,SIAgent7,FEMALE_OLD_HIGH_INCOME,203,407.0,203,406.3344316309707
88,SIAgent8,MALE_YOUNG,1176,2353.0,1176,2352.0
88,SIAgent5,MALE_OLD_HIGH_INCOME,404,808.0,0,0.0
88,SIAgent6,YOUNG_LOW_INCOME,1908,3816.0,1606,1984.0
88,SIAgent3,YOUNG_HIGH_INCOME,386,773.0,386,772.9999999999994
88,SIAgent4,OLD_LOW_INCOME,2098,4196.0,1356,2712.0
88,SIAgent1,FEMALE_YOUNG,1118,2236.0,1027,2054.0
88,SIAgent2,OLD_LOW_INCOME,2098,4196.0,1393,2786.0
88,SIAgent0,MALE_HIGH_INCOME,662,1325.0,234,462.0
88,WFAgent0,FEMALE_HIGH_INCOME,331,663.0,384,290.3756476683936
88,WFAgent10,FEMALE_YOUNG_HIGH_INCOME,128,256.0,0,0.0
88,WFAgent1,OLD_HIGH_INCOME,607,1215.0,0,0.0
88,WFAgent2,MALE_YOUNG_HIGH_INCOME,258,517.0,258,516.6683937823831
88,WFAgent3,MALE_HIGH_INCOME,662,1325.0,0,0.0
88,WFAgent4,YOUNG_LOW_INCOME,1908,3816.0,0,0.0
88,WFAgent5,FEMALE_LOW_INCOME,2190,4381.0,774,1548.0
89,WFAgent6,FEMALE_HIGH_INCOME,331,663.0,331,662.2075782537061
89,WFAgent7,MALE_LOW_INCOME,1815,3631.0,0,0.0
89,WFAgent8,MALE_YOUNG_HIGH_INCOME,258,517.0,256,510.66062176165764
89,WFAgent9,MALE_HIGH_INCOME,662,1325.0,0,0.0
89,SIAgent7,FEMALE_YOUNG,1118,2236.0,710,1420.0
89,SIAgent8,MALE_OLD_HIGH_INCOME,404,808.0,281,0.0
89,SIAgent5,FEMALE_OLD,1404,2808.0,843,1686.0
89,SIAgent6,FEMALE_YOUNG,1118,2236.0,747,1494.0
89,SIAgent3,MALE_YOUNG_LOW_INCOME,918,1836.0,346,692.0
89,SIAgent4,YOUNG_LOW_INCOME,1908,3816.0,992,1984.0
89,SIAgent1,FEMALE_OLD,1404,2808.0,834,1668.0
89,SIAgent2,MALE_YOUNG,1176,2353.0,1176,2352.0
89,SIAgent0,OLD_HIGH_INCOME,607,1215.0,607,1214.1943986820452
89,WFAgent0,MALE_OLD,1301,2603.0,0,0.0
89,WFAgent10,OLD_LOW_INCOME,2098,4196.0,2619,1586.0
89,WFAgent1,MALE_YOUNG_HIGH_INCOME,258,517.0,258,516.6683937823831
89,WFAgent2,MALE_LOW_INCOME,1815,3631.0,0,0.0
89,WFAgent3,MALE_LOW_INCOME,1815,3631.0,0,0.0
89,WFAgent4,MALE_OLD,1301,2603.0,0,0.0
89,WFAgent5,YOUNG_HIGH_INCOME,386,773.0,0,0.0
90,WFAgent6,FEMALE_OLD,1404,2808.0,0,0.0
90,WFAgent7,FEMALE_YOUNG_HIGH_INCOME,128,256.0,0,0.0
90,WFAgent8,YOUNG_LOW_INCOME,1908,3816.0,1770,0.0
90,WFAgent9,FEMALE_OLD_LOW_INCOME,1200,2401.0,824,1648.6866666666629
90,SIAgent7,FEMALE_OLD_LOW_INCOME,1200,2401.0,793,1586.6608333333313
90,SIAgent8,OLD_HIGH_INCOME,607,1215.0,421,842.6935749588198
90,SIAgent5,FEMALE_OLD_LOW_INCOME,1200,2401.0,820,1640.6833333333298
90,SIAgent6,MALE_OLD_HIGH_INCOME,404,808.0,0,0.0
90,SIAgent3,FEMALE_YOUNG_HIGH_INCOME,128,256.0,67,134.0
90,SIAgent4,FEMALE_YOUNG_LOW_INCOME,990,1980.0,0,0.0
90,SIAgent1,FEMALE_YOUNG_HIGH_INCOME,128,256.0,69,138.0
90,SIAgent2,OLD_HIGH_INCOME,607,1215.0,452,904.7446457990189
90,SIAgent0,FEMALE_LOW_INCOME,2190,4381.0,2001,4002.0
90,WFAgent0,OLD_HIGH_INCOME,607,1215.0,390,780.6425041186206
90,WFAgent10,FEMALE_YOUNG_HIGH_INCOME,128,256.0,53,106.0
90,WFAgent1,FEMALE_LOW_INCOME,2190,4381.0,0,0.0
90,WFAgent2,MALE_YOUNG_HIGH_INCOME,258,517.0,527,0.0
90,WFAgent3,FEMALE_YOUNG_HIGH_INCOME,128,256.0,0,0.0
90,WFAgent4,MALE_OLD_HIGH_INCOME,404,808.0,0,0.0
90,WFAgent5,YOUNG_HIGH_INCOME,386,773.0,64,128.0
91,WFAgent6,FEMALE_OLD_LOW_INCOME,1200,2401.0,1200,2400.0
91,WFAgent7,MALE_OLD_HIGH_INCOME,404,808.0,0,0.0
91,WFAgent8,MALE_OLD_LOW_INCOME,897,1795.0,615,1230.33884297522
91,WFAgent9,FEMALE_HIGH_INCOME,331,663.0,171,342.4380664652574
91,SIAgent7,OLD_HIGH_INCOME,607,1215.0,414,828.6820428336135
91,SIAgent8,FEMALE_HIGH_INCOME,331,663.0,331,662.9065870419377
91,SIAgent5,OLD_HIGH_INCOME,607,1215.0,373,746.614497528834
91,SIAgent6,FEMALE_YOUNG_HIGH_INCOME,128,256.0,0,0.0
91,SIAgent3,YOUNG_HIGH_INCOME,386,773.0,386,772.5830815709942
91,SIAgent4,MALE_LOW_INCOME,1815,3631.0,1491,2982.821487603355
91,SIAgent1,OLD_LOW_INCOME,2098,4196.0,1183,0.0
91,SIAgent2,MALE_YOUNG_LOW_INCOME,918,1836.0,0,0.0
91,SIAgent0,MALE_HIGH_INCOME,662,1325.0,101,0.0
91,WFAgent0,MALE_YOUNG_LOW_INCOME,918,1836.0,0,0.0
91,WFAgent10,FEMALE_LOW_INCOME,2190,4381.0,1976,0.0
91,WFAgent1,MALE_LOW_INCOME,1815,3631.0,0,0.0
91,WFAgent2,MALE_OLD_LOW_INCOME,897,1795.0,628,1256.3460055096557
91,WFAgent3,MALE_YOUNG,1176,2353.0,972,1944.5355371901105
91,WFAgent4,FEMALE_OLD_HIGH_INCOME,203,407.0,159,318.48036253776525
91,WFAgent5,MALE_YOUNG_LOW_INCOME,918,1836.0,0,0.0
92,WFAgent6,OLD_HIGH_INCOME,607,1215.0,0,0.0
92,WFAgent7,FEMALE_OLD_LOW_INCOME,1200,2401.0,1200,2400.3954337899486
92,WFAgent8,MALE_LOW_INCOME,1815,3631.0,1345,2690.741046831999
92,WFAgent9,FEMALE_YOUNG_LOW_INCOME,990,1980.0,0,0.0
92,SIAgent7,FEMALE_HIGH_INCOME,331,663.0,561,662.4695222405268
92,SIAgent8,OLD_LOW_INCOME,2098,4196.0,196,392.0
92,SIAgent5,MALE_OLD_HIGH_INCOME,404,808.0,0,0.0
92,SIAgent6,MALE_YOUNG_LOW_INCOME,918,1836.0,0,0.0
92,SIAgent3,OLD_HIGH_INCOME,607,1215.0,607,1214.9169184289908
92,SIAgent4,FEMALE_LOW_INCOME,2190,4381.0,2190,4380.384474885839
92,SIAgent1,MALE_HIGH_INCOME,662,1325.0,705,344.0
92,SIAgent2,FEMALE_OLD,1404,2808.0,229,392.0
92,SIAgent0,YOUNG_LOW_INCOME,1908,3816.0,591,0.0
92,WFAgent0,MALE_LOW_INCOME,1815,3631.0,1460,2920.8044077135464
92,WFAgent10,YOUNG_LOW_INCOME,1908,3816.0,0,0.0
92,WFAgent1,MALE_OLD_LOW_INCOME,897,1795.0,897,1794.4942148760579
92,WFAgent2,MALE_OLD_HIGH_INCOME,404,808.0,0,0.0
92,WFAgent3,MALE_OLD,1301,2603.0,0,0.0
92,WFAgent4,FEMALE_YOUNG_HIGH_INCOME,128,256.0,0,0.0
92,WFAgent5,MALE_OLD,1301,2603.0,0,0.0
93,WFAgent6,YOUNG_HIGH_INCOME,386,773.0,156,312.2356495468291
93,WFAgent7,FEMALE_YOUNG_LOW_INCOME,990,1980.0,0,0.0
93,WFAgent8,OLD_LOW_INCOME,2098,4196.0,0,0.0
93,WFAgent9,MALE_YOUNG_HIGH_INCOME,258,517.0,258,516.3897280966794
93,SIAgent7,YOUNG_LOW_INCOME,1908,3816.0,1002,2004.0
93,SIAgent8,FEMALE_OLD_LOW_INCOME,1200,2401.0,1200,2400.0
93,SIAgent5,MALE_LOW_INCOME,1815,3631.0,443,886.2440771349925
93,SIAgent6,YOUNG_LOW_INCOME,1908,3816.0,1051,2102.0
93,SIAgent3,MALE_HIGH_INCOME,662,1325.0,929,282.212990936557
93,SIAgent4,FEMALE_HIGH_INCOME,331,663.0,615,0.0
93,SIAgent1,MALE_YOUNG,1176,2353.0,925,1850.7865646258745
93,SIAgent2,MALE_YOUNG,1176,2353.0,939,1878.7984693877804
93,SIAgent0,MALE_LOW_INCOME,1815,3631.0,449,898.2473829201167
93,WFAgent0,FEMALE_OLD_LOW_INCOME,1200,2401.0,1136,0.0
93,WFAgent10,MALE_OLD_LOW_INCOME,897,1795.0,897,1794.4942148760579
93,WFAgent1,FEMALE_OLD,1404,2808.0,0,0.0
93,WFAgent2,MALE_OLD_HIGH_INCOME,404,808.0,0,0.0
93,WFAgent3,MALE_YOUNG_LOW_INCOME,918,1836.0,0,0.0
93,WFAgent4,MALE_OLD,1301,2603.0,0,0.0
93,WFAgent5,MALE_YOUNG_LOW_INCOME,918,1836.0,0,0.0
94,WFAgent6,OLD_HIGH_INCOME,607,1215.0,433,866.7133443163162
94,WFAgent7,FEMALE_HIGH_INCOME,331,663.0,0,0.0
94,WFAgent8,MALE_YOUNG,1176,2353.0,1176,2352.319559228662
94,WFAgent9,MALE_OLD_HIGH_INCOME,404,808.0,0,0.0
94,SIAgent7,MALE_HIGH_INCOME,662,1325.0,154,308.2326283987928
94,SIAgent8,MALE_LOW_INCOME,1815,3631.0,1815,3630.3438016529144
94,SIAgent5,OLD_LOW_INCOME,2098,4196.0,2982,0.0
94,SIAgent6,MALE_YOUNG_HIGH_INCOME,258,517.0,258,516.3897280966794
94,SIAgent3,MALE_OLD_HIGH_INCOME,404,808.0,0,0.0
94,SIAgent4,FEMALE_HIGH_INCOME,331,663.0,331,662.3534743202438
94,SIAgent1,MALE_YOUNG_LOW_INCOME,918,1836.0,10,0.0
94,SIAgent2,MALE_HIGH_INCOME,662,1325.0,137,274.2069486404844
94,SIAgent0,FEMALE_YOUNG,1118,2236.0,1941,68.0
94,WFAgent0,FEMALE_HIGH_INCOME,331,663.0,195,390.4894259818742
94,WFAgent10,FEMALE_OLD_HIGH_INCOME,203,407.0,159,318.48036253776525
94,WFAgent1,MALE_YOUNG_LOW_INCOME,918,1836.0,0,0.0
94,WFAgent2,FEMALE_HIGH_INCOME,331,663.0,0,0.0
94,WFAgent3,FEMALE_YOUNG,1118,2236.0,0,0.0
94,WFAgent4,OLD_HIGH_INCOME,607,1215.0,409,818.6738056013234
94,WFAgent5,FEMALE_YOUNG_LOW_INCOME,990,1980.0,0,0.0
95,WFAgent6,MALE_YOUNG_LOW_INCOME,918,1836.0,0,0.0
95,WFAgent7,YOUNG_LOW_INCOME,1908,3816.0,0,0.0
95,WFAgent8,MALE_OLD_HIGH_INCOME,404,808.0,0,0.0
95,WFAgent9,FEMALE_OLD_HIGH_INCOME,203,407.0,159,318.7832512315262
95,SIAgent7,MALE_OLD_HIGH_INCOME,404,808.0,68,136.0
95,SIAgent8,FEMALE_OLD_HIGH_INCOME,203,407.0,134,268.6600985221668
95,SIAgent5,MALE_OLD_HIGH_INCOME,404,808.0,52,104.0
95,SIAgent6,FEMALE_LOW_INCOME,2190,4381.0,2190,4380.378082191775
95,SIAgent3,FEMALE_OLD_HIGH_INCOME,203,407.0,126,252.62068965517176
95,SIAgent4,FEMALE_YOUNG_LOW_INCOME,990,1980.0,613,0.0
95,SIAgent1,YOUNG_HIGH_INCOME,386,773.0,516,522.6761658031085
95,SIAgent2,MALE_YOUNG,1176,2353.0,1894,0.0
95,SIAgent0,MALE_HIGH_INCOME,662,1325.0,662,1324.0
95,WFAgent0,FEMALE_OLD,1404,2808.0,0,0.0
95,WFAgent10,FEMALE_OLD,1404,2808.0,0,0.0
95,WFAgent1,FEMALE_LOW_INCOME,2190,4381.0,0,0.0
95,WFAgent2,MALE_OLD,1301,2603.0,1776,0.0
95,WFAgent3,FEMALE_OLD_LOW_INCOME,1200,2401.0,1562,1586.362100456616
95,WFAgent4,FEMALE_YOUNG_HIGH_INCOME,128,256.0,0,0.0
95,WFAgent5,MALE_YOUNG_HIGH_INCOME,258,517.0,248,496.64248704663174
96,WFAgent6,FEMALE_YOUNG_HIGH_INCOME,128,256.0,0,0.0
96,WFAgent7,FEMALE_OLD,1404,2808.0,0,0.0
96,WFAgent8,FEMALE_OLD_HIGH_INCOME,203,407.0,203,406.9803280285004
96,WFAgent9,FEMALE_OLD_LOW_INCOME,1200,2401.0,1200,2400.0
96,SIAgent7,YOUNG_HIGH_INCOME,386,773.0,386,772.2083333333285
96,SIAgent8,MALE_YOUNG,1176,2353.0,2037,0.0
96,SIAgent5,OLD_HIGH_INCOME,607,1215.0,296,592.4876441515652
96,SIAgent6,FEMALE_YOUNG,1118,2236.0,1973,114.0
96,SIAgent3,FEMALE_OLD_LOW_INCOME,1200,2401.0,1200,2400.547945205472
96,SIAgent4,OLD_HIGH_INCOME,607,1215.0,276,552.4546952224044
96,SIAgent1,FEMALE_YOUNG_HIGH_INCOME,128,256.0,52,104.0
96,SIAgent2,OLD_LOW_INCOME,2098,4196.0,1913,0.0
96,SIAgent0,FEMALE_OLD_HIGH_INCOME,203,407.0,203,406.9999999999988
96,WFAgent0,MALE_OLD_HIGH_INCOME,404,808.0,0,0.0
96,WFAgent10,MALE_LOW_INCOME,1815,3631.0,0,0.0
96,WFAgent1,FEMALE_LOW_INCOME,2190,4381.0,0,0.0
96,WFAgent2,FEMALE_OLD,1404,2808.0,0,0.0
96,WFAgent3,OLD_HIGH_INCOME,607,1215.0,261,522.4299835255339
96,WFAgent4,MALE_OLD_HIGH_INCOME,404,808.0,0,0.0
96,WFAgent5,FEMALE_LOW_INCOME,2190,4381.0,0,0.0
97,WFAgent6,YOUNG_HIGH_INCOME,386,773.0,0,0.0
97,WFAgent7,MALE_OLD_LOW_INCOME,897,1795.0,897,1794.6894696387726
97,WFAgent8,MALE_YOUNG_HIGH_INCOME,258,517.0,258,516.6683937823831
97,WFAgent9,MALE_YOUNG_HIGH_INCOME,258,517.0,247,494.210034013602
97,SIAgent7,MALE_LOW_INCOME,1815,3631.0,0,0.0
97,SIAgent8,FEMALE_LOW_INCOME,2190,4381.0,3256,0.0
97,SIAgent5,MALE_YOUNG,1176,2353.0,952,1904.8095238095502
97,SIAgent6,MALE_OLD_HIGH_INCOME,404,808.0,0,0.0
97,SIAgent3,FEMALE_OLD_LOW_INCOME,1200,2401.0,1200,2400.547945205472
97,SIAgent4,MALE_OLD,1301,2603.0,1062,2124.663369351431
97,SIAgent1,OLD_HIGH_INCOME,607,1215.0,607,1214.4665641814167
97,SIAgent2,FEMALE_OLD_HIGH_INCOME,203,407.0,189,378.9310344827575
97,SIAgent0,FEMALE_YOUNG_HIGH_INCOME,128,256.0,261,0.0
97,WFAgent0,FEMALE_OLD_HIGH_INCOME,203,407.0,196,392.96551724137817
97,WFAgent10,MALE_YOUNG_LOW_INCOME,918,1836.0,0,0.0
97,WFAgent1,YOUNG_LOW_INCOME,1908,3816.0,0,0.0
97,WFAgent2,MALE_YOUNG,1176,2353.0,875,1750.7440476190675
97,WFAgent3,FEMALE_OLD,1404,2808.0,0,0.0
97,WFAgent4,MALE_LOW_INCOME,1815,3631.0,0,0.0
97,WFAgent5,YOUNG_HIGH_INCOME,386,773.0,0,0.0
98,WFAgent6,MALE_YOUNG_LOW_INCOME,918,1836.0,0,0.0
98,WFAgent7,FEMALE_YOUNG,1118,2236.0,0,0.0
98,WFAgent8,FEMALE_OLD_LOW_INCOME,1200,2401.0,0,0.0
98,WFAgent9,FEMALE_YOUNG_HIGH_INCOME,128,256.0,0,0.0
98,SIAgent7,FEMALE_YOUNG_HIGH_INCOME,128,256.0,175,132.0
98,SIAgent8,FEMALE_OLD_LOW_INCOME,1200,2401.0,1199,2398.999166666681
98,SIAgent5,FEMALE_OLD_LOW_INCOME,1200,2401.0,1200,2400.9616666666734
98,SIAgent6,MALE_YOUNG_LOW_INCOME,918,1836.0,877,1754.0
98,SIAgent3,FEMALE_OLD,1404,2808.0,63,126.0
98,SIAgent4,FEMALE_OLD,1404,2808.0,47,94.0
98,SIAgent1,FEMALE_OLD,1404,2808.0,48,96.0
98,SIAgent2,YOUNG_LOW_INCOME,1908,3816.0,1889,3748.0
98,SIAgent0,MALE_HIGH_INCOME,662,1325.0,919,790.5966767371569
98,WFAgent0,OLD_HIGH_INCOME,607,1215.0,471,942.6555891238622
98,WFAgent10,FEMALE_HIGH_INCOME,331,663.0,331,662.0
98,WFAgent1,FEMALE_YOUNG_HIGH_INCOME,128,256.0,0,0.0
98,WFAgent2,FEMALE_YOUNG_LOW_INCOME,990,1980.0,990,1980.0
98,WFAgent3,FEMALE_OLD,1404,2808.0,0,0.0
98,WFAgent4,FEMALE_YOUNG_LOW_INCOME,990,1980.0,0,0.0
98,WFAgent5,FEMALE_YOUNG_HIGH_INCOME,128,256.0,0,0.0
99,WFAgent6,MALE_OLD_LOW_INCOME,897,1795.0,354,708.2720983858615
99,WFAgent7,OLD_LOW_INCOME,2098,4196.0,0,0.0
99,WFAgent8,FEMALE_OLD_HIGH_INCOME,203,407.0,108,216.0
99,WFAgent9,FEMALE_OLD_LOW_INCOME,1200,2401.0,1200,2400.99416666668
99,SIAgent7,MALE_OLD,1301,2603.0,564,1128.4335126825674
99,SIAgent8,MALE_OLD,1301,2603.0,539,1078.4142966948643
99,SIAgent5,FEMALE_YOUNG_LOW_INCOME,990,1980.0,1996,0.0
99,SIAgent6,FEMALE_YOUNG_HIGH_INCOME,128,256.0,128,256.0
99,SIAgent3,FEMALE_OLD,1404,2808.0,158,168.0
99,SIAgent4,MALE_LOW_INCOME,1815,3631.0,930,1860.512396694241
99,SIAgent1,MALE_OLD,1301,2603.0,566,1132.4350499615837
99,SIAgent2,MALE_OLD,1301,2603.0,499,998.3835511145394
99,SIAgent0,FEMALE_OLD_LOW_INCOME,1200,2401.0,1199,2398.999166666681
99,WFAgent0,FEMALE_OLD_HIGH_INCOME,203,407.0,203,406.0
99,WFAgent10,MALE_LOW_INCOME,1815,3631.0,0,0.0
99,WFAgent1,MALE_YOUNG,1176,2353.0,889,1778.489807162559
99,WFAgent2,FEMALE_LOW_INCOME,2190,4381.0,0,0.0
99,WFAgent3,YOUNG_HIGH_INCOME,386,773.0,667,212.0
99,WFAgent4,FEMALE_LOW_INCOME,2190,4381.0,0,0.0
99,WFAgent5,FEMALE_YOUNG_HIGH_INCOME,128,256.0,0,0.0

