0,WEAgent1,MALE_OLD_LOW_INCOME,57,55.381731629818674,380,34.20000000000004
0,WEAgent0,MALE_HIGH_INCOME,42,43.4651259044007,285,25.649999999999967
0,WFAgent0,YOUNG_LOW_INCOME,120,110.09723468302786,369,33.21
0,WFAgent1,YOUNG_LOW_INCOME,120,121.79395862328,406,36.54000000000013
0,WFAgent2,MALE_YOUNG,74,75.06619229260762,0,0.0
0,WFAgent3,FEMALE_OLD,88,85.25859956467066,442,39.78000000000025
0,WFAgent4,MALE_OLD_HIGH_INCOME,26,25.072268986160495,0,0.0
0,WFAgent5,FEMALE_YOUNG_LOW_INCOME,62,53.3345668187771,0,0.0
1,WEAgent1,FEMALE_YOUNG,70,65.44808389428042,403,36.27000000000012
1,WEAgent0,MALE_HIGH_INCOME,42,36.90389204431834,64,5.759999999999995
1,WFAgent0,FEMALE_LOW_INCOME,138,161.8674178062417,504,45.36000000000046
1,WFAgent1,YOUNG_HIGH_INCOME,25,25.176525550573494,28,24.4847037045036
1,WFAgent2,FEMALE_OLD_LOW_INCOME,76,66.4584814836526,0,0.0
1,WFAgent3,MALE_YOUNG_HIGH_INCOME,17,16.128675561787773,18,15.740166667180885
1,WFAgent4,MALE_YOUNG_HIGH_INCOME,17,16.79022222049139,19,16.694617829572582
1,WFAgent5,FEMALE_HIGH_INCOME,21,24.338414040076216,78,7.019999999999993
2,WEAgent1,OLD_HIGH_INCOME,38,46.910377149057766,94,8.459999999999992
2,WEAgent0,MALE_YOUNG,74,74.54169266246743,45,4.049999999999998
2,WFAgent0,MALE_HIGH_INCOME,42,49.50803883708688,54,48.71381441893167
2,WFAgent1,MALE_LOW_INCOME,114,109.78608480354872,357,32.12999999999996
2,WFAgent2,MALE_YOUNG_HIGH_INCOME,17,12.929826163799312,0,0.0
2,WFAgent3,MALE_YOUNG_LOW_INCOME,58,52.322245116630256,352,31.679999999999957
2,WFAgent4,MALE_HIGH_INCOME,42,47.03232999953747,157,14.129999999999983
2,WFAgent5,FEMALE_OLD_LOW_INCOME,76,77.79573026779399,501,45.09000000000045
3,WEAgent1,FEMALE_OLD,88,96.05034274383742,117,95.4184938919848
3,WEAgent0,MALE_OLD_HIGH_INCOME,26,22.731880444266352,147,13.229999999999984
3,WFAgent0,FEMALE_YOUNG,70,76.80789109154078,419,37.71000000000017
3,WFAgent1,FEMALE_OLD_LOW_INCOME,76,81.59038155915465,78,80.90193288878083
3,WFAgent2,OLD_LOW_INCOME,132,114.09307330103641,0,0.0
3,WFAgent3,FEMALE_YOUNG_HIGH_INCOME,9,7.630691547963281,51,4.589999999999997
3,WFAgent4,FEMALE_OLD,88,91.27397556682978,302,27.179999999999964
3,WFAgent5,FEMALE_OLD_HIGH_INCOME,13,13.31068663032167,0,0.0
4,WEAgent1,FEMALE_OLD,88,76.65269515061323,94,76.40969211500321
4,WEAgent0,MALE_YOUNG_LOW_INCOME,58,49.32258273444837,359,32.30999999999997
4,WFAgent0,OLD_LOW_INCOME,132,123.9969919897551,385,34.650000000000055
4,WFAgent1,YOUNG_HIGH_INCOME,25,28.641864130501254,45,4.049999999999998
4,WFAgent2,FEMALE_YOUNG,70,59.27303855915709,0,0.0
4,WFAgent3,FEMALE_OLD_LOW_INCOME,76,80.59429996101903,404,36.36000000000012
4,WFAgent4,FEMALE_YOUNG_LOW_INCOME,62,61.797859858653226,392,35.28000000000008
4,WFAgent5,MALE_YOUNG_HIGH_INCOME,17,18.19956665387621,97,8.729999999999992
5,WEAgent1,FEMALE_YOUNG,70,56.24909204373974,70,56.24909204373964
5,WEAgent0,FEMALE_YOUNG,70,67.11588507126388,103,67.06823507918449
5,WFAgent0,MALE_LOW_INCOME,114,105.47683464485566,224,20.159999999999975
5,WFAgent1,MALE_LOW_INCOME,114,108.985559662318,118,108.63583991657134
5,WFAgent2,FEMALE_YOUNG_HIGH_INCOME,9,10.180703811958878,12,9.642701493212527
5,WFAgent3,MALE_LOW_INCOME,114,104.95326907194172,367,33.029999999999994
5,WFAgent4,MALE_OLD,82,67.4209360507329,163,14.669999999999982
5,WFAgent5,FEMALE_YOUNG_LOW_INCOME,62,58.63467745162333,223,58.6021567194569
6,WEAgent1,MALE_HIGH_INCOME,42,39.36053857960336,102,9.17999999999999
6,WEAgent0,FEMALE_HIGH_INCOME,21,20.561011702866764,37,3.3299999999999987
6,WFAgent0,FEMALE_YOUNG_LOW_INCOME,62,70.0699101427236,414,37.260000000000154
6,WFAgent1,OLD_LOW_INCOME,132,125.07087395534911,0,0.0
6,WFAgent2,FEMALE_HIGH_INCOME,21,19.46838066552566,0,0.0
6,WFAgent3,FEMALE_OLD_LOW_INCOME,76,78.13195054357001,472,42.48000000000035
6,WFAgent4,FEMALE_LOW_INCOME,138,136.29183352898283,0,0.0
6,WFAgent5,MALE_LOW_INCOME,114,112.90885050614831,337,30.32999999999996
7,WEAgent1,MALE_HIGH_INCOME,42,34.46255276998895,73,6.569999999999994
7,WEAgent0,MALE_YOUNG_HIGH_INCOME,17,15.35300880230154,0,0.0
7,WFAgent0,FEMALE_OLD,88,85.23143840140074,464,41.760000000000325
7,WFAgent1,MALE_HIGH_INCOME,42,44.15621936643093,178,16.019999999999982
7,WFAgent2,FEMALE_OLD_HIGH_INCOME,13,13.540756311270904,101,9.089999999999991
7,WFAgent3,MALE_YOUNG_HIGH_INCOME,17,17.838529218292205,21,17.231276384994484
7,WFAgent4,FEMALE_OLD,88,74.11657341883544,0,0.0
7,WFAgent5,MALE_LOW_INCOME,114,115.20365690763361,376,33.840000000000025
8,WEAgent1,FEMALE_LOW_INCOME,138,161.68319938125458,418,37.62000000000017
8,WEAgent0,OLD_LOW_INCOME,132,124.90708074673253,289,100.50512140125615
8,WFAgent0,MALE_OLD_LOW_INCOME,57,65.45002099909689,69,65.29233766306477
8,WFAgent1,MALE_HIGH_INCOME,42,37.93335262113778,0,0.0
8,WFAgent2,FEMALE_HIGH_INCOME,21,20.5414347556444,52,4.679999999999997
8,WFAgent3,YOUNG_HIGH_INCOME,25,26.90884232353635,75,6.749999999999994
8,WFAgent4,YOUNG_HIGH_INCOME,25,28.012634926820574,31,27.998426934649313
8,WFAgent5,FEMALE_OLD_HIGH_INCOME,13,11.903183779905333,81,7.289999999999993
9,WEAgent1,MALE_OLD_HIGH_INCOME,26,25.74920371861368,25,24.758849729436243
9,WEAgent0,FEMALE_OLD_LOW_INCOME,76,76.13850269893518,467,42.030000000000335
9,WFAgent0,MALE_HIGH_INCOME,42,48.05617290140871,47,47.23982197038221
9,WFAgent1,MALE_YOUNG_LOW_INCOME,58,61.06220031572584,350,31.499999999999957
9,WFAgent2,MALE_OLD_LOW_INCOME,57,43.96034715413795,369,33.21
9,WFAgent3,MALE_HIGH_INCOME,42,42.909853032473976,55,4.949999999999997
9,WFAgent4,FEMALE_HIGH_INCOME,21,18.90726659733278,55,4.949999999999997
9,WFAgent5,MALE_HIGH_INCOME,42,42.21430899480964,108,42.13274361038844
10,WEAgent1,MALE_YOUNG_HIGH_INCOME,17,17.435891682789958,111,9.98999999999999
10,WEAgent0,MALE_YOUNG_LOW_INCOME,58,57.94878800386581,57,56.949670969316486
10,WFAgent0,MALE_OLD_LOW_INCOME,57,68.91975337459945,375,33.75000000000002
10,WFAgent1,MALE_OLD_HIGH_INCOME,26,25.235057494575774,167,15.029999999999982
10,WFAgent2,FEMALE_HIGH_INCOME,21,18.16016690882783,56,5.0399999999999965
10,WFAgent3,FEMALE_YOUNG_LOW_INCOME,62,50.549569135024356,383,34.47000000000005
10,WFAgent4,MALE_YOUNG,74,82.80463491854213,296,65.73203248562555
10,WFAgent5,OLD_LOW_INCOME,132,125.26533053254154,461,41.490000000000315
11,WEAgent1,MALE_HIGH_INCOME,42,38.42996843130928,249,22.40999999999997
11,WEAgent0,MALE_YOUNG_HIGH_INCOME,17,16.501093089094454,0,0.0
11,WFAgent0,MALE_YOUNG_LOW_INCOME,58,54.103895258018575,0,0.0
11,WFAgent1,OLD_LOW_INCOME,132,141.5419955035349,386,34.74000000000006
11,WFAgent2,OLD_LOW_INCOME,132,130.90955665773367,0,0.0
11,WFAgent3,MALE_YOUNG_HIGH_INCOME,17,14.966943744867448,0,0.0
11,WFAgent4,MALE_YOUNG,74,88.05610929176758,342,30.77999999999996
11,WFAgent5,FEMALE_OLD,88,95.22081549476825,110,94.6634721653556
12,WEAgent1,FEMALE_LOW_INCOME,138,142.00326068125352,393,35.37000000000008
12,WEAgent0,MALE_OLD_HIGH_INCOME,26,28.77159806055024,148,13.319999999999984
12,WFAgent0,MALE_YOUNG,74,67.75041672268941,97,8.729999999999992
12,WFAgent1,FEMALE_YOUNG_HIGH_INCOME,9,8.195763478468022,51,4.589999999999997
12,WFAgent2,YOUNG_LOW_INCOME,120,128.56023683935967,386,34.74000000000006
12,WFAgent3,YOUNG_LOW_INCOME,120,119.73722665775853,0,0.0
12,WFAgent4,MALE_YOUNG,74,62.44241980405161,0,0.0
12,WFAgent5,YOUNG_HIGH_INCOME,25,19.647697965750822,0,0.0
13,WEAgent1,OLD_HIGH_INCOME,38,39.831912504862004,101,9.089999999999991
13,WEAgent0,FEMALE_HIGH_INCOME,21,21.072893798274023,45,4.049999999999998
13,WFAgent0,MALE_OLD_HIGH_INCOME,26,28.194170735988507,175,15.74999999999998
13,WFAgent1,MALE_OLD_LOW_INCOME,57,63.49990648317287,355,31.949999999999957
13,WFAgent2,YOUNG_LOW_INCOME,120,118.69069805491104,407,36.63000000000013
13,WFAgent3,YOUNG_HIGH_INCOME,25,23.27337967167691,98,8.819999999999991
13,WFAgent4,MALE_HIGH_INCOME,42,43.01418303188416,0,0.0
13,WFAgent5,YOUNG_HIGH_INCOME,25,20.00057004132844,0,0.0
14,WEAgent1,FEMALE_YOUNG,70,72.44634869969391,475,42.75000000000036
14,WEAgent0,FEMALE_OLD_HIGH_INCOME,13,10.908345474838855,12,10.069241976774329
14,WFAgent0,FEMALE_HIGH_INCOME,21,19.8532436450256,22,19.32572049960267
14,WFAgent1,FEMALE_OLD_HIGH_INCOME,13,11.483387893272726,13,10.908345474838857
14,WFAgent2,FEMALE_LOW_INCOME,138,151.45125481571182,458,41.220000000000304
14,WFAgent3,MALE_YOUNG_LOW_INCOME,58,51.052545374213366,386,34.74000000000006
14,WFAgent4,YOUNG_LOW_INCOME,120,120.85949348150962,0,0.0
14,WFAgent5,FEMALE_HIGH_INCOME,21,18.447278658711635,28,7.01462098838716
15,WEAgent1,FEMALE_YOUNG_HIGH_INCOME,9,9.621587947687427,0,0.0
15,WEAgent0,YOUNG_LOW_INCOME,120,110.4489785921279,221,110.40448888784965
15,WFAgent0,MALE_OLD_HIGH_INCOME,26,25.807996361716224,154,13.859999999999983
15,WFAgent1,FEMALE_YOUNG_HIGH_INCOME,9,9.219994106794957,51,4.589999999999997
15,WFAgent2,FEMALE_OLD_HIGH_INCOME,13,12.659629166389164,60,5.399999999999996
15,WFAgent3,FEMALE_YOUNG,70,78.79589220366239,85,78.23469316942385
15,WFAgent4,MALE_LOW_INCOME,114,118.074211963897,386,34.74000000000006
15,WFAgent5,FEMALE_LOW_INCOME,138,158.65374034241717,506,45.54000000000047
16,WEAgent1,FEMALE_YOUNG,70,62.59029182738932,460,41.40000000000031
16,WEAgent0,FEMALE_YOUNG_HIGH_INCOME,9,7.889475107105994,0,0.0
16,WFAgent0,FEMALE_OLD,88,94.82379742858926,567,51.030000000000676
16,WFAgent1,FEMALE_OLD_HIGH_INCOME,13,12.888802126085942,0,0.0
16,WFAgent2,YOUNG_HIGH_INCOME,25,19.745711239751607,107,9.62999999999999
16,WFAgent3,FEMALE_OLD_HIGH_INCOME,13,11.448032110602618,0,0.0
16,WFAgent4,FEMALE_OLD_LOW_INCOME,76,81.45089620689734,0,0.0
16,WFAgent5,MALE_OLD_HIGH_INCOME,26,23.137836423296207,161,14.489999999999982
17,WEAgent1,FEMALE_OLD_LOW_INCOME,76,65.37431965893875,76,65.37431965893866
17,WEAgent0,MALE_YOUNG_HIGH_INCOME,17,17.212872973930438,101,9.089999999999991
17,WFAgent0,MALE_LOW_INCOME,114,99.91505597722323,0,0.0
17,WFAgent1,MALE_LOW_INCOME,114,117.27523298941341,330,29.69999999999996
17,WFAgent2,YOUNG_LOW_INCOME,120,135.14523244868252,429,38.610000000000205
17,WFAgent3,MALE_HIGH_INCOME,42,44.52721792094887,154,13.859999999999983
17,WFAgent4,MALE_YOUNG_LOW_INCOME,58,57.41646004242219,373,33.570000000000014
17,WFAgent5,FEMALE_OLD_LOW_INCOME,76,77.43714578250818,90,77.41695749084839
18,WEAgent1,MALE_YOUNG_HIGH_INCOME,17,16.202812351131815,102,9.17999999999999
18,WEAgent0,FEMALE_YOUNG_HIGH_INCOME,9,6.49277805132426,9,6.49277805132426
18,WFAgent0,FEMALE_YOUNG_HIGH_INCOME,9,8.99096380978192,47,6.755679133921888
18,WFAgent1,MALE_OLD,82,68.36624940828317,0,0.0
18,WFAgent2,MALE_YOUNG,74,70.99653498236768,372,33.48000000000001
18,WFAgent3,FEMALE_OLD_LOW_INCOME,76,72.96623930168457,0,0.0
18,WFAgent4,MALE_OLD_HIGH_INCOME,26,25.48510130853086,156,14.039999999999983
18,WFAgent5,FEMALE_OLD,88,86.3489942995719,561,50.490000000000656
19,WEAgent1,MALE_YOUNG_LOW_INCOME,58,57.75982524820615,363,32.66999999999998
19,WEAgent0,FEMALE_OLD_HIGH_INCOME,13,13.74548725714089,67,6.029999999999995
19,WFAgent0,YOUNG_LOW_INCOME,120,120.2601169860831,380,34.20000000000004
19,WFAgent1,MALE_OLD_HIGH_INCOME,26,23.977502577764184,0,0.0
19,WFAgent2,YOUNG_HIGH_INCOME,25,23.454712001395215,104,9.35999999999999
19,WFAgent3,FEMALE_HIGH_INCOME,21,20.352216298220373,0,0.0
19,WFAgent4,MALE_OLD_HIGH_INCOME,26,26.421958411066836,154,13.859999999999983
19,WFAgent5,OLD_LOW_INCOME,132,167.4676125110767,515,46.3500000000005
20,WEAgent1,MALE_LOW_INCOME,114,107.04201373865831,113,106.10304870586315
20,WEAgent0,YOUNG_LOW_INCOME,120,126.8990584211977,254,121.33994380424937
20,WFAgent0,MALE_YOUNG,74,71.92625082924376,0,0.0
20,WFAgent1,OLD_HIGH_INCOME,38,36.74316731746411,82,7.379999999999993
20,WFAgent2,MALE_YOUNG_HIGH_INCOME,17,17.006041751479234,111,9.98999999999999
20,WFAgent3,MALE_OLD_HIGH_INCOME,26,22.05026127003867,162,14.579999999999982
20,WFAgent4,YOUNG_HIGH_INCOME,25,27.400496915654397,54,4.859999999999997
20,WFAgent5,FEMALE_OLD,88,97.32094366945257,470,42.300000000000345
21,WEAgent1,YOUNG_HIGH_INCOME,25,22.681010565315717,25,22.681010565315713
21,WEAgent0,MALE_YOUNG,74,83.62105422023741,104,9.35999999999999
21,WFAgent0,MALE_OLD_LOW_INCOME,57,60.52099903267098,379,34.110000000000035
21,WFAgent1,FEMALE_OLD_HIGH_INCOME,13,11.940892494098852,82,7.379999999999993
21,WFAgent2,MALE_OLD,82,87.78782109373984,160,14.399999999999983
21,WFAgent3,MALE_YOUNG,74,78.38239656390152,353,31.769999999999957
21,WFAgent4,FEMALE_HIGH_INCOME,21,21.58275388406058,34,21.03928929747783
21,WFAgent5,YOUNG_HIGH_INCOME,25,22.577850139585806,0,0.0
22,WEAgent1,MALE_YOUNG_HIGH_INCOME,17,13.419442311863447,102,9.17999999999999
22,WEAgent0,MALE_LOW_INCOME,114,135.89210770677556,378,34.02000000000003
22,WFAgent0,FEMALE_OLD,88,84.73359021346566,484,43.56000000000039
22,WFAgent1,FEMALE_YOUNG_HIGH_INCOME,9,8.509594546611108,43,3.869999999999998
22,WFAgent2,YOUNG_LOW_INCOME,120,112.08712093479168,0,0.0
22,WFAgent3,MALE_OLD_LOW_INCOME,57,58.524483274757245,0,0.0
22,WFAgent4,OLD_HIGH_INCOME,38,41.12134879848067,149,13.409999999999984
22,WFAgent5,FEMALE_LOW_INCOME,138,138.33425548184883,395,35.55000000000009
23,WEAgent1,MALE_YOUNG_HIGH_INCOME,17,16.04439196000002,0,0.0
23,WEAgent0,YOUNG_LOW_INCOME,120,123.77717017285306,307,27.629999999999963
23,WFAgent0,FEMALE_OLD,88,84.4292231781727,395,35.55000000000009
23,WFAgent1,MALE_HIGH_INCOME,42,46.26773615157439,183,16.46999999999998
23,WFAgent2,MALE_YOUNG,74,81.32901637944731,99,8.909999999999991
23,WFAgent3,OLD_LOW_INCOME,132,120.69618726422127,0,0.0
23,WFAgent4,FEMALE_LOW_INCOME,138,152.4593845403442,166,151.78459913530892
23,WFAgent5,FEMALE_YOUNG,70,78.63939085415848,80,77.81073135803317
24,WEAgent1,FEMALE_YOUNG_HIGH_INCOME,9,9.352727623735756,0,0.0
24,WEAgent0,OLD_LOW_INCOME,132,140.28197821669772,260,82.7511584461144
24,WFAgent0,OLD_HIGH_INCOME,38,36.88803774503144,165,14.849999999999982
24,WFAgent1,MALE_OLD,82,79.90670456480872,89,79.39179867167736
24,WFAgent2,FEMALE_YOUNG_HIGH_INCOME,9,8.946223620598914,55,4.949999999999997
24,WFAgent3,MALE_OLD_LOW_INCOME,57,50.84643285714174,0,0.0
24,WFAgent4,FEMALE_YOUNG,70,81.4095025502887,381,34.29000000000004
24,WFAgent5,MALE_YOUNG,74,61.20406275040696,92,8.279999999999992
25,WEAgent1,FEMALE_HIGH_INCOME,21,21.41301504957398,85,7.649999999999992
25,WEAgent0,FEMALE_YOUNG_HIGH_INCOME,9,10.11012583547284,61,5.489999999999996
25,WFAgent0,MALE_YOUNG_LOW_INCOME,58,67.82867085871938,355,31.949999999999957
25,WFAgent1,FEMALE_YOUNG_LOW_INCOME,62,60.93742136733737,405,36.450000000000124
25,WFAgent2,OLD_HIGH_INCOME,38,33.89264938163406,176,15.83999999999998
25,WFAgent3,FEMALE_HIGH_INCOME,21,19.8437612892365,0,0.0
25,WFAgent4,MALE_OLD_LOW_INCOME,57,57.47779029483454,349,31.409999999999958
25,WFAgent5,MALE_YOUNG_LOW_INCOME,58,58.22068330774169,0,0.0
26,WEAgent1,FEMALE_OLD_HIGH_INCOME,13,12.585066086735942,13,12.58506608673594
26,WEAgent0,MALE_YOUNG,74,61.46455835982159,90,8.099999999999993
26,WFAgent0,FEMALE_OLD_HIGH_INCOME,13,13.58222106600144,65,5.849999999999995
26,WFAgent1,YOUNG_LOW_INCOME,120,124.8145956978965,205,18.449999999999978
26,WFAgent2,MALE_OLD_LOW_INCOME,57,55.04848363938636,358,32.21999999999996
26,WFAgent3,MALE_LOW_INCOME,114,132.8812500789859,159,132.06574025961697
26,WFAgent4,FEMALE_YOUNG_LOW_INCOME,62,62.59254364425012,412,37.08000000000015
26,WFAgent5,OLD_LOW_INCOME,132,142.5791012157123,449,40.410000000000274
27,WEAgent1,FEMALE_OLD_HIGH_INCOME,13,12.4815865596156,92,8.279999999999992
27,WEAgent0,FEMALE_HIGH_INCOME,21,22.946769586880894,47,4.229999999999998
27,WFAgent0,FEMALE_HIGH_INCOME,21,18.853706058464642,0,0.0
27,WFAgent1,FEMALE_YOUNG_HIGH_INCOME,9,8.452762862250268,9,7.863552237513137
27,WFAgent2,MALE_OLD_HIGH_INCOME,26,27.392232813237893,151,13.589999999999984
27,WFAgent3,MALE_HIGH_INCOME,42,39.87829649453518,94,8.459999999999992
27,WFAgent4,FEMALE_OLD_HIGH_INCOME,13,11.358464343074532,0,0.0
27,WFAgent5,MALE_OLD_HIGH_INCOME,26,24.24946039893205,0,0.0
28,WEAgent1,FEMALE_LOW_INCOME,138,154.21879194246313,418,37.62000000000017
28,WEAgent0,OLD_HIGH_INCOME,38,35.07959003818697,37,34.1564429319189
28,WFAgent0,MALE_OLD_HIGH_INCOME,26,28.96325448391842,31,28.61756029431044
28,WFAgent1,OLD_LOW_INCOME,132,132.5242423020777,475,42.75000000000036
28,WFAgent2,OLD_HIGH_INCOME,38,40.84156542888677,52,38.00588425072317
28,WFAgent3,MALE_OLD_HIGH_INCOME,26,25.83949464942166,132,11.879999999999987
28,WFAgent4,MALE_LOW_INCOME,114,114.13589655601015,349,31.409999999999958
28,WFAgent5,MALE_YOUNG_HIGH_INCOME,17,20.268765030107467,113,10.16999999999999
29,WEAgent1,MALE_OLD,82,65.65564871719147,82,65.65564871719141
29,WEAgent0,MALE_OLD_HIGH_INCOME,26,27.644036676133414,0,0.0
29,WFAgent0,MALE_OLD,82,81.98691793793402,102,81.66922157504297
29,WFAgent1,FEMALE_OLD_HIGH_INCOME,13,14.662285484620753,83,7.469999999999993
29,WFAgent2,MALE_YOUNG_LOW_INCOME,58,59.164980054581676,352,31.679999999999957
29,WFAgent3,YOUNG_HIGH_INCOME,25,27.03144072706283,108,9.71999999999999
29,WFAgent4,FEMALE_YOUNG,70,61.54368449984567,410,36.90000000000014
29,WFAgent5,MALE_OLD,82,76.46094727772666,339,30.50999999999996
30,WEAgent1,FEMALE_YOUNG_LOW_INCOME,62,54.85303744833506,61,53.9683110378781
30,WEAgent0,FEMALE_YOUNG,70,74.13452990487197,295,62.31268847056658
30,WFAgent0,MALE_YOUNG_LOW_INCOME,58,50.83527874908027,374,33.66000000000002
30,WFAgent1,MALE_YOUNG_HIGH_INCOME,17,18.333817863386326,102,9.17999999999999
30,WFAgent2,MALE_OLD_LOW_INCOME,57,57.188400289041226,370,33.300000000000004
30,WFAgent3,MALE_HIGH_INCOME,42,32.253692851177,0,0.0
30,WFAgent4,FEMALE_YOUNG_LOW_INCOME,62,67.55563503041071,76,67.2392071947334
30,WFAgent5,FEMALE_YOUNG_HIGH_INCOME,9,10.357298416440495,11,9.731990515027189
31,WEAgent1,YOUNG_LOW_INCOME,120,108.2218535040749,353,31.769999999999957
31,WEAgent0,MALE_OLD_HIGH_INCOME,26,26.46211735911479,120,10.799999999999988
31,WFAgent0,MALE_OLD_HIGH_INCOME,26,27.460869462667645,33,26.826252310190256
31,WFAgent1,FEMALE_HIGH_INCOME,21,19.523680234245862,52,4.679999999999997
31,WFAgent2,MALE_LOW_INCOME,114,125.65301621922845,373,33.570000000000014
31,WFAgent3,MALE_OLD,82,66.65917240713948,0,0.0
31,WFAgent4,MALE_YOUNG_LOW_INCOME,58,47.92242739695655,0,0.0
31,WFAgent5,FEMALE_YOUNG_LOW_INCOME,62,70.39875059718898,413,37.17000000000015
32,WEAgent1,YOUNG_LOW_INCOME,120,117.50852634130842,343,30.86999999999996
32,WEAgent0,OLD_LOW_INCOME,132,136.53316141511635,346,31.139999999999958
32,WFAgent0,OLD_HIGH_INCOME,38,31.34729132891641,0,0.0
32,WFAgent1,MALE_LOW_INCOME,114,114.89476206060762,0,0.0
32,WFAgent2,YOUNG_LOW_INCOME,120,133.9311272729218,401,36.09000000000011
32,WFAgent3,MALE_OLD,82,97.98788575433524,178,16.019999999999982
32,WFAgent4,MALE_YOUNG,74,71.09899646132611,116,10.439999999999989
32,WFAgent5,MALE_YOUNG,74,69.1603220915036,0,0.0
33,WEAgent1,OLD_HIGH_INCOME,38,39.496281475777074,82,7.379999999999993
33,WEAgent0,MALE_HIGH_INCOME,42,38.531078642847135,113,10.16999999999999
33,WFAgent0,YOUNG_LOW_INCOME,120,147.19371151562723,371,33.39000000000001
33,WFAgent1,FEMALE_YOUNG_LOW_INCOME,62,67.2780755042221,70,66.70558283402278
33,WFAgent2,FEMALE_YOUNG,70,66.70558283402283,0,0.0
33,WFAgent3,MALE_HIGH_INCOME,42,38.16001924765005,0,0.0
33,WFAgent4,FEMALE_YOUNG,70,72.91331279855932,313,28.169999999999963
33,WFAgent5,FEMALE_YOUNG_HIGH_INCOME,9,10.126493749654939,47,4.229999999999998
34,WEAgent1,MALE_LOW_INCOME,114,100.98168316475274,268,97.3339899224327
34,WEAgent0,OLD_HIGH_INCOME,38,38.71513887533623,136,12.239999999999986
34,WFAgent0,MALE_YOUNG,74,78.19986925247179,303,27.269999999999964
34,WFAgent1,MALE_YOUNG_LOW_INCOME,58,64.112686704775,72,63.777905156685975
34,WFAgent2,OLD_HIGH_INCOME,38,34.63582417149235,0,0.0
34,WFAgent3,MALE_OLD_HIGH_INCOME,26,27.996443506393582,31,27.459931386906426
34,WFAgent4,MALE_OLD,82,87.16949832767544,98,86.80881535215595
34,WFAgent5,MALE_YOUNG,74,81.99210832300622,121,10.889999999999988
35,WEAgent1,OLD_HIGH_INCOME,38,28.38578901031275,74,6.659999999999994
35,WEAgent0,MALE_OLD_LOW_INCOME,57,57.89831329898408,344,30.959999999999958
35,WFAgent0,FEMALE_OLD_LOW_INCOME,76,76.37576620167313,498,44.82000000000044
35,WFAgent1,FEMALE_LOW_INCOME,138,141.82366307499103,157,141.58122045101658
35,WFAgent2,FEMALE_LOW_INCOME,138,124.44718740280409,0,0.0
35,WFAgent3,FEMALE_YOUNG_LOW_INCOME,62,61.153942602600395,229,20.609999999999975
35,WFAgent4,FEMALE_YOUNG_HIGH_INCOME,9,9.097403345380961,42,3.779999999999998
35,WFAgent5,YOUNG_HIGH_INCOME,25,24.97058926388782,108,9.71999999999999
36,WEAgent1,MALE_HIGH_INCOME,42,38.880251008396016,122,38.35796522654212
36,WEAgent0,YOUNG_HIGH_INCOME,25,26.081972064535258,33,25.55682131189721
36,WFAgent0,YOUNG_HIGH_INCOME,25,24.362120678563546,13,1.17
36,WFAgent1,YOUNG_HIGH_INCOME,25,19.3612282665888,0,0.0
36,WFAgent2,MALE_YOUNG_HIGH_INCOME,17,15.025266381429136,63,5.6699999999999955
36,WFAgent3,FEMALE_OLD_LOW_INCOME,76,75.61790910268357,492,44.28000000000042
36,WFAgent4,OLD_LOW_INCOME,132,127.20802521435371,0,0.0
36,WFAgent5,MALE_YOUNG,74,67.92836287495463,341,30.68999999999996
37,WEAgent1,FEMALE_LOW_INCOME,138,139.08366624933456,382,34.380000000000045
37,WEAgent0,MALE_OLD_LOW_INCOME,57,52.14980330115359,57,52.14980330115357
37,WFAgent0,MALE_LOW_INCOME,114,119.77286065623716,277,70.29998564146473
37,WFAgent1,FEMALE_OLD,88,76.61592779114473,511,45.990000000000485
37,WFAgent2,MALE_HIGH_INCOME,42,39.414809627417476,163,14.669999999999982
37,WFAgent3,FEMALE_OLD_HIGH_INCOME,13,13.120176258912629,92,8.279999999999992
37,WFAgent4,YOUNG_HIGH_INCOME,25,21.9207695966622,106,9.53999999999999
37,WFAgent5,MALE_YOUNG_LOW_INCOME,58,58.14943720399943,349,31.409999999999958
38,WEAgent1,MALE_OLD,82,73.4074984568346,180,16.19999999999998
38,WEAgent0,FEMALE_YOUNG_HIGH_INCOME,9,10.398860144770289,0,0.0
38,WFAgent0,MALE_YOUNG_LOW_INCOME,58,60.936854389547364,381,34.29000000000004
38,WFAgent1,OLD_HIGH_INCOME,38,36.17208374214811,95,8.549999999999992
38,WFAgent2,YOUNG_HIGH_INCOME,25,23.51579818677093,110,9.89999999999999
38,WFAgent3,FEMALE_HIGH_INCOME,21,17.196731098654734,0,0.0
38,WFAgent4,MALE_LOW_INCOME,114,116.15693619175849,0,0.0
38,WFAgent5,FEMALE_HIGH_INCOME,21,18.61306138913058,50,4.499999999999997
39,WEAgent1,FEMALE_YOUNG,70,66.48221204311722,69,65.53246615678704
39,WEAgent0,FEMALE_HIGH_INCOME,21,17.91418323334799,0,0.0
39,WFAgent0,MALE_OLD,82,76.9144000327728,166,14.939999999999982
39,WFAgent1,MALE_YOUNG,74,75.41482571054502,113,10.16999999999999
39,WFAgent2,FEMALE_OLD_LOW_INCOME,76,73.38799785824254,0,0.0
39,WFAgent3,FEMALE_OLD,88,98.04138801231782,546,49.140000000000605
39,WFAgent4,FEMALE_LOW_INCOME,138,147.5409846568958,336,30.23999999999996
39,WFAgent5,FEMALE_YOUNG_HIGH_INCOME,9,8.77147625731479,21,8.723976019895835
40,WEAgent1,FEMALE_HIGH_INCOME,21,18.352190900106308,51,4.589999999999997
40,WEAgent0,MALE_OLD_LOW_INCOME,57,46.19902841463099,350,31.499999999999957
40,WFAgent0,MALE_OLD_HIGH_INCOME,26,25.986521362466803,176,15.83999999999998
40,WFAgent1,FEMALE_LOW_INCOME,138,150.67400729763872,486,43.7400000000004
40,WFAgent2,YOUNG_LOW_INCOME,120,128.1227245391923,374,33.66000000000002
40,WFAgent3,FEMALE_YOUNG_HIGH_INCOME,9,10.76287473583226,12,10.486966228632172
40,WFAgent4,FEMALE_OLD_LOW_INCOME,76,79.97489148039207,0,0.0
40,WFAgent5,MALE_YOUNG_LOW_INCOME,58,65.22778342628348,388,34.920000000000066
41,WEAgent1,MALE_OLD_HIGH_INCOME,26,24.742261459295406,157,14.129999999999983
41,WEAgent0,FEMALE_OLD,88,89.10827091202572,190,89.06233103565944
41,WFAgent0,MALE_YOUNG,74,81.99619675689088,385,34.650000000000055
41,WFAgent1,MALE_HIGH_INCOME,42,42.43793810432365,106,9.53999999999999
41,WFAgent2,MALE_OLD,82,78.74419525161476,0,0.0
41,WFAgent3,MALE_OLD_HIGH_INCOME,26,24.022059324684072,0,0.0
41,WFAgent4,FEMALE_OLD,88,93.8451036761599,92,93.15864686257214
41,WFAgent5,MALE_OLD_LOW_INCOME,57,57.38918186549717,340,30.59999999999996
42,WEAgent1,FEMALE_YOUNG_LOW_INCOME,62,57.96652175241487,403,36.27000000000012
42,WEAgent0,FEMALE_OLD_LOW_INCOME,76,67.71344796390275,140,12.599999999999985
42,WFAgent0,FEMALE_LOW_INCOME,138,137.14306015629737,153,136.31786234838324
42,WFAgent1,MALE_OLD,82,72.03801230128676,0,0.0
42,WFAgent2,OLD_LOW_INCOME,132,160.25192678837044,182,159.88924681505034
42,WFAgent3,FEMALE_LOW_INCOME,138,135.1551441274325,151,134.53592950722793
42,WFAgent4,MALE_HIGH_INCOME,42,35.142173799535975,123,11.069999999999988
42,WFAgent5,MALE_OLD_LOW_INCOME,57,50.08452873037291,184,16.55999999999998
43,WEAgent1,MALE_OLD_LOW_INCOME,57,58.57708094436101,404,36.36000000000012
43,WEAgent0,OLD_HIGH_INCOME,38,44.5669973269657,110,9.89999999999999
43,WFAgent0,FEMALE_OLD,88,77.4938155872259,0,0.0
43,WFAgent1,MALE_HIGH_INCOME,42,44.29357209190293,101,9.089999999999991
43,WFAgent2,FEMALE_OLD_HIGH_INCOME,13,13.764802664043396,66,5.939999999999995
43,WFAgent3,OLD_HIGH_INCOME,38,39.51991711566858,45,39.14330875615256
43,WFAgent4,MALE_OLD,82,71.91070892875533,0,0.0
43,WFAgent5,OLD_LOW_INCOME,132,141.22993662646496,453,40.77000000000029
44,WEAgent1,MALE_HIGH_INCOME,42,39.87130673974768,140,23.771118752779024
44,WEAgent0,MALE_OLD_LOW_INCOME,57,58.1808391733682,335,30.14999999999996
44,WFAgent0,MALE_YOUNG,74,70.44871303326245,368,33.12
44,WFAgent1,FEMALE_YOUNG,70,68.08034841513302,481,43.29000000000038
44,WFAgent2,FEMALE_OLD_HIGH_INCOME,13,13.81996843369705,81,7.289999999999993
44,WFAgent3,MALE_OLD_HIGH_INCOME,26,26.715845986440264,28,26.5808711598318
44,WFAgent4,FEMALE_YOUNG_LOW_INCOME,62,58.96601188215915,0,0.0
44,WFAgent5,MALE_HIGH_INCOME,42,48.82189469534794,101,9.089999999999991
45,WEAgent1,FEMALE_YOUNG_LOW_INCOME,62,59.27879665859857,62,59.27879665859857
45,WEAgent0,FEMALE_HIGH_INCOME,21,20.805702992462837,52,4.679999999999997
45,WFAgent0,FEMALE_LOW_INCOME,138,150.37036651634278,0,0.0
45,WFAgent1,MALE_YOUNG,74,72.53855209603378,85,7.649999999999992
45,WFAgent2,MALE_LOW_INCOME,114,137.82903147408345,336,30.23999999999996
45,WFAgent3,YOUNG_LOW_INCOME,120,129.4000141023815,340,76.5038100468675
45,WFAgent4,FEMALE_OLD,88,100.71815260036664,542,48.78000000000059
45,WFAgent5,FEMALE_HIGH_INCOME,21,18.60409118113165,0,0.0
46,WEAgent1,MALE_OLD_LOW_INCOME,57,51.49173276628496,218,19.619999999999976
46,WEAgent0,FEMALE_OLD,88,88.1048893237535,125,87.31261557414186
46,WFAgent0,YOUNG_LOW_INCOME,120,108.79435329088673,0,0.0
46,WFAgent1,FEMALE_OLD_LOW_INCOME,76,76.22822620238436,81,75.70991343199806
46,WFAgent2,FEMALE_OLD,88,82.25274545698558,312,28.079999999999963
46,WFAgent3,FEMALE_LOW_INCOME,138,125.28710698098483,0,0.0
46,WFAgent4,FEMALE_YOUNG,70,76.27272724877086,452,40.680000000000284
46,WFAgent5,OLD_LOW_INCOME,132,135.37878908320275,149,134.6011961785342
47,WEAgent1,MALE_OLD_LOW_INCOME,57,46.62690725609228,0,0.0
47,WEAgent0,FEMALE_YOUNG,70,71.93668603305616,443,39.87000000000025
47,WFAgent0,FEMALE_LOW_INCOME,138,119.26142542360361,0,0.0
47,WFAgent1,OLD_LOW_INCOME,132,127.50549072281534,468,42.12000000000034
47,WFAgent2,FEMALE_HIGH_INCOME,21,18.43557964855268,0,0.0
47,WFAgent3,MALE_LOW_INCOME,114,106.31907266065926,367,33.029999999999994
47,WFAgent4,MALE_LOW_INCOME,114,107.86814766143681,326,29.33999999999996
47,WFAgent5,FEMALE_YOUNG_HIGH_INCOME,9,8.965312069110878,10,8.642132277072728
48,WEAgent1,FEMALE_OLD,88,86.22887335699038,142,85.45121876501206
48,WEAgent0,FEMALE_OLD,88,83.15608530965949,88,83.15608530965949
48,WFAgent0,OLD_LOW_INCOME,132,146.49164144377067,155,146.46810480678687
48,WFAgent1,MALE_YOUNG,74,68.92682100447668,102,9.17999999999999
48,WFAgent2,MALE_YOUNG_LOW_INCOME,58,65.162051795493,371,33.39000000000001
48,WFAgent3,OLD_LOW_INCOME,132,137.8421796192312,347,31.229999999999958
48,WFAgent4,OLD_HIGH_INCOME,38,40.33064369514463,0,0.0
48,WFAgent5,OLD_HIGH_INCOME,38,41.51150585093044,166,14.939999999999982
49,WEAgent1,FEMALE_YOUNG_LOW_INCOME,62,59.46787783011218,449,40.410000000000274
49,WEAgent0,YOUNG_LOW_INCOME,120,110.45162923990199,369,33.21
49,WFAgent0,FEMALE_OLD,88,83.4309433592424,0,0.0
49,WFAgent1,FEMALE_YOUNG_HIGH_INCOME,9,8.24742142722168,54,4.859999999999997
49,WFAgent2,YOUNG_LOW_INCOME,120,107.79862096361289,0,0.0
49,WFAgent3,MALE_YOUNG_HIGH_INCOME,17,18.566296832824555,83,7.469999999999993
49,WFAgent4,FEMALE_OLD_LOW_INCOME,76,85.60476935993711,482,43.380000000000386
49,WFAgent5,FEMALE_OLD_HIGH_INCOME,13,13.114910155210493,73,6.569999999999994
50,WEAgent1,YOUNG_HIGH_INCOME,25,24.559519397907703,29,24.490380571391125
50,WEAgent0,YOUNG_HIGH_INCOME,25,22.580288895207993,61,21.334413517214255
50,WFAgent0,MALE_OLD_HIGH_INCOME,26,24.134845507652276,190,17.09999999999998
50,WFAgent1,MALE_OLD_LOW_INCOME,57,52.6595975474989,358,32.21999999999996
50,WFAgent2,YOUNG_HIGH_INCOME,25,21.112397044302682,0,0.0
50,WFAgent3,MALE_LOW_INCOME,114,126.53367914821365,352,31.679999999999957
50,WFAgent4,FEMALE_YOUNG,70,70.56277741347625,393,35.37000000000008
50,WFAgent5,OLD_LOW_INCOME,132,121.91529880008925,489,44.01000000000041
51,WEAgent1,FEMALE_YOUNG_HIGH_INCOME,9,8.112330502662154,33,2.9699999999999993
51,WEAgent0,FEMALE_OLD_LOW_INCOME,76,68.60859702229041,470,42.300000000000345
51,WFAgent0,FEMALE_OLD_HIGH_INCOME,13,13.364359972520225,78,7.019999999999993
51,WFAgent1,FEMALE_YOUNG_HIGH_INCOME,9,8.787327080957107,9,8.112330502662154
51,WFAgent2,FEMALE_LOW_INCOME,138,136.83016831467467,405,36.450000000000124
51,WFAgent3,MALE_OLD_HIGH_INCOME,26,25.415193177162656,167,15.029999999999982
51,WFAgent4,MALE_YOUNG,74,67.25464435774668,94,8.459999999999992
51,WFAgent5,FEMALE_YOUNG_HIGH_INCOME,9,9.716378003417677,10,9.013700558513504
52,WEAgent1,MALE_YOUNG,74,73.55831083648536,84,7.5599999999999925
52,WEAgent0,FEMALE_YOUNG_HIGH_INCOME,9,10.689299255077126,46,4.139999999999998
52,WFAgent0,FEMALE_HIGH_INCOME,21,20.897367620883124,0,0.0
52,WFAgent1,FEMALE_LOW_INCOME,138,139.4921836697882,478,43.02000000000037
52,WFAgent2,YOUNG_LOW_INCOME,120,119.55910715306504,405,36.450000000000124
52,WFAgent3,YOUNG_LOW_INCOME,120,141.30899883085957,383,34.47000000000005
52,WFAgent4,FEMALE_OLD,88,75.48126725602525,0,0.0
52,WFAgent5,MALE_OLD_LOW_INCOME,57,59.675871853452,395,35.55000000000009
53,WEAgent1,MALE_OLD_LOW_INCOME,57,49.55977302802784,65,49.500303325781736
53,WEAgent0,FEMALE_OLD_HIGH_INCOME,13,13.657567204178028,78,7.019999999999993
53,WFAgent0,MALE_YOUNG,74,64.17343500870848,93,8.369999999999992
53,WFAgent1,MALE_YOUNG_LOW_INCOME,58,61.78854095292174,71,61.57180926511209
53,WFAgent2,MALE_OLD_LOW_INCOME,57,51.82616863907964,59,51.298712432520006
53,WFAgent3,FEMALE_YOUNG_LOW_INCOME,62,66.05871994398171,404,36.36000000000012
53,WFAgent4,FEMALE_OLD_HIGH_INCOME,13,12.400682719511323,0,0.0
53,WFAgent5,MALE_LOW_INCOME,114,111.55834440341972,324,29.15999999999996
54,WEAgent1,OLD_HIGH_INCOME,38,38.216758427712065,41,37.59098911731873
54,WEAgent0,FEMALE_HIGH_INCOME,21,19.25392125521204,16,13.015947503474687
54,WFAgent0,FEMALE_OLD_HIGH_INCOME,13,12.799834823943208,13,11.919094110369352
54,WFAgent1,MALE_YOUNG_HIGH_INCOME,17,18.04499216763406,87,7.829999999999992
54,WFAgent2,FEMALE_YOUNG_LOW_INCOME,62,63.207524681248024,0,0.0
54,WFAgent3,MALE_LOW_INCOME,114,127.211082383689,365,32.84999999999999
54,WFAgent4,MALE_YOUNG_HIGH_INCOME,17,15.676325972303147,0,0.0
54,WFAgent5,YOUNG_LOW_INCOME,120,136.98795841960953,419,37.71000000000017
55,WEAgent1,FEMALE_LOW_INCOME,138,125.1774541379867,137,124.27037113698687
55,WEAgent0,FEMALE_LOW_INCOME,138,163.11497140350522,231,20.789999999999974
55,WFAgent0,MALE_OLD_HIGH_INCOME,26,23.22690177262368,0,0.0
55,WFAgent1,YOUNG_LOW_INCOME,120,118.43101009085653,380,34.20000000000004
55,WFAgent2,YOUNG_LOW_INCOME,120,123.45845130448257,136,123.36328813598696
55,WFAgent3,OLD_LOW_INCOME,132,123.79292516903281,362,32.57999999999998
55,WFAgent4,MALE_OLD,82,76.79281753730642,351,31.589999999999957
55,WFAgent5,MALE_OLD,82,77.86612898252642,167,15.029999999999982
56,WEAgent1,FEMALE_OLD_LOW_INCOME,76,65.70227344297598,381,34.29000000000004
56,WEAgent0,FEMALE_HIGH_INCOME,21,21.09251207072354,48,4.319999999999998
56,WFAgent0,MALE_YOUNG_LOW_INCOME,58,59.24662997010297,339,30.50999999999996
56,WFAgent1,MALE_YOUNG_HIGH_INCOME,17,16.559140219217788,109,9.80999999999999
56,WFAgent2,FEMALE_OLD,88,92.43696976078907,119,92.03287778305888
56,WFAgent3,MALE_OLD_LOW_INCOME,57,63.81498717490562,369,33.21
56,WFAgent4,MALE_HIGH_INCOME,42,41.67238826867223,144,12.959999999999985
56,WFAgent5,FEMALE_LOW_INCOME,138,143.14867986897414,426,38.340000000000195
57,WEAgent1,MALE_LOW_INCOME,114,125.71719596951083,373,33.570000000000014
57,WEAgent0,MALE_YOUNG,74,71.29862658365812,55,4.949999999999997
57,WFAgent0,YOUNG_HIGH_INCOME,25,25.93742747338735,26,25.050868799663675
57,WFAgent1,MALE_HIGH_INCOME,42,46.39381785801126,165,14.849999999999982
57,WFAgent2,FEMALE_YOUNG,70,80.69309054889095,412,37.08000000000015
57,WFAgent3,MALE_YOUNG_HIGH_INCOME,17,19.382441505712485,19,18.77472826375066
57,WFAgent4,YOUNG_HIGH_INCOME,25,24.703589820724556,50,4.499999999999997
57,WFAgent5,FEMALE_HIGH_INCOME,21,19.9958052049195,0,0.0
58,WEAgent1,OLD_HIGH_INCOME,38,35.46644074260769,101,9.089999999999991
58,WEAgent0,MALE_YOUNG_HIGH_INCOME,17,15.406335229204066,109,9.80999999999999
58,WFAgent0,OLD_HIGH_INCOME,38,39.30621655943053,42,39.199750294461104
58,WFAgent1,FEMALE_OLD_HIGH_INCOME,13,12.097525533724347,0,0.0
58,WFAgent2,FEMALE_OLD_LOW_INCOME,76,71.15644235138637,0,0.0
58,WFAgent3,FEMALE_OLD,88,89.75306806712312,526,47.340000000000536
58,WFAgent4,YOUNG_HIGH_INCOME,25,29.548110209485774,56,5.0399999999999965
58,WFAgent5,FEMALE_HIGH_INCOME,21,18.175240539070508,0,0.0
59,WEAgent1,MALE_YOUNG_LOW_INCOME,58,54.24452557358495,57,53.30927513266109
59,WEAgent0,MALE_YOUNG_LOW_INCOME,58,56.56610071636456,83,56.49452557358506
59,WFAgent0,MALE_OLD,82,66.66525600350307,0,0.0
59,WFAgent1,FEMALE_OLD_LOW_INCOME,76,69.0945039054979,487,43.8300000000004
59,WFAgent2,FEMALE_YOUNG_HIGH_INCOME,9,10.369973145831583,43,3.869999999999998
59,WFAgent3,FEMALE_YOUNG_LOW_INCOME,62,56.81165942338573,388,34.920000000000066
59,WFAgent4,MALE_OLD_HIGH_INCOME,26,29.240875916155893,177,15.92999999999998
59,WFAgent5,MALE_LOW_INCOME,114,128.94242138478572,318,28.619999999999962
60,WEAgent1,FEMALE_OLD_HIGH_INCOME,13,13.509281337152009,102,9.17999999999999
60,WEAgent0,FEMALE_YOUNG,70,76.85928604456895,402,76.8090563465139
60,WFAgent0,FEMALE_LOW_INCOME,138,156.32130395759006,478,43.02000000000037
60,WFAgent1,YOUNG_HIGH_INCOME,25,28.922313372723508,100,8.999999999999991
60,WFAgent2,OLD_LOW_INCOME,132,127.85324871071732,0,0.0
60,WFAgent3,MALE_YOUNG,74,78.43790063671159,336,30.23999999999996
60,WFAgent4,FEMALE_HIGH_INCOME,21,22.683820668776693,9,0.8099999999999998
60,WFAgent5,YOUNG_HIGH_INCOME,25,24.331008883974572,0,0.0
61,WEAgent1,FEMALE_YOUNG_LOW_INCOME,62,65.39711201706683,416,37.44000000000016
61,WEAgent0,YOUNG_HIGH_INCOME,25,22.129837183916422,25,22.129837183916422
61,WFAgent0,MALE_YOUNG_HIGH_INCOME,17,17.238125667063915,19,16.81867625977649
61,WFAgent1,FEMALE_OLD_LOW_INCOME,76,75.00915279000242,468,42.12000000000034
61,WFAgent2,MALE_LOW_INCOME,114,101.12963371031937,0,0.0
61,WFAgent3,MALE_YOUNG,74,69.59040951821372,66,24.229450209203105
61,WFAgent4,OLD_LOW_INCOME,132,140.2793806455338,308,27.719999999999963
61,WFAgent5,FEMALE_OLD_LOW_INCOME,76,68.01467690569987,0,0.0
62,WEAgent1,FEMALE_YOUNG_LOW_INCOME,62,65.24490424200664,391,35.190000000000076
62,WEAgent0,YOUNG_HIGH_INCOME,25,24.401369761695843,51,4.589999999999997
62,WFAgent0,YOUNG_HIGH_INCOME,25,23.738655697734895,0,0.0
62,WFAgent1,FEMALE_YOUNG_LOW_INCOME,62,59.618585343187,0,0.0
62,WFAgent2,MALE_OLD_LOW_INCOME,57,63.36294966345103,370,33.300000000000004
62,WFAgent3,FEMALE_YOUNG_HIGH_INCOME,9,8.28341810291299,0,0.0
62,WFAgent4,YOUNG_HIGH_INCOME,25,24.500007667737925,116,10.439999999999989
62,WFAgent5,MALE_OLD_LOW_INCOME,57,60.27609140992011,0,0.0
63,WEAgent1,MALE_LOW_INCOME,114,112.88477832904105,387,34.83000000000006
63,WEAgent0,MALE_YOUNG_LOW_INCOME,58,60.18234230489335,316,28.439999999999962
63,WFAgent0,MALE_YOUNG_LOW_INCOME,58,55.475263459122566,0,0.0
63,WFAgent1,MALE_YOUNG_HIGH_INCOME,17,15.362333518935273,101,9.089999999999991
63,WFAgent2,MALE_YOUNG_LOW_INCOME,58,60.83060537879247,63,60.25761375732285
63,WFAgent3,OLD_LOW_INCOME,132,138.0149972162076,482,43.380000000000386
63,WFAgent4,FEMALE_LOW_INCOME,138,124.56295473661868,0,0.0
63,WFAgent5,MALE_OLD_HIGH_INCOME,26,25.441381258524554,140,12.599999999999985
64,WEAgent1,YOUNG_LOW_INCOME,120,108.85560158302602,304,81.29058087066504
64,WEAgent0,FEMALE_HIGH_INCOME,21,21.94404239701446,98,8.819999999999991
64,WFAgent0,MALE_YOUNG_LOW_INCOME,58,52.993771807524524,58,52.61354076512917
64,WFAgent1,FEMALE_HIGH_INCOME,21,19.55978821849911,58,5.219999999999996
64,WFAgent2,FEMALE_OLD_LOW_INCOME,76,80.36607919567084,477,42.93000000000037
64,WFAgent3,FEMALE_OLD_LOW_INCOME,76,73.65704534264626,0,0.0
64,WFAgent4,MALE_YOUNG_HIGH_INCOME,17,17.529106492042928,102,9.17999999999999
64,WFAgent5,FEMALE_YOUNG,70,73.78516514933868,420,37.800000000000175
65,WEAgent1,FEMALE_YOUNG_LOW_INCOME,62,71.17653048359426,71,70.73579097035247
65,WEAgent0,YOUNG_HIGH_INCOME,25,21.716912827360627,79,18.01147118332194
65,WFAgent0,YOUNG_LOW_INCOME,120,119.5534495273564,0,0.0
65,WFAgent1,FEMALE_YOUNG,70,79.73443043413825,309,27.809999999999963
65,WFAgent2,FEMALE_OLD,88,81.06145543094969,494,44.46000000000043
65,WFAgent3,FEMALE_OLD_HIGH_INCOME,13,12.959083926018073,89,8.009999999999993
65,WFAgent4,FEMALE_HIGH_INCOME,21,23.576781754927886,42,3.779999999999998
65,WFAgent5,MALE_YOUNG_HIGH_INCOME,17,15.675175516090073,18,15.636177235699648
66,WEAgent1,MALE_YOUNG,74,68.92677213459717,88,7.919999999999992
66,WEAgent0,FEMALE_YOUNG_LOW_INCOME,62,60.41064913530702,364,32.759999999999984
66,WFAgent0,FEMALE_OLD_LOW_INCOME,76,74.43017180885369,0,0.0
66,WFAgent1,FEMALE_OLD,88,92.74837173227561,452,40.680000000000284
66,WFAgent2,MALE_YOUNG_HIGH_INCOME,17,18.947342689769886,20,18.589166979513408
66,WFAgent3,FEMALE_OLD,88,95.91914491554424,97,94.99640349287905
66,WFAgent4,YOUNG_HIGH_INCOME,25,26.974416592245078,51,4.589999999999997
66,WFAgent5,FEMALE_YOUNG_HIGH_INCOME,9,8.365125140781034,0,0.0
67,WEAgent1,MALE_OLD_HIGH_INCOME,26,24.253326599140276,26,24.253326599140276
67,WEAgent0,FEMALE_YOUNG_LOW_INCOME,62,64.63647809799023,61,63.59395425770009
67,WFAgent0,MALE_OLD_HIGH_INCOME,26,25.831825102795424,148,13.319999999999984
67,WFAgent1,MALE_OLD_LOW_INCOME,57,60.51503288004847,346,31.139999999999958
67,WFAgent2,FEMALE_YOUNG_LOW_INCOME,62,65.2970314888603,217,65.25114433392851
67,WFAgent3,OLD_HIGH_INCOME,38,45.49602077060933,85,7.649999999999992
67,WFAgent4,MALE_HIGH_INCOME,42,46.740267581394875,95,8.549999999999992
67,WFAgent5,MALE_LOW_INCOME,114,122.87901921549685,361,32.489999999999974
68,WEAgent1,FEMALE_HIGH_INCOME,21,19.244207549043033,87,7.829999999999992
68,WEAgent0,MALE_OLD_HIGH_INCOME,26,19.23449058477356,167,15.029999999999982
68,WFAgent0,MALE_YOUNG_HIGH_INCOME,17,18.522538155055987,104,9.35999999999999
68,WFAgent1,FEMALE_LOW_INCOME,138,132.1084084995446,479,43.110000000000376
68,WFAgent2,FEMALE_YOUNG_HIGH_INCOME,9,9.182748966403077,34,3.059999999999999
68,WFAgent3,YOUNG_HIGH_INCOME,25,26.18490905047501,0,0.0
68,WFAgent4,MALE_YOUNG_LOW_INCOME,58,56.502383971806815,366,32.93999999999999
68,WFAgent5,FEMALE_YOUNG,70,60.06177524419262,404,36.36000000000012
69,WEAgent1,YOUNG_LOW_INCOME,120,121.39247256830443,395,35.55000000000009
69,WEAgent0,YOUNG_HIGH_INCOME,25,23.247094207884135,40,3.5999999999999983
69,WFAgent0,MALE_HIGH_INCOME,42,37.827671909165055,0,0.0
69,WFAgent1,MALE_OLD,82,81.4489965317404,163,14.669999999999982
69,WFAgent2,FEMALE_LOW_INCOME,138,133.2822513534308,498,44.82000000000044
69,WFAgent3,MALE_YOUNG,74,72.78296813176017,87,7.829999999999992
69,WFAgent4,OLD_LOW_INCOME,132,124.8098749770421,0,0.0
69,WFAgent5,YOUNG_LOW_INCOME,120,114.29985920980377,0,0.0
70,WEAgent1,YOUNG_HIGH_INCOME,25,27.67345012795944,26,15.494876662889448
70,WEAgent0,FEMALE_HIGH_INCOME,21,19.19993622900963,94,19.148337288597673
70,WFAgent0,FEMALE_HIGH_INCOME,21,21.935435982645746,24,21.892314994334185
70,WFAgent1,MALE_YOUNG,74,76.03122202568532,109,9.80999999999999
70,WFAgent2,FEMALE_LOW_INCOME,138,134.92733772511195,0,0.0
70,WFAgent3,MALE_YOUNG,74,67.5013045658637,355,31.949999999999957
70,WFAgent4,FEMALE_OLD_LOW_INCOME,76,81.48635356858425,474,42.66000000000036
70,WFAgent5,MALE_LOW_INCOME,114,103.88300324541935,351,31.589999999999957
71,WEAgent1,MALE_LOW_INCOME,114,115.51812767565681,106,99.19505377736951
71,WEAgent0,YOUNG_LOW_INCOME,120,132.26240831329181,138,131.38535981997123
71,WFAgent0,FEMALE_YOUNG_LOW_INCOME,62,59.02820513650859,399,35.9100000000001
71,WFAgent1,MALE_HIGH_INCOME,42,43.488138361186586,92,8.279999999999992
71,WFAgent2,OLD_HIGH_INCOME,38,43.54379239864915,95,8.549999999999992
71,WFAgent3,MALE_OLD_HIGH_INCOME,26,24.01665354900574,159,14.309999999999983
71,WFAgent4,MALE_YOUNG_LOW_INCOME,58,64.99158169808248,68,64.74061208520297
71,WFAgent5,MALE_YOUNG_LOW_INCOME,58,73.63924720753549,66,72.74432457231062
72,WEAgent1,FEMALE_OLD,88,83.10209668361841,106,82.71940181175808
72,WEAgent0,OLD_LOW_INCOME,132,116.87653303426136,243,21.869999999999973
72,WFAgent0,MALE_LOW_INCOME,114,84.18914332432715,0,0.0
72,WFAgent1,OLD_LOW_INCOME,132,124.65191950864791,412,37.08000000000015
72,WFAgent2,FEMALE_OLD_HIGH_INCOME,13,10.802363369577087,0,0.0
72,WFAgent3,MALE_OLD,82,90.38968755307741,162,14.579999999999982
72,WFAgent4,MALE_YOUNG_HIGH_INCOME,17,17.77255937671477,129,11.609999999999987
72,WFAgent5,MALE_OLD,82,80.97273249659844,91,80.57397353119543
73,WEAgent1,FEMALE_YOUNG_HIGH_INCOME,9,9.355900863893918,34,8.587792637172775
73,WEAgent0,FEMALE_YOUNG_HIGH_INCOME,9,9.101688955759167,9,9.101688955759167
73,WFAgent0,FEMALE_LOW_INCOME,138,144.40682708094482,356,32.03999999999996
73,WFAgent1,FEMALE_OLD_HIGH_INCOME,13,14.062835045703956,93,8.369999999999992
73,WFAgent2,MALE_OLD_HIGH_INCOME,26,26.049127487806842,169,15.209999999999981
73,WFAgent3,FEMALE_OLD,88,82.53969534334708,499,44.910000000000444
73,WFAgent4,MALE_YOUNG,74,77.00484498435507,94,8.459999999999992
73,WFAgent5,YOUNG_LOW_INCOME,120,132.13258709997967,410,36.90000000000014
74,WEAgent1,MALE_OLD_HIGH_INCOME,26,26.333041561418494,194,17.45999999999998
74,WEAgent0,MALE_YOUNG_LOW_INCOME,58,62.68859811333991,364,32.759999999999984
74,WFAgent0,MALE_YOUNG_LOW_INCOME,58,54.68240188864907,0,0.0
74,WFAgent1,MALE_LOW_INCOME,114,113.76860297503411,271,24.38999999999997
74,WFAgent2,OLD_HIGH_INCOME,38,38.60370514666044,79,7.109999999999993
74,WFAgent3,FEMALE_YOUNG,70,65.32823974342854,388,34.920000000000066
74,WFAgent4,MALE_OLD_LOW_INCOME,57,57.3191367444254,68,57.09531824329461
74,WFAgent5,OLD_LOW_INCOME,132,110.83208835463053,493,44.370000000000424
75,WEAgent1,YOUNG_HIGH_INCOME,25,26.347920376395955,48,4.319999999999998
75,WEAgent0,MALE_LOW_INCOME,114,140.10933397470205,369,33.21
75,WFAgent0,FEMALE_YOUNG_HIGH_INCOME,9,9.102290455797144,10,8.407104943193595
75,WFAgent1,FEMALE_YOUNG_HIGH_INCOME,9,8.364978866120014,0,0.0
75,WFAgent2,MALE_HIGH_INCOME,42,35.3098407614131,103,9.26999999999999
75,WFAgent3,FEMALE_OLD,88,79.90640969255725,106,79.70743278462695
75,WFAgent4,FEMALE_OLD_LOW_INCOME,76,64.18112786700694,0,0.0
75,WFAgent5,FEMALE_OLD_LOW_INCOME,76,67.00626472683119,366,32.93999999999999
76,WEAgent1,FEMALE_HIGH_INCOME,21,22.549049753697876,78,14.890114191884896
76,WEAgent0,FEMALE_YOUNG_HIGH_INCOME,9,9.677750426099198,56,5.0399999999999965
76,WFAgent0,MALE_LOW_INCOME,114,114.62361538685298,368,33.12
76,WFAgent1,FEMALE_LOW_INCOME,138,144.80171213459863,455,40.950000000000294
76,WFAgent2,OLD_HIGH_INCOME,38,45.65497945157462,165,14.849999999999982
76,WFAgent3,MALE_YOUNG_LOW_INCOME,58,47.864897988285065,375,33.75000000000002
76,WFAgent4,MALE_YOUNG,74,74.52111263401079,100,8.999999999999991
76,WFAgent5,FEMALE_OLD_HIGH_INCOME,13,14.411947920576393,13,13.958935561812973
77,WEAgent1,MALE_LOW_INCOME,114,117.08238094058193,375,33.75000000000002
77,WEAgent0,MALE_OLD_HIGH_INCOME,26,28.195364808810577,127,11.429999999999987
77,WFAgent0,MALE_YOUNG,74,78.17769287251272,91,78.1627270155964
77,WFAgent1,FEMALE_OLD_LOW_INCOME,76,73.75397589666031,472,42.48000000000035
77,WFAgent2,MALE_LOW_INCOME,114,97.91814153602175,0,0.0
77,WFAgent3,MALE_HIGH_INCOME,42,46.166107184526766,132,46.13522128656857
77,WFAgent4,MALE_OLD_HIGH_INCOME,26,27.889755260401046,0,0.0
77,WFAgent5,MALE_YOUNG,74,68.48649695624516,263,23.66999999999997
78,WEAgent1,YOUNG_HIGH_INCOME,25,24.531716640473356,52,4.679999999999997
78,WEAgent0,MALE_OLD_HIGH_INCOME,26,24.46683143552334,78,7.019999999999993
78,WFAgent0,FEMALE_HIGH_INCOME,21,20.08044382270896,0,0.0
78,WFAgent1,MALE_HIGH_INCOME,42,35.952743954493016,109,9.80999999999999
78,WFAgent2,OLD_HIGH_INCOME,38,37.13169697615677,39,36.442193147195596
78,WFAgent3,OLD_HIGH_INCOME,38,35.50777793829318,81,7.289999999999993
78,WFAgent4,OLD_HIGH_INCOME,38,39.48406524361246,41,38.58231110986373
78,WFAgent5,YOUNG_LOW_INCOME,120,120.83888184014182,379,34.110000000000035
79,WEAgent1,MALE_OLD,82,90.55771452923614,143,12.869999999999985
79,WEAgent0,YOUNG_HIGH_INCOME,25,19.019678302569876,48,4.319999999999998
79,WFAgent0,OLD_LOW_INCOME,132,123.03507381580262,462,41.58000000000032
79,WFAgent1,MALE_OLD_HIGH_INCOME,26,26.18725862490493,0,0.0
79,WFAgent2,FEMALE_LOW_INCOME,138,131.87985145111094,401,36.09000000000011
79,WFAgent3,MALE_OLD_HIGH_INCOME,26,30.015249598256187,32,29.826684561406722
79,WFAgent4,FEMALE_HIGH_INCOME,21,20.64777735390089,0,0.0
79,WFAgent5,OLD_HIGH_INCOME,38,39.651258878280395,92,8.279999999999992
80,WEAgent1,OLD_LOW_INCOME,132,126.62187159174873,179,16.10999999999998
80,WEAgent0,OLD_HIGH_INCOME,38,33.692270101196236,85,7.649999999999992
80,WFAgent0,MALE_YOUNG_HIGH_INCOME,17,17.12903263131631,106,9.53999999999999
80,WFAgent1,MALE_LOW_INCOME,114,105.77202526971321,0,0.0
80,WFAgent2,FEMALE_LOW_INCOME,138,146.79543106618678,0,0.0
80,WFAgent3,FEMALE_YOUNG_LOW_INCOME,62,71.74034974780841,339,30.50999999999996
80,WFAgent4,OLD_LOW_INCOME,132,144.04911426348494,155,143.8128413754872
80,WFAgent5,FEMALE_YOUNG,70,81.66104652222529,87,80.86012557944935
81,WEAgent1,FEMALE_HIGH_INCOME,21,19.934719912017982,45,4.049999999999998
81,WEAgent0,MALE_HIGH_INCOME,42,45.88603141669505,81,7.289999999999993
81,WFAgent0,MALE_LOW_INCOME,114,144.6025474849638,368,33.12
81,WFAgent1,FEMALE_OLD_HIGH_INCOME,13,14.598101489494875,74,6.659999999999994
81,WFAgent2,MALE_YOUNG_HIGH_INCOME,17,15.638304764793238,17,15.204265303423133
81,WFAgent3,MALE_YOUNG_HIGH_INCOME,17,15.204265303423139,0,0.0
81,WFAgent4,FEMALE_OLD_LOW_INCOME,76,81.47948475216549,502,45.180000000000454
81,WFAgent5,FEMALE_YOUNG_LOW_INCOME,62,55.05031475979057,385,34.650000000000055
82,WEAgent1,FEMALE_HIGH_INCOME,21,19.15072626712483,64,5.759999999999995
82,WEAgent0,MALE_OLD_LOW_INCOME,57,39.67127413817036,359,32.30999999999997
82,WFAgent0,YOUNG_LOW_INCOME,120,123.07346789146514,370,33.300000000000004
82,WFAgent1,MALE_HIGH_INCOME,42,48.283551148643305,167,15.029999999999982
82,WFAgent2,YOUNG_HIGH_INCOME,25,22.02024390096327,0,0.0
82,WFAgent3,FEMALE_YOUNG,70,66.93693631630943,428,38.5200000000002
82,WFAgent4,FEMALE_YOUNG,70,62.90843951288561,0,0.0
82,WFAgent5,MALE_YOUNG,74,78.42894517812194,101,9.089999999999991
83,WEAgent1,MALE_YOUNG_HIGH_INCOME,17,15.570345183910856,94,8.459999999999992
83,WEAgent0,FEMALE_HIGH_INCOME,21,21.682221643782764,21,21.682221643782764
83,WFAgent0,FEMALE_YOUNG_HIGH_INCOME,9,9.302841849834092,16,6.15243372471018
83,WFAgent1,YOUNG_LOW_INCOME,120,96.19140177196557,0,0.0
83,WFAgent2,MALE_OLD,82,83.80421897400097,141,12.689999999999985
83,WFAgent3,YOUNG_LOW_INCOME,120,109.40987938364916,379,34.110000000000035
83,WFAgent4,FEMALE_YOUNG_HIGH_INCOME,9,9.38829632773808,9,9.292380704478326
83,WFAgent5,MALE_OLD_LOW_INCOME,57,62.19295982043838,374,33.66000000000002
84,WEAgent1,MALE_OLD,82,75.02638125958228,204,18.359999999999978
84,WEAgent0,MALE_YOUNG,74,87.66244830176996,112,10.07999999999999
84,WFAgent0,MALE_LOW_INCOME,114,122.53969606109088,133,121.68913057956622
84,WFAgent1,MALE_LOW_INCOME,114,114.6823068089068,376,33.840000000000025
84,WFAgent2,MALE_YOUNG_HIGH_INCOME,17,16.473500649393674,0,0.0
84,WFAgent3,FEMALE_OLD_LOW_INCOME,76,72.09940207393299,468,42.12000000000034
84,WFAgent4,FEMALE_YOUNG_HIGH_INCOME,9,9.694942134568644,54,4.859999999999997
84,WFAgent5,OLD_HIGH_INCOME,38,36.870462158536505,77,6.9299999999999935
85,WEAgent1,FEMALE_HIGH_INCOME,21,19.29705450416724,0,0.0
85,WEAgent0,OLD_LOW_INCOME,132,105.58441830942594,326,29.33999999999996
85,WFAgent0,FEMALE_YOUNG,70,81.61603034654176,435,39.150000000000226
85,WFAgent1,MALE_LOW_INCOME,114,118.36993541094859,341,30.68999999999996
85,WFAgent2,FEMALE_OLD,88,93.77780476604906,134,92.98654308541347
85,WFAgent3,FEMALE_LOW_INCOME,138,139.47844653157705,406,36.54000000000013
85,WFAgent4,FEMALE_YOUNG_LOW_INCOME,62,60.710942614550994,0,0.0
85,WFAgent5,MALE_OLD_HIGH_INCOME,26,27.73274356363099,176,15.83999999999998
86,WEAgent1,MALE_YOUNG_LOW_INCOME,58,52.49381484357936,57,51.58874907041424
86,WEAgent0,FEMALE_YOUNG_HIGH_INCOME,9,9.999657571684065,48,4.319999999999998
86,WFAgent0,MALE_YOUNG_HIGH_INCOME,17,17.713672677366528,89,8.009999999999993
86,WFAgent1,MALE_YOUNG_HIGH_INCOME,17,16.154544797018428,0,0.0
86,WFAgent2,MALE_LOW_INCOME,114,133.8415182197413,311,76.89394638991058
86,WFAgent3,FEMALE_HIGH_INCOME,21,22.258618304114854,0,0.0
86,WFAgent4,FEMALE_HIGH_INCOME,21,25.14634568661507,101,9.089999999999991
86,WFAgent5,OLD_LOW_INCOME,132,141.7191045431047,522,46.98000000000052
87,WEAgent1,FEMALE_OLD_HIGH_INCOME,13,12.691567452504945,25,2.2500000000000004
87,WEAgent0,FEMALE_YOUNG_LOW_INCOME,62,63.64653057934261,387,34.83000000000006
87,WFAgent0,FEMALE_LOW_INCOME,138,117.38542396285465,463,41.67000000000032
87,WFAgent1,MALE_OLD,82,90.33329928189934,371,33.39000000000001
87,WFAgent2,FEMALE_YOUNG_HIGH_INCOME,9,7.460831921557632,45,4.049999999999998
87,WFAgent3,MALE_HIGH_INCOME,42,41.6658215387124,108,9.71999999999999
87,WFAgent4,OLD_HIGH_INCOME,38,33.5277225206055,155,13.949999999999983
87,WFAgent5,OLD_HIGH_INCOME,38,43.09376431749702,48,42.3508073944491
88,WEAgent1,OLD_HIGH_INCOME,38,35.22351089517444,77,6.9299999999999935
88,WEAgent0,YOUNG_LOW_INCOME,120,102.75518379647852,360,32.39999999999997
88,WFAgent0,FEMALE_HIGH_INCOME,21,15.7776556618304,0,0.0
88,WFAgent1,YOUNG_LOW_INCOME,120,97.16928476369111,390,35.10000000000007
88,WFAgent2,FEMALE_HIGH_INCOME,21,20.423037254183953,55,4.949999999999997
88,WFAgent3,MALE_YOUNG,74,82.46616601654958,95,8.549999999999992
88,WFAgent4,MALE_OLD_HIGH_INCOME,26,21.05914663040185,168,15.119999999999981
88,WFAgent5,OLD_LOW_INCOME,132,118.0569294996979,486,43.7400000000004
89,WEAgent1,FEMALE_YOUNG,70,69.5226265520989,422,37.98000000000018
89,WEAgent0,MALE_YOUNG,74,67.60305715520235,392,38.4506835582016
89,WFAgent0,MALE_OLD,82,73.2252752135759,168,15.119999999999981
89,WFAgent1,YOUNG_HIGH_INCOME,25,22.035744334324786,0,0.0
89,WFAgent2,MALE_YOUNG_HIGH_INCOME,17,15.505821419288665,5,4.413354447751897
89,WFAgent3,FEMALE_YOUNG_LOW_INCOME,62,48.71240873319071,0,0.0
89,WFAgent4,MALE_YOUNG,74,73.93647106204061,83,73.26168383268164
89,WFAgent5,MALE_YOUNG,74,65.31764582672807,0,0.0
90,WEAgent1,MALE_YOUNG,74,68.28855027031906,57,39.275548122744404
90,WEAgent0,MALE_OLD_LOW_INCOME,57,57.69727568821244,158,57.69376547134961
90,WFAgent0,FEMALE_OLD_HIGH_INCOME,13,11.006198145986255,106,9.53999999999999
90,WFAgent1,OLD_LOW_INCOME,132,128.99300086159394,475,42.75000000000036
90,WFAgent2,MALE_HIGH_INCOME,42,45.84628996913284,49,45.218094097914
90,WFAgent3,FEMALE_YOUNG_LOW_INCOME,62,59.60517422323304,402,36.18000000000011
90,WFAgent4,MALE_OLD_LOW_INCOME,57,57.073239600663115,58,56.678742802821525
90,WFAgent5,OLD_HIGH_INCOME,38,39.23044813590811,160,14.399999999999983
91,WEAgent1,OLD_LOW_INCOME,132,122.41095981661879,343,30.86999999999996
91,WEAgent0,FEMALE_LOW_INCOME,138,146.63540568359795,416,37.44000000000016
91,WFAgent0,MALE_YOUNG,74,81.56150750681218,379,34.110000000000035
91,WFAgent1,OLD_HIGH_INCOME,38,43.086116531962254,140,12.599999999999985
91,WFAgent2,FEMALE_HIGH_INCOME,21,22.222883149738987,59,5.309999999999996
91,WFAgent3,YOUNG_LOW_INCOME,120,105.63615520388593,0,0.0
91,WFAgent4,MALE_HIGH_INCOME,42,39.32264321955293,0,0.0
91,WFAgent5,MALE_YOUNG_HIGH_INCOME,17,15.346407937450586,102,9.17999999999999
92,WEAgent1,FEMALE_YOUNG,70,63.22950689762948,100,62.6666156260216
92,WEAgent0,FEMALE_LOW_INCOME,138,116.72975994916864,265,68.44620171739889
92,WFAgent0,FEMALE_OLD_HIGH_INCOME,13,13.439893413780453,15,12.62806319305305
92,WFAgent1,OLD_HIGH_INCOME,38,31.991093422401057,0,0.0
92,WFAgent2,FEMALE_YOUNG_LOW_INCOME,62,68.57173593973303,81,68.51529388320769
92,WFAgent3,OLD_HIGH_INCOME,38,38.36577339224366,154,13.859999999999983
92,WFAgent4,FEMALE_OLD_LOW_INCOME,76,75.53156873322668,447,40.23000000000027
92,WFAgent5,FEMALE_HIGH_INCOME,21,21.060026070662595,65,5.849999999999995
93,WEAgent1,MALE_OLD_LOW_INCOME,57,51.849301401061524,342,30.77999999999996
93,WEAgent0,YOUNG_LOW_INCOME,120,135.3032374514786,392,35.28000000000008
93,WFAgent0,MALE_YOUNG_HIGH_INCOME,17,16.685827079926263,103,9.26999999999999
93,WFAgent1,MALE_YOUNG_LOW_INCOME,58,58.41511470007103,0,0.0
93,WFAgent2,FEMALE_YOUNG,70,70.38984902688976,385,34.650000000000055
93,WFAgent3,MALE_OLD,82,91.9734126284244,151,13.589999999999984
93,WFAgent4,FEMALE_LOW_INCOME,138,143.45048917392936,479,43.110000000000376
93,WFAgent5,OLD_LOW_INCOME,132,114.22525482333252,0,0.0
94,WEAgent1,FEMALE_YOUNG_LOW_INCOME,62,67.51117686847738,395,35.55000000000009
94,WEAgent0,FEMALE_OLD_LOW_INCOME,76,71.74835786049428,167,15.029999999999982
94,WFAgent0,FEMALE_LOW_INCOME,138,139.87344135879763,148,139.72048635991015
94,WFAgent1,FEMALE_OLD_LOW_INCOME,76,68.24490635829568,0,0.0
94,WFAgent2,FEMALE_OLD_LOW_INCOME,76,72.18170469666082,80,71.83674353504797
94,WFAgent3,FEMALE_LOW_INCOME,138,138.92747042357018,0,0.0
94,WFAgent4,MALE_OLD,82,95.18472730361601,148,13.319999999999984
94,WFAgent5,FEMALE_OLD,88,79.79641610382463,147,79.48266212342419
95,WEAgent1,FEMALE_OLD,88,77.54087579718085,87,76.6597294813038
95,WEAgent0,MALE_OLD,82,77.06296161642202,162,14.579999999999982
95,WFAgent0,OLD_HIGH_INCOME,38,36.26529408823753,86,19.448509847133444
95,WFAgent1,FEMALE_OLD_LOW_INCOME,76,77.95516712722782,399,35.9100000000001
95,WFAgent2,MALE_LOW_INCOME,114,97.67154331554195,326,29.33999999999996
95,WFAgent3,MALE_OLD_HIGH_INCOME,26,21.58419226553323,0,0.0
95,WFAgent4,MALE_YOUNG,74,62.73644277647727,383,34.47000000000005
95,WFAgent5,YOUNG_HIGH_INCOME,25,21.014899771828066,87,7.829999999999992
96,WEAgent1,FEMALE_YOUNG,70,59.038548481555836,411,54.31838021536884
96,WEAgent0,MALE_YOUNG_HIGH_INCOME,17,16.595383595514782,0,0.0
96,WFAgent0,MALE_OLD,82,78.35021751053272,162,14.579999999999982
96,WFAgent1,YOUNG_HIGH_INCOME,25,26.030969435183348,27,22.772011557171535
96,WFAgent2,MALE_YOUNG_HIGH_INCOME,17,18.54417029313866,90,8.099999999999993
96,WFAgent3,OLD_LOW_INCOME,132,120.68611280992604,480,43.20000000000038
96,WFAgent4,MALE_YOUNG,74,77.90744336701248,390,35.10000000000007
96,WFAgent5,MALE_YOUNG_HIGH_INCOME,17,19.049452394561992,18,18.950459197381416
97,WEAgent1,MALE_OLD_LOW_INCOME,57,58.876016215971454,365,32.84999999999999
97,WEAgent0,FEMALE_LOW_INCOME,138,128.06140228168897,306,98.76839995611353
97,WFAgent0,MALE_LOW_INCOME,114,135.66367511005657,367,33.029999999999994
97,WFAgent1,MALE_HIGH_INCOME,42,45.3615374691666,109,9.80999999999999
97,WFAgent2,OLD_LOW_INCOME,132,147.03177456661578,483,43.47000000000039
97,WFAgent3,MALE_YOUNG_LOW_INCOME,58,50.77643000529847,0,0.0
97,WFAgent4,FEMALE_HIGH_INCOME,21,22.318506739668138,57,5.129999999999996
97,WFAgent5,FEMALE_YOUNG,70,79.4708459798314,85,78.87839995611277
98,WEAgent1,MALE_HIGH_INCOME,42,42.481290611830495,75,20.933676917338918
98,WEAgent0,MALE_YOUNG_HIGH_INCOME,17,15.71367691733892,16,14.789342981024872
98,WFAgent0,OLD_LOW_INCOME,132,140.141666102903,465,41.85000000000033
98,WFAgent1,FEMALE_YOUNG_LOW_INCOME,62,73.73202086405182,410,36.90000000000014
98,WFAgent2,FEMALE_HIGH_INCOME,21,24.752719853904182,57,5.129999999999996
98,WFAgent3,MALE_OLD_LOW_INCOME,57,57.31345722893245,364,32.759999999999984
98,WFAgent4,MALE_OLD_LOW_INCOME,57,52.90793054467514,0,0.0
98,WFAgent5,FEMALE_OLD_LOW_INCOME,76,70.33733164369212,0,0.0
99,WEAgent1,OLD_HIGH_INCOME,38,38.88557981803288,164,14.759999999999982
99,WEAgent0,FEMALE_YOUNG_HIGH_INCOME,9,6.746873505103702,58,5.219999999999996
99,WFAgent0,FEMALE_YOUNG_LOW_INCOME,62,54.77142849439804,436,39.24000000000023
99,WFAgent1,MALE_HIGH_INCOME,42,38.57872439974363,0,0.0
99,WFAgent2,FEMALE_OLD_HIGH_INCOME,13,13.09778212958921,76,6.839999999999994
99,WFAgent3,MALE_HIGH_INCOME,42,41.815923615893816,91,8.189999999999992
99,WFAgent4,YOUNG_LOW_INCOME,120,130.35371347017582,373,33.570000000000014
99,WFAgent5,FEMALE_OLD,88,80.2313875139843,446,40.14000000000026

