0,WFAgent6,MALE_YOUNG,74,63.406775856131986,0,0.0
0,WFAgent7,MALE_YOUNG_HIGH_INCOME,17,17.758771032305486,0,0.0
0,WFAgent0,MALE_OLD,82,84.7828963414015,0,0.0
0,WFAgent1,MALE_OLD_LOW_INCOME,57,42.47805204815662,0,0.0
0,WFAgent2,MALE_OLD_LOW_INCOME,57,56.937761974980035,0,0.0
0,WFAgent3,MALE_LOW_INCOME,114,116.00396453566009,0,0.0
0,WFAgent4,MALE_HIGH_INCOME,42,38.80171010413454,0,0.0
0,WFAgent5,YOUNG_HIGH_INCOME,25,27.50238939587662,25,27.250000000000004
1,WFAgent6,MALE_YOUNG_LOW_INCOME,58,59.93683601336242,0,0.0
1,WFAgent7,YOUNG_LOW_INCOME,120,104.46243944501074,0,0.0
1,WFAgent0,FEMALE_OLD,88,78.95272381710522,0,0.0
1,WFAgent1,OLD_HIGH_INCOME,38,36.2950019626689,0,0.0
1,WFAgent2,YOUNG_LOW_INCOME,120,123.79807755822125,0,0.0
1,WFAgent3,FEMALE_LOW_INCOME,138,148.8305129646916,0,0.0
1,WFAgent4,YOUNG_HIGH_INCOME,25,27.27547817309153,25,27.250000000000004
1,WFAgent5,MALE_YOUNG_HIGH_INCOME,17,12.85341823077791,0,0.0
2,WFAgent6,MALE_HIGH_INCOME,42,40.616331839516,0,0.0
2,WFAgent7,FEMALE_OLD,88,81.7606454270675,0,0.0
2,WFAgent0,MALE_YOUNG,74,69.42699565343769,0,0.0
2,WFAgent1,MALE_YOUNG_LOW_INCOME,58,61.04356023341209,0,0.0
2,WFAgent2,FEMALE_YOUNG_HIGH_INCOME,9,8.332608275130845,0,0.0
2,WFAgent3,MALE_OLD_LOW_INCOME,57,56.482852364801836,0,0.0
2,WFAgent4,FEMALE_OLD_LOW_INCOME,76,74.83565665560597,0,0.0
2,WFAgent5,OLD_LOW_INCOME,132,156.27182419085807,143,155.87000000000037
3,WFAgent6,MALE_YOUNG_LOW_INCOME,58,58.71029364780602,0,0.0
3,WFAgent7,MALE_HIGH_INCOME,42,37.57065873156781,0,0.0
3,WFAgent0,MALE_LOW_INCOME,114,133.986421855323,122,132.9800000000003
3,WFAgent1,FEMALE_OLD_HIGH_INCOME,13,13.060626173096253,0,0.0
3,WFAgent2,YOUNG_LOW_INCOME,120,108.68494480430718,0,0.0
3,WFAgent3,FEMALE_OLD_HIGH_INCOME,13,14.826966844241097,13,14.170000000000005
3,WFAgent4,MALE_LOW_INCOME,114,133.19761839317817,122,132.9800000000003
3,WFAgent5,MALE_OLD_HIGH_INCOME,26,29.42225594165541,26,28.340000000000003
4,WFAgent6,MALE_OLD_HIGH_INCOME,26,23.088417710720698,0,0.0
4,WFAgent7,MALE_OLD,82,78.83492879634953,0,0.0
4,WFAgent0,FEMALE_YOUNG_LOW_INCOME,62,51.70752015675536,0,0.0
4,WFAgent1,MALE_OLD_HIGH_INCOME,26,22.588027336497113,0,0.0
4,WFAgent2,FEMALE_OLD_LOW_INCOME,76,81.97928304891616,0,0.0
4,WFAgent3,MALE_OLD_LOW_INCOME,57,55.0933298941315,0,0.0
4,WFAgent4,FEMALE_OLD_HIGH_INCOME,13,13.487050832723519,0,0.0
4,WFAgent5,FEMALE_OLD,88,86.32234058264069,0,0.0
5,WFAgent6,MALE_OLD_HIGH_INCOME,26,25.3976528039274,0,0.0
5,WFAgent7,FEMALE_LOW_INCOME,138,131.70623535356327,0,0.0
5,WFAgent0,FEMALE_YOUNG,70,73.65188636006876,0,0.0
5,WFAgent1,OLD_HIGH_INCOME,38,38.86480814768883,0,0.0
5,WFAgent2,FEMALE_OLD_LOW_INCOME,76,85.07053301228574,78,85.02000000000017
5,WFAgent3,FEMALE_YOUNG_HIGH_INCOME,9,9.505440087092307,0,0.0
5,WFAgent4,FEMALE_OLD,88,99.02633294486101,90,98.10000000000021
5,WFAgent5,YOUNG_HIGH_INCOME,25,24.084948624412338,0,0.0
6,WFAgent6,MALE_HIGH_INCOME,42,42.71006292970662,0,0.0
6,WFAgent7,YOUNG_LOW_INCOME,120,134.3624983754633,123,134.0700000000003
6,WFAgent0,MALE_YOUNG,74,79.78334476443268,0,0.0
6,WFAgent1,MALE_YOUNG,74,81.18205043125602,74,80.66000000000015
6,WFAgent2,MALE_OLD_LOW_INCOME,57,51.23010140253477,0,0.0
6,WFAgent3,MALE_OLD_HIGH_INCOME,26,23.091662364299918,0,0.0
6,WFAgent4,MALE_OLD_LOW_INCOME,57,53.04026538521228,0,0.0
6,WFAgent5,MALE_YOUNG,74,77.34577841409454,0,0.0
7,WFAgent6,MALE_LOW_INCOME,114,124.61217226084605,114,124.26000000000029
7,WFAgent7,FEMALE_LOW_INCOME,138,134.44274513697673,0,0.0
7,WFAgent0,MALE_OLD_LOW_INCOME,57,50.61667371469164,0,0.0
7,WFAgent1,MALE_YOUNG_HIGH_INCOME,17,19.669240468184828,18,19.620000000000005
7,WFAgent2,MALE_OLD_HIGH_INCOME,26,28.346436355213438,26,28.340000000000003
7,WFAgent3,FEMALE_OLD_HIGH_INCOME,13,12.892124567988533,0,0.0
7,WFAgent4,MALE_OLD_LOW_INCOME,57,59.92865736023381,0,0.0
7,WFAgent5,YOUNG_LOW_INCOME,120,131.73694173013752,120,130.8000000000003
8,WFAgent6,MALE_OLD,82,81.22086711699714,0,0.0
8,WFAgent7,FEMALE_YOUNG_HIGH_INCOME,9,9.491595276851633,0,0.0
8,WFAgent0,FEMALE_OLD_LOW_INCOME,76,80.86831280133656,0,0.0
8,WFAgent1,YOUNG_LOW_INCOME,120,154.5195037036716,141,153.69000000000037
8,WFAgent2,FEMALE_LOW_INCOME,138,132.6583048927141,0,0.0
8,WFAgent3,MALE_OLD_HIGH_INCOME,26,20.270000154157263,0,0.0
8,WFAgent4,FEMALE_YOUNG_LOW_INCOME,62,54.10838313688856,0,0.0
8,WFAgent5,FEMALE_HIGH_INCOME,21,20.4603291976659,0,0.0
9,WFAgent6,MALE_YOUNG_LOW_INCOME,58,66.93032942354594,61,66.49000000000011
9,WFAgent7,MALE_OLD,82,77.1511793154685,0,0.0
9,WFAgent0,FEMALE_OLD,88,92.66864322296951,0,0.0
9,WFAgent1,OLD_LOW_INCOME,132,158.4263049041055,145,158.05000000000038
9,WFAgent2,FEMALE_OLD,88,86.12672828927778,0,0.0
9,WFAgent3,FEMALE_OLD,88,90.92170692754732,0,0.0
9,WFAgent4,MALE_OLD_HIGH_INCOME,26,27.498340826411674,0,0.0
9,WFAgent5,FEMALE_YOUNG_HIGH_INCOME,9,9.483157367340697,0,0.0
10,WFAgent6,MALE_HIGH_INCOME,42,49.45227191584654,45,49.050000000000054
10,WFAgent7,MALE_HIGH_INCOME,42,42.5501773380722,0,0.0
10,WFAgent0,FEMALE_OLD,88,85.24238624961652,0,0.0
10,WFAgent1,MALE_YOUNG_LOW_INCOME,58,61.69641272221925,0,0.0
10,WFAgent2,MALE_OLD_LOW_INCOME,57,58.88675478944169,0,0.0
10,WFAgent3,MALE_HIGH_INCOME,42,31.09744963933129,0,0.0
10,WFAgent4,MALE_OLD,82,78.39641650622906,0,0.0
10,WFAgent5,MALE_HIGH_INCOME,42,40.22957978671371,0,0.0
11,WFAgent6,MALE_OLD,82,93.63056067002941,85,92.65000000000019
11,WFAgent7,MALE_OLD,82,79.62812337174343,0,0.0
11,WFAgent0,FEMALE_HIGH_INCOME,21,25.204351851023134,23,25.070000000000004
11,WFAgent1,OLD_LOW_INCOME,132,166.2369784341795,152,165.6800000000004
11,WFAgent2,MALE_YOUNG,74,65.86629360297307,0,0.0
11,WFAgent3,OLD_LOW_INCOME,132,143.4072438987625,0,0.0
11,WFAgent4,MALE_YOUNG,74,72.04033792798853,0,0.0
11,WFAgent5,MALE_LOW_INCOME,114,105.00431551049336,0,0.0
12,WFAgent6,MALE_LOW_INCOME,114,121.95913520677286,0,0.0
12,WFAgent7,YOUNG_HIGH_INCOME,25,27.032763459724162,0,0.0
12,WFAgent0,MALE_YOUNG,74,86.18150055959036,79,86.11000000000017
12,WFAgent1,FEMALE_YOUNG_HIGH_INCOME,9,8.087982256039147,0,0.0
12,WFAgent2,FEMALE_OLD,88,84.1468473122706,0,0.0
12,WFAgent3,FEMALE_OLD,88,94.78150482149013,0,0.0
12,WFAgent4,MALE_LOW_INCOME,114,115.62686352499837,0,0.0
12,WFAgent5,FEMALE_OLD_HIGH_INCOME,13,12.285227049426442,0,0.0
13,WFAgent6,FEMALE_OLD_HIGH_INCOME,13,14.279400680810348,13,14.170000000000005
13,WFAgent7,FEMALE_YOUNG_LOW_INCOME,62,54.84580011478762,0,0.0
13,WFAgent0,FEMALE_YOUNG,70,60.56902885334937,0,0.0
13,WFAgent1,FEMALE_OLD_HIGH_INCOME,13,14.52630229536304,13,14.170000000000005
13,WFAgent2,FEMALE_OLD,88,60.67964244568814,0,0.0
13,WFAgent3,MALE_OLD,82,79.27490604424271,0,0.0
13,WFAgent4,MALE_OLD,82,82.91472325250042,0,0.0
13,WFAgent5,FEMALE_YOUNG,70,73.97405073599143,0,0.0
14,WFAgent6,FEMALE_OLD_HIGH_INCOME,13,15.658733702753592,14,15.260000000000005
14,WFAgent7,FEMALE_OLD_HIGH_INCOME,13,12.513125882194652,0,0.0
14,WFAgent0,FEMALE_YOUNG_HIGH_INCOME,9,8.55536399034108,0,0.0
14,WFAgent1,MALE_YOUNG_LOW_INCOME,58,60.74086214705634,0,0.0
14,WFAgent2,MALE_OLD_LOW_INCOME,57,53.98449890930011,0,0.0
14,WFAgent3,MALE_OLD,82,90.24068387766982,82,89.38000000000018
14,WFAgent4,FEMALE_HIGH_INCOME,21,24.149599625944553,22,23.980000000000004
14,WFAgent5,MALE_YOUNG_HIGH_INCOME,17,17.783166492406917,0,0.0
15,WFAgent6,OLD_LOW_INCOME,132,120.91714916320436,0,0.0
15,WFAgent7,MALE_YOUNG,74,69.68353421343947,0,0.0
15,WFAgent0,MALE_YOUNG,74,93.82667909774626,86,93.7400000000002
15,WFAgent1,MALE_OLD_HIGH_INCOME,26,24.31318683799524,0,0.0
15,WFAgent2,MALE_OLD_HIGH_INCOME,26,28.621656418517112,26,28.340000000000003
15,WFAgent3,YOUNG_LOW_INCOME,120,112.74348928042605,0,0.0
15,WFAgent4,FEMALE_OLD,88,89.15487404876556,0,0.0
15,WFAgent5,OLD_HIGH_INCOME,38,35.41596072250641,0,0.0
16,WFAgent6,MALE_YOUNG_HIGH_INCOME,17,18.644315780975486,17,18.530000000000005
16,WFAgent7,MALE_OLD,82,70.7840490665123,0,0.0
16,WFAgent0,FEMALE_OLD_LOW_INCOME,76,86.38940500466074,79,86.11000000000017
16,WFAgent1,FEMALE_LOW_INCOME,138,125.90231552637093,0,0.0
16,WFAgent2,FEMALE_OLD_HIGH_INCOME,13,15.472938820203302,14,15.260000000000005
16,WFAgent3,FEMALE_OLD_HIGH_INCOME,13,14.221496652056869,13,14.170000000000005
16,WFAgent4,OLD_LOW_INCOME,132,130.72992752003427,0,0.0
16,WFAgent5,FEMALE_OLD_LOW_INCOME,76,71.4770158693768,0,0.0
17,WFAgent6,FEMALE_OLD_LOW_INCOME,76,77.52889541104096,0,0.0
17,WFAgent7,OLD_LOW_INCOME,132,120.7503187740983,0,0.0
17,WFAgent0,MALE_OLD,82,80.98048941222375,0,0.0
17,WFAgent1,FEMALE_YOUNG_HIGH_INCOME,9,8.912760732101646,0,0.0
17,WFAgent2,OLD_HIGH_INCOME,38,35.3038263156202,0,0.0
17,WFAgent3,MALE_YOUNG,74,77.55541399409942,0,0.0
17,WFAgent4,FEMALE_OLD,88,96.78355157047707,88,95.9200000000002
17,WFAgent5,OLD_HIGH_INCOME,38,41.8407087219436,38,41.42000000000003
18,WFAgent6,OLD_LOW_INCOME,132,108.38282443542586,0,0.0
18,WFAgent7,MALE_OLD_LOW_INCOME,57,50.21485902830476,0,0.0
18,WFAgent0,FEMALE_LOW_INCOME,138,143.98897320504906,0,0.0
18,WFAgent1,OLD_LOW_INCOME,132,140.72727661541143,0,0.0
18,WFAgent2,MALE_YOUNG,74,66.27528419825106,0,0.0
18,WFAgent3,FEMALE_YOUNG_LOW_INCOME,62,68.76962065806332,63,68.67000000000012
18,WFAgent4,FEMALE_YOUNG_LOW_INCOME,62,69.75269669049172,63,68.67000000000012
18,WFAgent5,FEMALE_OLD_LOW_INCOME,76,79.00488696149758,0,0.0
19,WFAgent6,YOUNG_HIGH_INCOME,25,25.85966466877308,0,0.0
19,WFAgent7,OLD_LOW_INCOME,132,131.6624405659626,0,0.0
19,WFAgent0,FEMALE_OLD_LOW_INCOME,76,76.84699055638241,0,0.0
19,WFAgent1,MALE_OLD_HIGH_INCOME,26,21.676250099742116,0,0.0
19,WFAgent2,MALE_YOUNG_HIGH_INCOME,17,16.974411751579424,0,0.0
19,WFAgent3,FEMALE_OLD,88,93.2238669467181,0,0.0
19,WFAgent4,FEMALE_LOW_INCOME,138,140.4576846022229,0,0.0
19,WFAgent5,MALE_YOUNG_LOW_INCOME,58,53.823989522397326,0,0.0
20,WFAgent6,MALE_YOUNG_LOW_INCOME,58,54.89598345271701,0,0.0
20,WFAgent7,MALE_YOUNG_HIGH_INCOME,17,14.828498383868462,0,0.0
20,WFAgent0,OLD_HIGH_INCOME,38,42.17815945385558,38,41.42000000000003
20,WFAgent1,FEMALE_OLD,88,83.91423898909254,0,0.0
20,WFAgent2,FEMALE_YOUNG_HIGH_INCOME,9,8.761805216548543,0,0.0
20,WFAgent3,FEMALE_HIGH_INCOME,21,22.242922428255568,0,0.0
20,WFAgent4,FEMALE_YOUNG_HIGH_INCOME,9,9.60536061905593,0,0.0
20,WFAgent5,FEMALE_OLD,88,66.07982704984906,0,0.0
21,WFAgent6,FEMALE_YOUNG_HIGH_INCOME,9,8.09402145859374,0,0.0
21,WFAgent7,MALE_YOUNG_LOW_INCOME,58,52.8076105546819,0,0.0
21,WFAgent0,MALE_YOUNG,74,78.97320513869725,0,0.0
21,WFAgent1,MALE_YOUNG_LOW_INCOME,58,60.38215111938123,0,0.0
21,WFAgent2,MALE_OLD_HIGH_INCOME,26,21.78957883697137,0,0.0
21,WFAgent3,OLD_LOW_INCOME,132,117.4877148826405,0,0.0
21,WFAgent4,FEMALE_YOUNG_HIGH_INCOME,9,8.972049944124404,0,0.0
21,WFAgent5,MALE_YOUNG_HIGH_INCOME,17,15.604757002191626,0,0.0
22,WFAgent6,MALE_LOW_INCOME,114,122.16151608892278,0,0.0
22,WFAgent7,MALE_OLD_HIGH_INCOME,26,25.69984998150639,0,0.0
22,WFAgent0,MALE_LOW_INCOME,114,113.3496076195428,0,0.0
22,WFAgent1,FEMALE_HIGH_INCOME,21,22.827003299678044,0,0.0
22,WFAgent2,FEMALE_YOUNG,70,76.38403616260909,70,76.30000000000014
22,WFAgent3,OLD_LOW_INCOME,132,186.2753672987864,170,185.30000000000047
22,WFAgent4,MALE_YOUNG_LOW_INCOME,58,60.76687081190141,0,0.0
22,WFAgent5,MALE_OLD_LOW_INCOME,57,64.84815362098513,59,64.3100000000001
23,WFAgent6,MALE_YOUNG_HIGH_INCOME,17,16.48935811776617,0,0.0
23,WFAgent7,OLD_LOW_INCOME,132,130.6785465012747,0,0.0
23,WFAgent0,FEMALE_YOUNG,70,51.51002840436627,0,0.0
23,WFAgent1,OLD_HIGH_INCOME,38,42.92966446615877,39,42.51000000000003
23,WFAgent2,MALE_OLD_LOW_INCOME,57,56.773912357681894,0,0.0
23,WFAgent3,FEMALE_OLD,88,79.34872162189123,0,0.0
23,WFAgent4,OLD_LOW_INCOME,132,139.88606798327896,0,0.0
23,WFAgent5,FEMALE_YOUNG_LOW_INCOME,62,64.57814902667175,0,0.0
24,WFAgent6,FEMALE_YOUNG,70,61.04434894053867,0,0.0
24,WFAgent7,MALE_LOW_INCOME,114,120.3319010613952,0,0.0
24,WFAgent0,YOUNG_HIGH_INCOME,25,27.681559653692588,25,27.250000000000004
24,WFAgent1,FEMALE_OLD_HIGH_INCOME,13,13.322022162014834,0,0.0
24,WFAgent2,FEMALE_OLD_HIGH_INCOME,13,10.5125920773139,0,0.0
24,WFAgent3,FEMALE_HIGH_INCOME,21,20.110011411826978,0,0.0
24,WFAgent4,OLD_HIGH_INCOME,38,38.66841195506969,0,0.0
24,WFAgent5,MALE_OLD,82,83.44627770794142,0,0.0
25,WFAgent6,MALE_YOUNG_LOW_INCOME,58,64.14104671102253,58,63.2200000000001
25,WFAgent7,YOUNG_HIGH_INCOME,25,25.370810860948477,0,0.0
25,WFAgent0,FEMALE_LOW_INCOME,138,118.65560761150732,0,0.0
25,WFAgent1,MALE_YOUNG_LOW_INCOME,58,55.332846995944244,0,0.0
25,WFAgent2,OLD_HIGH_INCOME,38,36.9219696130862,0,0.0
25,WFAgent3,YOUNG_HIGH_INCOME,25,22.880286272009712,0,0.0
25,WFAgent4,FEMALE_YOUNG,70,75.73303538462285,0,0.0
25,WFAgent5,OLD_LOW_INCOME,132,126.4695923552694,0,0.0
26,WFAgent6,YOUNG_LOW_INCOME,120,108.67652421046962,0,0.0
26,WFAgent7,OLD_HIGH_INCOME,38,37.428595419050936,0,0.0
26,WFAgent0,FEMALE_LOW_INCOME,138,119.49204002129039,0,0.0
26,WFAgent1,OLD_LOW_INCOME,132,137.7955422047584,0,0.0
26,WFAgent2,MALE_YOUNG_HIGH_INCOME,17,16.283264915780784,0,0.0
26,WFAgent3,MALE_OLD_LOW_INCOME,57,55.73239665435888,0,0.0
26,WFAgent4,FEMALE_OLD_HIGH_INCOME,13,12.318309465747776,0,0.0
26,WFAgent5,FEMALE_LOW_INCOME,138,132.34610782550308,0,0.0
27,WFAgent6,FEMALE_OLD,88,82.75447517974116,0,0.0
27,WFAgent7,FEMALE_HIGH_INCOME,21,23.217298612357855,21,22.890000000000004
27,WFAgent0,MALE_YOUNG_HIGH_INCOME,17,17.561572675076476,0,0.0
27,WFAgent1,YOUNG_HIGH_INCOME,25,25.497921336334564,0,0.0
27,WFAgent2,FEMALE_OLD_HIGH_INCOME,13,11.387077713907852,0,0.0
27,WFAgent3,MALE_OLD_HIGH_INCOME,26,28.918729329861897,26,28.340000000000003
27,WFAgent4,MALE_LOW_INCOME,114,124.46412227536358,114,124.26000000000029
27,WFAgent5,FEMALE_OLD_HIGH_INCOME,13,13.143758429986143,0,0.0
28,WFAgent6,YOUNG_LOW_INCOME,120,123.55367808815899,0,0.0
28,WFAgent7,MALE_YOUNG,74,67.35761071627235,0,0.0
28,WFAgent0,FEMALE_LOW_INCOME,138,136.3857569175353,0,0.0
28,WFAgent1,MALE_YOUNG_HIGH_INCOME,17,16.124773020563463,0,0.0
28,WFAgent2,FEMALE_YOUNG_HIGH_INCOME,9,8.975665227308259,0,0.0
28,WFAgent3,YOUNG_HIGH_INCOME,25,23.33365767176221,0,0.0
28,WFAgent4,FEMALE_YOUNG_LOW_INCOME,62,58.47248735218088,0,0.0
28,WFAgent5,FEMALE_LOW_INCOME,138,143.9834743303124,0,0.0
29,WFAgent6,MALE_YOUNG,74,65.91530679217396,0,0.0
29,WFAgent7,MALE_HIGH_INCOME,42,38.92277116926407,0,0.0
29,WFAgent0,MALE_LOW_INCOME,114,132.61117603069894,121,131.8900000000003
29,WFAgent1,FEMALE_OLD_LOW_INCOME,76,84.05652160381209,77,83.93000000000016
29,WFAgent2,MALE_HIGH_INCOME,42,39.29514613860196,0,0.0
29,WFAgent3,FEMALE_HIGH_INCOME,21,21.35582193485971,0,0.0
29,WFAgent4,MALE_YOUNG_HIGH_INCOME,17,19.48520813233538,17,18.530000000000005
29,WFAgent5,YOUNG_HIGH_INCOME,25,25.55996045503792,0,0.0
30,WFAgent6,FEMALE_LOW_INCOME,138,138.59915639986303,0,0.0
30,WFAgent7,FEMALE_YOUNG_HIGH_INCOME,9,7.5275171060484425,0,0.0
30,WFAgent0,MALE_YOUNG_LOW_INCOME,58,53.46081907201956,0,0.0
30,WFAgent1,YOUNG_LOW_INCOME,120,113.6723182404539,0,0.0
30,WFAgent2,OLD_HIGH_INCOME,38,39.6998585278873,0,0.0
30,WFAgent3,FEMALE_HIGH_INCOME,21,17.635609563370412,0,0.0
30,WFAgent4,MALE_HIGH_INCOME,42,43.57070848501131,0,0.0
30,WFAgent5,MALE_OLD_LOW_INCOME,57,53.941552156932346,0,0.0
31,WFAgent6,YOUNG_LOW_INCOME,120,118.66117516367375,0,0.0
31,WFAgent7,MALE_LOW_INCOME,114,87.61413152016426,0,0.0
31,WFAgent0,MALE_OLD_HIGH_INCOME,26,21.15562684310815,0,0.0
31,WFAgent1,MALE_OLD_LOW_INCOME,57,57.99957904022539,0,0.0
31,WFAgent2,FEMALE_OLD,88,89.59909939135287,0,0.0
31,WFAgent3,YOUNG_LOW_INCOME,120,120.94631088624513,0,0.0
31,WFAgent4,FEMALE_YOUNG,70,73.94036500911496,0,0.0
31,WFAgent5,MALE_LOW_INCOME,114,105.21186812010376,0,0.0
32,WFAgent6,FEMALE_YOUNG_HIGH_INCOME,9,7.9475937890176525,0,0.0
32,WFAgent7,MALE_OLD_HIGH_INCOME,26,28.256547308185,0,0.0
32,WFAgent0,FEMALE_HIGH_INCOME,21,20.908061570348078,0,0.0
32,WFAgent1,MALE_OLD_HIGH_INCOME,26,25.543148866736406,0,0.0
32,WFAgent2,FEMALE_YOUNG_LOW_INCOME,62,62.39839215175889,0,0.0
32,WFAgent3,FEMALE_YOUNG_LOW_INCOME,62,69.08641736175643,63,68.67000000000012
32,WFAgent4,MALE_OLD,82,74.50314472659103,0,0.0
32,WFAgent5,MALE_YOUNG,74,82.21024957681566,75,81.75000000000016
33,WFAgent6,OLD_LOW_INCOME,132,127.19935202989305,0,0.0
33,WFAgent7,FEMALE_OLD_LOW_INCOME,76,75.78989854358316,0,0.0
33,WFAgent0,MALE_OLD,82,78.89567057718827,0,0.0
33,WFAgent1,MALE_YOUNG_LOW_INCOME,58,63.47700372661738,58,63.2200000000001
33,WFAgent2,MALE_YOUNG,74,80.26997658920685,0,0.0
33,WFAgent3,FEMALE_LOW_INCOME,138,155.54615730100628,142,154.78000000000037
33,WFAgent4,FEMALE_OLD,88,86.47061225100333,0,0.0
33,WFAgent5,FEMALE_OLD_LOW_INCOME,76,80.62206492808026,0,0.0
34,WFAgent6,MALE_HIGH_INCOME,42,43.307079114716174,0,0.0
34,WFAgent7,FEMALE_YOUNG,70,56.05391432492303,0,0.0
34,WFAgent0,FEMALE_OLD_HIGH_INCOME,13,11.295197892528813,0,0.0
34,WFAgent1,FEMALE_YOUNG_HIGH_INCOME,9,10.126486709666516,9,9.810000000000006
34,WFAgent2,FEMALE_YOUNG_LOW_INCOME,62,65.29292080336353,0,0.0
34,WFAgent3,FEMALE_HIGH_INCOME,21,22.533940452798937,0,0.0
34,WFAgent4,OLD_HIGH_INCOME,38,36.635762576128705,0,0.0
34,WFAgent5,MALE_OLD_LOW_INCOME,57,56.605146873876166,0,0.0
35,WFAgent6,YOUNG_HIGH_INCOME,25,26.8463885254985,0,0.0
35,WFAgent7,FEMALE_YOUNG_HIGH_INCOME,9,11.095900195386225,10,10.900000000000006
35,WFAgent0,FEMALE_OLD_LOW_INCOME,76,68.01235881043597,0,0.0
35,WFAgent1,MALE_OLD_LOW_INCOME,57,59.907556258331866,0,0.0
35,WFAgent2,FEMALE_YOUNG,70,73.61583271367138,0,0.0
35,WFAgent3,FEMALE_YOUNG_HIGH_INCOME,9,9.951701703255061,9,9.810000000000006
35,WFAgent4,FEMALE_OLD_LOW_INCOME,76,65.94971175583049,0,0.0
35,WFAgent5,MALE_LOW_INCOME,114,121.43536042093243,0,0.0
36,WFAgent6,FEMALE_HIGH_INCOME,21,19.261915214742412,0,0.0
36,WFAgent7,FEMALE_OLD_HIGH_INCOME,13,13.95746288614483,0,0.0
36,WFAgent0,MALE_YOUNG_LOW_INCOME,58,60.4732560242484,0,0.0
36,WFAgent1,MALE_YOUNG_LOW_INCOME,58,65.0067566037772,59,64.3100000000001
36,WFAgent2,MALE_OLD_LOW_INCOME,57,50.847604376554266,0,0.0
36,WFAgent3,MALE_LOW_INCOME,114,109.2324464188186,0,0.0
36,WFAgent4,MALE_OLD,82,86.37126426961665,0,0.0
36,WFAgent5,FEMALE_LOW_INCOME,138,159.8398304129627,146,159.14000000000038
37,WFAgent6,MALE_OLD,82,100.0587118245974,91,99.19000000000021
37,WFAgent7,FEMALE_OLD_LOW_INCOME,76,88.90206359628357,81,88.29000000000018
37,WFAgent0,YOUNG_HIGH_INCOME,25,28.611399958901412,26,28.340000000000003
37,WFAgent1,FEMALE_YOUNG,70,71.05662378038323,0,0.0
37,WFAgent2,FEMALE_YOUNG_LOW_INCOME,62,57.81607653472538,0,0.0
37,WFAgent3,FEMALE_OLD_HIGH_INCOME,13,12.612268964957146,0,0.0
37,WFAgent4,FEMALE_HIGH_INCOME,21,21.952483843284945,0,0.0
37,WFAgent5,MALE_OLD_LOW_INCOME,57,63.20117849208743,57,62.130000000000095
38,WFAgent6,FEMALE_OLD_LOW_INCOME,76,97.4536452050449,89,97.0100000000002
38,WFAgent7,MALE_OLD_HIGH_INCOME,26,26.539091551786477,0,0.0
38,WFAgent0,MALE_LOW_INCOME,114,109.7738530313832,0,0.0
38,WFAgent1,MALE_OLD_HIGH_INCOME,26,24.400384821562223,0,0.0
38,WFAgent2,FEMALE_YOUNG_HIGH_INCOME,9,8.693795213502588,0,0.0
38,WFAgent3,YOUNG_LOW_INCOME,120,102.28544067081373,0,0.0
38,WFAgent4,MALE_YOUNG,74,67.9255413834626,0,0.0
38,WFAgent5,MALE_HIGH_INCOME,42,44.99571641575725,0,0.0
39,WFAgent6,FEMALE_YOUNG,70,80.97612097761788,74,80.66000000000015
39,WFAgent7,YOUNG_HIGH_INCOME,25,21.468152386855618,0,0.0
39,WFAgent0,YOUNG_LOW_INCOME,120,124.35052313142666,0,0.0
39,WFAgent1,MALE_YOUNG,74,78.72850066867811,0,0.0
39,WFAgent2,FEMALE_OLD,88,95.86535656855756,0,0.0
39,WFAgent3,YOUNG_LOW_INCOME,120,127.7660493839926,0,0.0
39,WFAgent4,FEMALE_YOUNG_LOW_INCOME,62,63.67281284614828,0,0.0
39,WFAgent5,FEMALE_OLD,88,94.1244046990145,0,0.0
40,WFAgent6,FEMALE_HIGH_INCOME,21,17.83501109826568,0,0.0
40,WFAgent7,FEMALE_YOUNG,70,63.75261704816985,0,0.0
40,WFAgent0,OLD_LOW_INCOME,132,124.00551365926593,0,0.0
40,WFAgent1,FEMALE_OLD_HIGH_INCOME,13,14.011495144440435,0,0.0
40,WFAgent2,FEMALE_OLD_LOW_INCOME,76,81.08180321525144,0,0.0
40,WFAgent3,FEMALE_OLD,88,75.4636529191782,0,0.0
40,WFAgent4,YOUNG_LOW_INCOME,120,135.6180410538492,124,135.1600000000003
40,WFAgent5,FEMALE_LOW_INCOME,138,143.1065276765429,0,0.0
41,WFAgent6,MALE_YOUNG_HIGH_INCOME,17,15.135021416921736,0,0.0
41,WFAgent7,FEMALE_YOUNG_LOW_INCOME,62,46.111800857865106,0,0.0
41,WFAgent0,FEMALE_OLD,88,94.18960828739007,0,0.0
41,WFAgent1,FEMALE_OLD_HIGH_INCOME,13,10.913580969281327,0,0.0
41,WFAgent2,MALE_YOUNG_HIGH_INCOME,17,20.491965720813116,18,19.620000000000005
41,WFAgent3,MALE_YOUNG,74,70.10879153993763,0,0.0
41,WFAgent4,FEMALE_OLD_HIGH_INCOME,13,14.337316351258577,13,14.170000000000005
41,WFAgent5,YOUNG_HIGH_INCOME,25,26.792671335296074,0,0.0
42,WFAgent6,FEMALE_OLD_LOW_INCOME,76,74.26134752627932,0,0.0
42,WFAgent7,OLD_HIGH_INCOME,38,35.98067515242276,0,0.0
42,WFAgent0,FEMALE_HIGH_INCOME,21,20.655480645881827,0,0.0
42,WFAgent1,FEMALE_OLD_HIGH_INCOME,13,12.919611222557684,0,0.0
42,WFAgent2,OLD_HIGH_INCOME,38,37.196183113404935,0,0.0
42,WFAgent3,MALE_YOUNG_HIGH_INCOME,17,16.08226846260553,0,0.0
42,WFAgent4,FEMALE_OLD,88,96.55775193368609,88,95.9200000000002
42,WFAgent5,FEMALE_HIGH_INCOME,21,21.529168760437987,0,0.0
43,WFAgent6,MALE_OLD_HIGH_INCOME,26,26.95604012632493,0,0.0
43,WFAgent7,OLD_HIGH_INCOME,38,34.220922421657434,0,0.0
43,WFAgent0,FEMALE_LOW_INCOME,138,150.4001081748169,0,0.0
43,WFAgent1,FEMALE_OLD_HIGH_INCOME,13,12.724483928861705,0,0.0
43,WFAgent2,MALE_LOW_INCOME,114,120.10275766170301,0,0.0
43,WFAgent3,FEMALE_YOUNG_LOW_INCOME,62,70.48533008895689,64,69.76000000000012
43,WFAgent4,FEMALE_OLD,88,84.69643701258161,0,0.0
43,WFAgent5,FEMALE_HIGH_INCOME,21,21.837313684563263,0,0.0
44,WFAgent6,FEMALE_YOUNG_HIGH_INCOME,9,8.740342071048811,0,0.0
44,WFAgent7,MALE_OLD_HIGH_INCOME,26,23.712566304712887,0,0.0
44,WFAgent0,FEMALE_YOUNG,70,65.89334690988566,0,0.0
44,WFAgent1,FEMALE_OLD,88,85.82177586324958,0,0.0
44,WFAgent2,MALE_OLD_HIGH_INCOME,26,28.190709771249814,0,0.0
44,WFAgent3,FEMALE_YOUNG,70,60.30210278030844,0,0.0
44,WFAgent4,MALE_OLD_HIGH_INCOME,26,24.74861154713213,0,0.0
44,WFAgent5,OLD_HIGH_INCOME,38,32.702894287216104,0,0.0
45,WFAgent6,MALE_YOUNG_HIGH_INCOME,17,19.45500766261775,17,18.530000000000005
45,WFAgent7,YOUNG_HIGH_INCOME,25,27.218497375072996,0,0.0
45,WFAgent0,MALE_OLD_HIGH_INCOME,26,22.575034472916272,0,0.0
45,WFAgent1,OLD_LOW_INCOME,132,107.90624192415517,0,0.0
45,WFAgent2,OLD_LOW_INCOME,132,144.8044748542456,132,143.88000000000034
45,WFAgent3,FEMALE_OLD_HIGH_INCOME,13,13.204025172553145,0,0.0
45,WFAgent4,FEMALE_OLD,88,91.62723397780454,0,0.0
45,WFAgent5,FEMALE_YOUNG_HIGH_INCOME,9,9.23189588381725,0,0.0
46,WFAgent6,MALE_OLD,82,85.2837914959102,0,0.0
46,WFAgent7,MALE_OLD,82,89.72039147220042,82,89.38000000000018
46,WFAgent0,FEMALE_YOUNG_LOW_INCOME,62,58.678724744200764,0,0.0
46,WFAgent1,FEMALE_LOW_INCOME,138,122.93469902514067,0,0.0
46,WFAgent2,FEMALE_OLD,88,82.09813710373157,0,0.0
46,WFAgent3,FEMALE_YOUNG_LOW_INCOME,62,59.69526197800598,0,0.0
46,WFAgent4,FEMALE_YOUNG_HIGH_INCOME,9,7.37445344820855,0,0.0
46,WFAgent5,YOUNG_LOW_INCOME,120,105.74849262117232,0,0.0
47,WFAgent6,OLD_LOW_INCOME,132,146.87176389646086,134,146.06000000000034
47,WFAgent7,MALE_LOW_INCOME,114,89.46604252238066,0,0.0
47,WFAgent0,MALE_YOUNG_LOW_INCOME,58,60.90246061314032,0,0.0
47,WFAgent1,FEMALE_LOW_INCOME,138,125.83686366524816,0,0.0
47,WFAgent2,FEMALE_OLD_HIGH_INCOME,13,14.779217611999885,13,14.170000000000005
47,WFAgent3,MALE_YOUNG_HIGH_INCOME,17,17.541900725178014,0,0.0
47,WFAgent4,MALE_HIGH_INCOME,42,45.19629002738396,0,0.0
47,WFAgent5,FEMALE_YOUNG_HIGH_INCOME,9,9.003677768910459,0,0.0
48,WFAgent6,FEMALE_OLD_HIGH_INCOME,13,13.917713955746493,0,0.0
48,WFAgent7,MALE_OLD_LOW_INCOME,57,54.16830810574768,0,0.0
48,WFAgent0,FEMALE_YOUNG_HIGH_INCOME,9,8.298410460896134,0,0.0
48,WFAgent1,FEMALE_YOUNG_LOW_INCOME,62,66.36323290720867,0,0.0
48,WFAgent2,MALE_LOW_INCOME,114,127.71246504364541,117,127.5300000000003
48,WFAgent3,FEMALE_HIGH_INCOME,21,17.6083411266815,0,0.0
48,WFAgent4,FEMALE_YOUNG_HIGH_INCOME,9,9.129162079890808,0,0.0
48,WFAgent5,MALE_YOUNG,74,79.99737295620957,0,0.0
49,WFAgent6,MALE_OLD_HIGH_INCOME,26,26.067864127301327,0,0.0
49,WFAgent7,FEMALE_YOUNG_LOW_INCOME,62,62.49070641048568,0,0.0
49,WFAgent0,YOUNG_HIGH_INCOME,25,23.114174024986244,0,0.0
49,WFAgent1,MALE_YOUNG_LOW_INCOME,58,64.49911653446631,59,64.3100000000001
49,WFAgent2,MALE_YOUNG,74,70.31012570740585,0,0.0
49,WFAgent3,FEMALE_OLD_LOW_INCOME,76,97.8159106295422,89,97.0100000000002
49,WFAgent4,OLD_HIGH_INCOME,38,42.84300781402895,39,42.51000000000003
49,WFAgent5,MALE_HIGH_INCOME,42,42.879826331307264,0,0.0
50,WFAgent6,MALE_OLD_LOW_INCOME,57,55.989420146169905,0,0.0
50,WFAgent7,MALE_OLD_LOW_INCOME,57,60.089881767808336,0,0.0
50,WFAgent0,MALE_OLD_HIGH_INCOME,26,28.37725121477862,26,28.340000000000003
50,WFAgent1,OLD_LOW_INCOME,132,135.63661563054873,0,0.0
50,WFAgent2,FEMALE_LOW_INCOME,138,141.1211406785399,0,0.0
50,WFAgent3,MALE_HIGH_INCOME,42,42.83947825473325,0,0.0
50,WFAgent4,MALE_OLD_HIGH_INCOME,26,24.467418349095496,0,0.0
50,WFAgent5,MALE_OLD_LOW_INCOME,57,48.48648526853581,0,0.0
51,WFAgent6,FEMALE_YOUNG,70,55.32403069433038,0,0.0
51,WFAgent7,FEMALE_OLD_HIGH_INCOME,13,13.506484763567398,0,0.0
51,WFAgent0,FEMALE_YOUNG_HIGH_INCOME,9,9.935969472246807,9,9.810000000000006
51,WFAgent1,MALE_YOUNG_LOW_INCOME,58,58.645664059709176,0,0.0
51,WFAgent2,FEMALE_YOUNG,70,79.31985900204252,72,78.48000000000015
51,WFAgent3,MALE_YOUNG_HIGH_INCOME,17,16.15351433495665,0,0.0
51,WFAgent4,FEMALE_HIGH_INCOME,21,22.58987753900283,0,0.0
51,WFAgent5,FEMALE_OLD_LOW_INCOME,76,61.078374457294004,0,0.0
52,WFAgent6,YOUNG_LOW_INCOME,120,133.3412779360234,122,132.9800000000003
52,WFAgent7,MALE_YOUNG_HIGH_INCOME,17,16.233045075293287,0,0.0
52,WFAgent0,MALE_HIGH_INCOME,42,44.31489350038558,0,0.0
52,WFAgent1,FEMALE_OLD_LOW_INCOME,76,82.25651947844736,0,0.0
52,WFAgent2,FEMALE_HIGH_INCOME,21,20.945183749828573,0,0.0
52,WFAgent3,MALE_YOUNG_HIGH_INCOME,17,16.69147927998124,0,0.0
52,WFAgent4,FEMALE_LOW_INCOME,138,133.38148504386146,0,0.0
52,WFAgent5,MALE_HIGH_INCOME,42,44.93062378580288,0,0.0
53,WFAgent6,OLD_HIGH_INCOME,38,37.57552540286194,0,0.0
53,WFAgent7,FEMALE_YOUNG,70,74.25176876304936,0,0.0
53,WFAgent0,FEMALE_OLD,88,77.70930403593123,0,0.0
53,WFAgent1,YOUNG_LOW_INCOME,120,128.22953878348716,0,0.0
53,WFAgent2,MALE_YOUNG_HIGH_INCOME,17,18.341329745030972,0,0.0
53,WFAgent3,YOUNG_HIGH_INCOME,25,23.133253963534415,0,0.0
53,WFAgent4,MALE_OLD_LOW_INCOME,57,49.40664352323704,0,0.0
53,WFAgent5,FEMALE_YOUNG_LOW_INCOME,62,67.68714883516007,62,67.58000000000011
54,WFAgent6,MALE_OLD,82,78.44939777131107,0,0.0
54,WFAgent7,MALE_OLD_LOW_INCOME,57,60.03304585203486,0,0.0
54,WFAgent0,FEMALE_YOUNG_HIGH_INCOME,9,11.058544390778842,10,10.900000000000006
54,WFAgent1,FEMALE_OLD_LOW_INCOME,76,78.49262731259803,0,0.0
54,WFAgent2,FEMALE_OLD_LOW_INCOME,76,87.92379021295561,80,87.20000000000017
54,WFAgent3,FEMALE_OLD_LOW_INCOME,76,70.41501873257063,0,0.0
54,WFAgent4,FEMALE_YOUNG_HIGH_INCOME,9,10.792877274530653,9,9.810000000000006
54,WFAgent5,OLD_HIGH_INCOME,38,40.66162415146179,0,0.0
55,WFAgent6,MALE_HIGH_INCOME,42,44.33819542272574,0,0.0
55,WFAgent7,FEMALE_OLD,88,85.67528747446121,0,0.0
55,WFAgent0,OLD_HIGH_INCOME,38,39.19840715567707,0,0.0
55,WFAgent1,MALE_OLD_HIGH_INCOME,26,34.4044595342894,31,33.790000000000006
55,WFAgent2,OLD_LOW_INCOME,132,110.19177757037772,0,0.0
55,WFAgent3,MALE_YOUNG_LOW_INCOME,58,48.76913890181989,0,0.0
55,WFAgent4,YOUNG_HIGH_INCOME,25,24.761304743774446,0,0.0
55,WFAgent5,MALE_OLD_HIGH_INCOME,26,22.832850290551946,0,0.0
56,WFAgent6,FEMALE_HIGH_INCOME,21,18.7667684797522,0,0.0
56,WFAgent7,FEMALE_YOUNG_LOW_INCOME,62,74.11605776562524,67,73.03000000000013
56,WFAgent0,FEMALE_HIGH_INCOME,21,21.93038681115981,0,0.0
56,WFAgent1,FEMALE_YOUNG_HIGH_INCOME,9,9.50427730831954,0,0.0
56,WFAgent2,OLD_HIGH_INCOME,38,34.529808154889935,0,0.0
56,WFAgent3,MALE_OLD_LOW_INCOME,57,55.27829527321735,0,0.0
56,WFAgent4,FEMALE_OLD_HIGH_INCOME,13,12.71919438427098,0,0.0
56,WFAgent5,MALE_OLD,82,85.181642824619,0,0.0
57,WFAgent6,FEMALE_OLD_LOW_INCOME,76,78.75306482310106,0,0.0
57,WFAgent7,OLD_HIGH_INCOME,38,29.16271726232181,0,0.0
57,WFAgent0,MALE_HIGH_INCOME,42,41.27447774488319,0,0.0
57,WFAgent1,OLD_HIGH_INCOME,38,38.28219926325572,0,0.0
57,WFAgent2,MALE_YOUNG_LOW_INCOME,58,67.95732674711982,62,67.58000000000011
57,WFAgent3,MALE_OLD_HIGH_INCOME,26,27.682549237948493,0,0.0
57,WFAgent4,FEMALE_YOUNG_LOW_INCOME,62,70.02358093333648,64,69.76000000000012
57,WFAgent5,MALE_OLD,82,74.6600933640567,0,0.0
58,WFAgent6,MALE_HIGH_INCOME,42,42.686641424046236,0,0.0
58,WFAgent7,MALE_OLD_LOW_INCOME,57,48.65032988804806,0,0.0
58,WFAgent0,YOUNG_HIGH_INCOME,25,24.982918564358243,0,0.0
58,WFAgent1,YOUNG_HIGH_INCOME,25,24.5769161756177,0,0.0
58,WFAgent2,FEMALE_YOUNG,70,73.03712555581092,0,0.0
58,WFAgent3,MALE_YOUNG,74,71.77054864417092,0,0.0
58,WFAgent4,FEMALE_YOUNG,70,69.4374703682047,0,0.0
58,WFAgent5,FEMALE_OLD,88,73.46974115935129,0,0.0
59,WFAgent6,MALE_YOUNG_HIGH_INCOME,17,18.527835651195456,0,0.0
59,WFAgent7,FEMALE_YOUNG,70,65.83001675213748,0,0.0
59,WFAgent0,YOUNG_LOW_INCOME,120,136.56837165994216,125,136.2500000000003
59,WFAgent1,MALE_HIGH_INCOME,42,36.247173990262,0,0.0
59,WFAgent2,MALE_YOUNG_LOW_INCOME,58,53.153895197452975,0,0.0
59,WFAgent3,FEMALE_YOUNG_HIGH_INCOME,9,9.53296680856081,0,0.0
59,WFAgent4,YOUNG_HIGH_INCOME,25,23.93516278180721,0,0.0
59,WFAgent5,MALE_LOW_INCOME,114,131.37851638039925,120,130.8000000000003
60,WFAgent6,FEMALE_OLD_HIGH_INCOME,13,11.35383131375527,0,0.0
60,WFAgent7,MALE_OLD,82,74.85276129187531,0,0.0
60,WFAgent0,MALE_OLD,82,87.74989004229789,0,0.0
60,WFAgent1,MALE_YOUNG,74,83.47863372969988,76,82.84000000000016
60,WFAgent2,FEMALE_LOW_INCOME,138,118.05382524886507,0,0.0
60,WFAgent3,FEMALE_YOUNG_HIGH_INCOME,9,8.500925228452852,0,0.0
60,WFAgent4,FEMALE_OLD_HIGH_INCOME,13,11.376249063424785,0,0.0
60,WFAgent5,FEMALE_YOUNG,70,74.52789430180484,0,0.0
61,WFAgent6,MALE_OLD_LOW_INCOME,57,59.1811755009518,0,0.0
61,WFAgent7,MALE_YOUNG,74,80.0787758673239,0,0.0
61,WFAgent0,OLD_HIGH_INCOME,38,44.6597533579406,40,43.60000000000004
61,WFAgent1,MALE_LOW_INCOME,114,99.87819953947233,0,0.0
61,WFAgent2,MALE_OLD_HIGH_INCOME,26,30.349006306815344,27,29.430000000000003
61,WFAgent3,OLD_LOW_INCOME,132,147.804063719459,135,147.15000000000035
61,WFAgent4,MALE_HIGH_INCOME,42,44.72273833240131,0,0.0
61,WFAgent5,YOUNG_LOW_INCOME,120,116.68171506844074,0,0.0
62,WFAgent6,OLD_HIGH_INCOME,38,36.280012691015436,0,0.0
62,WFAgent7,MALE_OLD_LOW_INCOME,57,65.30596028330102,59,64.3100000000001
62,WFAgent0,FEMALE_YOUNG_LOW_INCOME,62,71.12974778648623,65,70.85000000000012
62,WFAgent1,OLD_LOW_INCOME,132,112.17490553953971,0,0.0
62,WFAgent2,MALE_OLD,82,80.45765335771476,0,0.0
62,WFAgent3,MALE_YOUNG,74,81.20411715069835,74,80.66000000000015
62,WFAgent4,FEMALE_HIGH_INCOME,21,21.311524947470563,0,0.0
62,WFAgent5,MALE_YOUNG_LOW_INCOME,58,63.52833598274812,58,63.2200000000001
63,WFAgent6,FEMALE_LOW_INCOME,138,129.61131089961876,0,0.0
63,WFAgent7,FEMALE_YOUNG_HIGH_INCOME,9,9.677906417288234,0,0.0
63,WFAgent0,MALE_OLD_LOW_INCOME,57,52.03895903127211,0,0.0
63,WFAgent1,FEMALE_OLD,88,94.25783440942044,0,0.0
63,WFAgent2,YOUNG_LOW_INCOME,120,128.21171348660374,0,0.0
63,WFAgent3,FEMALE_OLD_HIGH_INCOME,13,12.326485247178924,0,0.0
63,WFAgent4,MALE_HIGH_INCOME,42,41.57242773898378,0,0.0
63,WFAgent5,OLD_HIGH_INCOME,38,37.2602644396845,0,0.0
64,WFAgent6,FEMALE_YOUNG_LOW_INCOME,62,66.78542843210244,0,0.0
64,WFAgent7,MALE_OLD,82,86.17742535079526,0,0.0
64,WFAgent0,FEMALE_LOW_INCOME,138,135.83478086105026,0,0.0
64,WFAgent1,FEMALE_OLD_LOW_INCOME,76,80.67060562941607,0,0.0
64,WFAgent2,FEMALE_HIGH_INCOME,21,20.647655914689462,0,0.0
64,WFAgent3,OLD_HIGH_INCOME,38,31.695909691769558,0,0.0
64,WFAgent4,FEMALE_YOUNG_HIGH_INCOME,9,9.084451187921607,0,0.0
64,WFAgent5,FEMALE_LOW_INCOME,138,148.53728102139007,0,0.0
65,WFAgent6,MALE_OLD,82,100.96185560394186,92,100.28000000000021
65,WFAgent7,FEMALE_HIGH_INCOME,21,21.563984370068333,0,0.0
65,WFAgent0,OLD_LOW_INCOME,132,131.0606627789203,0,0.0
65,WFAgent1,FEMALE_YOUNG_LOW_INCOME,62,62.43342950447331,0,0.0
65,WFAgent2,MALE_OLD_LOW_INCOME,57,43.6749344909152,0,0.0
65,WFAgent3,MALE_YOUNG,74,74.5437621592805,0,0.0
65,WFAgent4,YOUNG_LOW_INCOME,120,150.73796071252713,138,150.42000000000036
65,WFAgent5,FEMALE_OLD_HIGH_INCOME,13,15.99528712058649,14,15.260000000000005
66,WFAgent6,FEMALE_YOUNG_LOW_INCOME,62,60.55821782946527,0,0.0
66,WFAgent7,MALE_OLD_LOW_INCOME,57,64.18910695258302,58,63.2200000000001
66,WFAgent0,OLD_HIGH_INCOME,38,38.508173286800954,0,0.0
66,WFAgent1,YOUNG_HIGH_INCOME,25,20.792819241400622,0,0.0
66,WFAgent2,FEMALE_OLD,88,81.83560555569865,0,0.0
66,WFAgent3,MALE_OLD_LOW_INCOME,57,56.72598588375142,0,0.0
66,WFAgent4,FEMALE_OLD,88,80.70617857403093,0,0.0
66,WFAgent5,MALE_YOUNG_LOW_INCOME,58,58.38606274862052,0,0.0
67,WFAgent6,OLD_HIGH_INCOME,38,40.04585288238196,0,0.0
67,WFAgent7,FEMALE_OLD,88,75.67112458165502,0,0.0
67,WFAgent0,FEMALE_HIGH_INCOME,21,18.28922655225614,0,0.0
67,WFAgent1,MALE_OLD,82,66.17368743950601,0,0.0
67,WFAgent2,MALE_YOUNG,74,78.4202951221281,0,0.0
67,WFAgent3,MALE_OLD_LOW_INCOME,57,60.643635544960716,0,0.0
67,WFAgent4,MALE_HIGH_INCOME,42,35.16293092123719,0,0.0
67,WFAgent5,MALE_HIGH_INCOME,42,36.94087229711373,0,0.0
68,WFAgent6,MALE_OLD_HIGH_INCOME,26,25.79213428916368,0,0.0
68,WFAgent7,MALE_YOUNG_LOW_INCOME,58,50.511039120170736,0,0.0
68,WFAgent0,FEMALE_LOW_INCOME,138,142.09306760111906,0,0.0
68,WFAgent1,MALE_YOUNG_LOW_INCOME,58,56.752487489316735,0,0.0
68,WFAgent2,MALE_YOUNG_HIGH_INCOME,17,17.53627343236117,0,0.0
68,WFAgent3,FEMALE_YOUNG_LOW_INCOME,62,59.65398792140493,0,0.0
68,WFAgent4,MALE_YOUNG_HIGH_INCOME,17,15.748190079392502,0,0.0
68,WFAgent5,YOUNG_LOW_INCOME,120,105.93415129553307,0,0.0
69,WFAgent6,MALE_YOUNG,74,62.4072474952243,0,0.0
69,WFAgent7,OLD_LOW_INCOME,132,141.09410079070432,0,0.0
69,WFAgent0,MALE_LOW_INCOME,114,128.9188644088141,118,128.6200000000003
69,WFAgent1,YOUNG_LOW_INCOME,120,109.40172436610679,0,0.0
69,WFAgent2,FEMALE_HIGH_INCOME,21,21.8701742303046,0,0.0
69,WFAgent3,FEMALE_OLD,88,75.51670085761262,0,0.0
69,WFAgent4,FEMALE_YOUNG,70,68.35714717576279,0,0.0
69,WFAgent5,MALE_YOUNG_HIGH_INCOME,17,16.220496040135803,0,0.0
70,WFAgent6,MALE_YOUNG_LOW_INCOME,58,47.079882659749934,0,0.0
70,WFAgent7,YOUNG_LOW_INCOME,120,95.95437235379637,0,0.0
70,WFAgent0,MALE_YOUNG_LOW_INCOME,58,55.306810500318484,0,0.0
70,WFAgent1,FEMALE_OLD_HIGH_INCOME,13,13.902718056045966,0,0.0
70,WFAgent2,FEMALE_OLD_HIGH_INCOME,13,13.165169521463119,0,0.0
70,WFAgent3,MALE_OLD_HIGH_INCOME,26,23.459897738712414,0,0.0
70,WFAgent4,OLD_LOW_INCOME,132,127.58943641185371,0,0.0
70,WFAgent5,OLD_HIGH_INCOME,38,37.14976469664923,0,0.0
71,WFAgent6,MALE_OLD_LOW_INCOME,57,50.99374973942116,0,0.0
71,WFAgent7,MALE_OLD_LOW_INCOME,57,64.80667359203339,59,64.3100000000001
71,WFAgent0,MALE_YOUNG_HIGH_INCOME,17,19.489367043776085,17,18.530000000000005
71,WFAgent1,FEMALE_YOUNG,70,76.78996821662574,70,76.30000000000014
71,WFAgent2,MALE_YOUNG_HIGH_INCOME,17,17.044022716104475,0,0.0
71,WFAgent3,MALE_OLD_LOW_INCOME,57,65.78901289718999,60,65.4000000000001
71,WFAgent4,MALE_OLD,82,83.63962441466487,0,0.0
71,WFAgent5,FEMALE_YOUNG_HIGH_INCOME,9,8.786984313033564,0,0.0
72,WFAgent6,MALE_LOW_INCOME,114,97.42628815386558,0,0.0
72,WFAgent7,FEMALE_LOW_INCOME,138,147.92405477095656,0,0.0
72,WFAgent0,FEMALE_YOUNG,70,54.977726386896684,0,0.0
72,WFAgent1,FEMALE_HIGH_INCOME,21,19.109253712498088,0,0.0
72,WFAgent2,FEMALE_YOUNG_HIGH_INCOME,9,9.114486294966541,0,0.0
72,WFAgent3,MALE_HIGH_INCOME,42,50.024826577232304,45,49.050000000000054
72,WFAgent4,MALE_YOUNG,74,77.00676452932747,0,0.0
72,WFAgent5,MALE_YOUNG_HIGH_INCOME,17,15.743805595051422,0,0.0
73,WFAgent6,MALE_OLD_LOW_INCOME,57,51.53046203469911,0,0.0
73,WFAgent7,MALE_YOUNG,74,76.56645288184795,0,0.0
73,WFAgent0,MALE_YOUNG_LOW_INCOME,58,67.20475664447551,61,66.49000000000011
73,WFAgent1,FEMALE_LOW_INCOME,138,151.0937584023034,138,150.42000000000036
73,WFAgent2,MALE_LOW_INCOME,114,121.04603153697519,0,0.0
73,WFAgent3,OLD_HIGH_INCOME,38,37.86707693841341,0,0.0
73,WFAgent4,MALE_LOW_INCOME,114,126.49700882455127,116,126.4400000000003
73,WFAgent5,MALE_YOUNG,74,73.0299327048226,0,0.0
74,WFAgent6,FEMALE_YOUNG_LOW_INCOME,62,60.78128441240761,0,0.0
74,WFAgent7,FEMALE_YOUNG_HIGH_INCOME,9,9.102838346546886,0,0.0
74,WFAgent0,MALE_OLD_LOW_INCOME,57,56.687863455759164,0,0.0
74,WFAgent1,MALE_OLD_HIGH_INCOME,26,24.484334656882353,0,0.0
74,WFAgent2,MALE_OLD,82,93.02960570417012,85,92.65000000000019
74,WFAgent3,FEMALE_LOW_INCOME,138,136.90249238759642,0,0.0
74,WFAgent4,FEMALE_YOUNG,70,82.24364207008333,75,81.75000000000016
74,WFAgent5,FEMALE_OLD_LOW_INCOME,76,71.44229628705017,0,0.0
75,WFAgent6,MALE_OLD_LOW_INCOME,57,65.24803285056849,59,64.3100000000001
75,WFAgent7,FEMALE_OLD_HIGH_INCOME,13,14.779404924472477,13,14.170000000000005
75,WFAgent0,OLD_HIGH_INCOME,38,37.21001672393009,0,0.0
75,WFAgent1,MALE_HIGH_INCOME,42,39.633957862577056,0,0.0
75,WFAgent2,MALE_HIGH_INCOME,42,42.27316718960292,0,0.0
75,WFAgent3,FEMALE_OLD_HIGH_INCOME,13,13.91730249685909,0,0.0
75,WFAgent4,YOUNG_LOW_INCOME,120,132.08940162835393,121,131.8900000000003
75,WFAgent5,OLD_HIGH_INCOME,38,35.637420897941,0,0.0
76,WFAgent6,YOUNG_HIGH_INCOME,25,28.363873523260484,26,28.340000000000003
76,WFAgent7,FEMALE_YOUNG_HIGH_INCOME,9,9.649073226913604,0,0.0
76,WFAgent0,FEMALE_HIGH_INCOME,21,17.187180027323546,0,0.0
76,WFAgent1,FEMALE_YOUNG_LOW_INCOME,62,66.09717018656845,0,0.0
76,WFAgent2,FEMALE_OLD,88,75.96354839383912,0,0.0
76,WFAgent3,FEMALE_OLD_LOW_INCOME,76,64.895346768081,0,0.0
76,WFAgent4,MALE_HIGH_INCOME,42,44.211962991405784,0,0.0
76,WFAgent5,FEMALE_OLD_HIGH_INCOME,13,12.734808379424654,0,0.0
77,WFAgent6,FEMALE_OLD,88,106.37528251226259,97,105.73000000000023
77,WFAgent7,YOUNG_LOW_INCOME,120,126.84839798172601,0,0.0
77,WFAgent0,MALE_OLD_LOW_INCOME,57,53.46940402612815,0,0.0
77,WFAgent1,YOUNG_HIGH_INCOME,25,23.725620540954736,0,0.0
77,WFAgent2,MALE_LOW_INCOME,114,109.33092133878033,0,0.0
77,WFAgent3,FEMALE_LOW_INCOME,138,145.63361356596604,0,0.0
77,WFAgent4,OLD_HIGH_INCOME,38,36.36845632815797,0,0.0
77,WFAgent5,FEMALE_YOUNG_LOW_INCOME,62,55.57686797752962,0,0.0
78,WFAgent6,MALE_LOW_INCOME,114,128.44816897361528,117,127.5300000000003
78,WFAgent7,FEMALE_OLD_LOW_INCOME,76,71.27348885108779,0,0.0
78,WFAgent0,MALE_YOUNG_HIGH_INCOME,17,19.440748347515246,17,18.530000000000005
78,WFAgent1,MALE_YOUNG_HIGH_INCOME,17,18.92362765641171,17,18.530000000000005
78,WFAgent2,FEMALE_OLD,88,78.901224428072,0,0.0
78,WFAgent3,OLD_LOW_INCOME,132,135.6561811664706,0,0.0
78,WFAgent4,MALE_LOW_INCOME,114,109.60703611481541,0,0.0
78,WFAgent5,MALE_LOW_INCOME,114,105.96041059215383,0,0.0
79,WFAgent6,FEMALE_OLD_HIGH_INCOME,13,12.347332437965271,0,0.0
79,WFAgent7,MALE_HIGH_INCOME,42,44.75369397399568,0,0.0
79,WFAgent0,YOUNG_LOW_INCOME,120,123.53461174771593,0,0.0
79,WFAgent1,OLD_LOW_INCOME,132,153.96243811526247,141,153.69000000000037
79,WFAgent2,MALE_YOUNG_HIGH_INCOME,17,17.801302084079346,0,0.0
79,WFAgent3,MALE_YOUNG,74,76.86821376306084,0,0.0
79,WFAgent4,YOUNG_LOW_INCOME,120,132.23926301526686,121,131.8900000000003
79,WFAgent5,MALE_HIGH_INCOME,42,42.89540331032778,0,0.0
80,WFAgent6,MALE_LOW_INCOME,114,128.8439247000476,118,128.6200000000003
80,WFAgent7,MALE_HIGH_INCOME,42,40.35809546968386,0,0.0
80,WFAgent0,FEMALE_YOUNG_LOW_INCOME,62,60.21639057534856,0,0.0
80,WFAgent1,FEMALE_YOUNG,70,63.4544530241196,0,0.0
80,WFAgent2,MALE_OLD,82,87.81333813698383,0,0.0
80,WFAgent3,FEMALE_YOUNG_LOW_INCOME,62,65.72964821034827,0,0.0
80,WFAgent4,MALE_YOUNG,74,73.17080734842583,0,0.0
80,WFAgent5,MALE_HIGH_INCOME,42,37.018762029732564,0,0.0
81,WFAgent6,MALE_OLD_LOW_INCOME,57,58.97469608756764,0,0.0
81,WFAgent7,YOUNG_HIGH_INCOME,25,25.173808852380027,0,0.0
81,WFAgent0,FEMALE_YOUNG,70,72.60292507722141,0,0.0
81,WFAgent1,FEMALE_OLD_HIGH_INCOME,13,13.760252368672186,0,0.0
81,WFAgent2,FEMALE_OLD_HIGH_INCOME,13,12.665666052822882,0,0.0
81,WFAgent3,FEMALE_YOUNG_HIGH_INCOME,9,10.300070807659486,9,9.810000000000006
81,WFAgent4,MALE_HIGH_INCOME,42,44.00110567909387,0,0.0
81,WFAgent5,MALE_OLD_HIGH_INCOME,26,25.42519452454991,0,0.0
82,WFAgent6,FEMALE_HIGH_INCOME,21,23.70861545558321,21,22.890000000000004
82,WFAgent7,MALE_OLD_LOW_INCOME,57,54.66515099621074,0,0.0
82,WFAgent0,FEMALE_OLD,88,75.67579323001935,0,0.0
82,WFAgent1,MALE_OLD,82,83.4461341042592,0,0.0
82,WFAgent2,FEMALE_YOUNG_HIGH_INCOME,9,9.711462671368793,0,0.0
82,WFAgent3,MALE_OLD_LOW_INCOME,57,59.584953620056616,0,0.0
82,WFAgent4,MALE_OLD,82,73.1463114442611,0,0.0
82,WFAgent5,YOUNG_HIGH_INCOME,25,21.703289461560423,0,0.0
83,WFAgent6,FEMALE_YOUNG,70,76.3671079015526,70,76.30000000000014
83,WFAgent7,FEMALE_LOW_INCOME,138,114.82792065264853,0,0.0
83,WFAgent0,MALE_OLD_LOW_INCOME,57,57.03490510941468,0,0.0
83,WFAgent1,FEMALE_HIGH_INCOME,21,20.88440573693127,0,0.0
83,WFAgent2,FEMALE_HIGH_INCOME,21,17.393384769327593,0,0.0
83,WFAgent3,MALE_OLD_LOW_INCOME,57,48.93380112972842,0,0.0
83,WFAgent4,MALE_LOW_INCOME,114,115.31743295257871,0,0.0
83,WFAgent5,OLD_LOW_INCOME,132,123.46556162799978,0,0.0
84,WFAgent6,FEMALE_HIGH_INCOME,21,23.02653900105925,21,22.890000000000004
84,WFAgent7,MALE_OLD_HIGH_INCOME,26,25.034767148707147,0,0.0
84,WFAgent0,YOUNG_HIGH_INCOME,25,23.339294460316463,0,0.0
84,WFAgent1,FEMALE_OLD,88,90.7969922303698,0,0.0
84,WFAgent2,MALE_OLD_HIGH_INCOME,26,27.0509532852059,0,0.0
84,WFAgent3,FEMALE_LOW_INCOME,138,134.71787304773326,0,0.0
84,WFAgent4,FEMALE_YOUNG_LOW_INCOME,62,63.006743673187216,0,0.0
84,WFAgent5,FEMALE_YOUNG_LOW_INCOME,62,61.16254719329903,0,0.0
85,WFAgent6,YOUNG_LOW_INCOME,120,90.90966347499564,0,0.0
85,WFAgent7,MALE_OLD,82,93.54276273397505,85,92.65000000000019
85,WFAgent0,FEMALE_OLD_LOW_INCOME,76,71.49475018461541,0,0.0
85,WFAgent1,OLD_LOW_INCOME,132,127.04247166069703,0,0.0
85,WFAgent2,FEMALE_LOW_INCOME,138,130.56887741603393,0,0.0
85,WFAgent3,MALE_YOUNG_LOW_INCOME,58,63.25140505205124,58,63.2200000000001
85,WFAgent4,MALE_YOUNG_LOW_INCOME,58,49.56838457342536,0,0.0
85,WFAgent5,FEMALE_OLD_HIGH_INCOME,13,12.15227109642633,0,0.0
86,WFAgent6,MALE_YOUNG,74,68.87575672341214,0,0.0
86,WFAgent7,FEMALE_HIGH_INCOME,21,19.24055488387476,0,0.0
86,WFAgent0,FEMALE_YOUNG_LOW_INCOME,62,62.09323058028933,0,0.0
86,WFAgent1,FEMALE_YOUNG_LOW_INCOME,62,68.79504079158546,63,68.67000000000012
86,WFAgent2,FEMALE_OLD,88,82.3976341226208,0,0.0
86,WFAgent3,FEMALE_HIGH_INCOME,21,21.742397086766175,0,0.0
86,WFAgent4,FEMALE_YOUNG_HIGH_INCOME,9,10.323863026571368,9,9.810000000000006
86,WFAgent5,MALE_HIGH_INCOME,42,46.99085703413602,43,46.87000000000005
87,WFAgent6,FEMALE_OLD,88,99.11733770513634,90,98.10000000000021
87,WFAgent7,OLD_LOW_INCOME,132,117.92000156364608,0,0.0
87,WFAgent0,OLD_LOW_INCOME,132,132.29408327073344,0,0.0
87,WFAgent1,MALE_LOW_INCOME,114,105.52579173364626,0,0.0
87,WFAgent2,MALE_YOUNG,74,69.06630412818639,0,0.0
87,WFAgent3,YOUNG_HIGH_INCOME,25,29.797425106410387,27,29.430000000000003
87,WFAgent4,FEMALE_OLD_HIGH_INCOME,13,16.00574740843156,14,15.260000000000005
87,WFAgent5,FEMALE_OLD_LOW_INCOME,76,73.66529328210572,0,0.0
88,WFAgent6,FEMALE_LOW_INCOME,138,145.75820240796352,0,0.0
88,WFAgent7,MALE_OLD_HIGH_INCOME,26,24.068425331703498,0,0.0
88,WFAgent0,FEMALE_YOUNG,70,76.84355188523293,70,76.30000000000014
88,WFAgent1,MALE_HIGH_INCOME,42,49.32452105897458,45,49.050000000000054
88,WFAgent2,FEMALE_OLD_LOW_INCOME,76,77.41658431292969,0,0.0
88,WFAgent3,FEMALE_HIGH_INCOME,21,20.380610477388416,0,0.0
88,WFAgent4,FEMALE_YOUNG_LOW_INCOME,62,62.93803703190243,0,0.0
88,WFAgent5,FEMALE_YOUNG,70,72.61697348764595,0,0.0
89,WFAgent6,YOUNG_HIGH_INCOME,25,23.277538913363532,0,0.0
89,WFAgent7,FEMALE_OLD_HIGH_INCOME,13,13.453208321543206,0,0.0
89,WFAgent0,YOUNG_HIGH_INCOME,25,25.37487507728462,0,0.0
89,WFAgent1,FEMALE_OLD_HIGH_INCOME,13,13.378969901295632,0,0.0
89,WFAgent2,FEMALE_OLD,88,89.47378701102355,0,0.0
89,WFAgent3,MALE_YOUNG_LOW_INCOME,58,50.82610515980548,0,0.0
89,WFAgent4,FEMALE_OLD,88,72.04832082792987,0,0.0
89,WFAgent5,FEMALE_HIGH_INCOME,21,22.721535678310712,0,0.0
90,WFAgent6,MALE_LOW_INCOME,114,116.542570479435,0,0.0
90,WFAgent7,MALE_OLD,82,87.27368970016508,0,0.0
90,WFAgent0,FEMALE_YOUNG_HIGH_INCOME,9,8.307978545892396,0,0.0
90,WFAgent1,MALE_YOUNG_LOW_INCOME,58,64.09330459152592,58,63.2200000000001
90,WFAgent2,FEMALE_HIGH_INCOME,21,21.46180072853744,0,0.0
90,WFAgent3,FEMALE_LOW_INCOME,138,134.2713151499306,0,0.0
90,WFAgent4,FEMALE_OLD,88,86.57362712635386,0,0.0
90,WFAgent5,FEMALE_HIGH_INCOME,21,17.015847188594414,0,0.0
91,WFAgent6,FEMALE_LOW_INCOME,138,131.33214094284355,0,0.0
91,WFAgent7,FEMALE_YOUNG_LOW_INCOME,62,64.44548824970623,0,0.0
91,WFAgent0,MALE_HIGH_INCOME,42,43.339649451374456,0,0.0
91,WFAgent1,OLD_HIGH_INCOME,38,38.07795107620945,0,0.0
91,WFAgent2,YOUNG_LOW_INCOME,120,120.03464335269204,0,0.0
91,WFAgent3,FEMALE_YOUNG,70,79.87924025658293,73,79.57000000000015
91,WFAgent4,MALE_OLD_LOW_INCOME,57,52.13487030745446,0,0.0
91,WFAgent5,FEMALE_OLD_LOW_INCOME,76,69.330894448014,0,0.0
92,WFAgent6,MALE_YOUNG,74,60.918183291009534,0,0.0
92,WFAgent7,OLD_HIGH_INCOME,38,35.14724347180056,0,0.0
92,WFAgent0,MALE_YOUNG_LOW_INCOME,58,63.57498485548176,58,63.2200000000001
92,WFAgent1,YOUNG_HIGH_INCOME,25,24.67362309513648,0,0.0
92,WFAgent2,MALE_OLD,82,89.74692062452604,82,89.38000000000018
92,WFAgent3,MALE_HIGH_INCOME,42,33.52961082733404,0,0.0
92,WFAgent4,FEMALE_OLD_HIGH_INCOME,13,11.192787545857806,0,0.0
92,WFAgent5,MALE_YOUNG,74,69.86118331014218,0,0.0
93,WFAgent6,MALE_OLD_HIGH_INCOME,26,24.129245835950115,0,0.0
93,WFAgent7,MALE_YOUNG,74,80.35211345621096,0,0.0
93,WFAgent0,FEMALE_OLD_LOW_INCOME,76,77.41231141572501,0,0.0
93,WFAgent1,FEMALE_YOUNG,70,71.75851269595985,0,0.0
93,WFAgent2,FEMALE_YOUNG_LOW_INCOME,62,67.23191433136807,0,0.0
93,WFAgent3,FEMALE_OLD_LOW_INCOME,76,71.83536258294092,0,0.0
93,WFAgent4,MALE_OLD,82,72.72087106507601,0,0.0
93,WFAgent5,OLD_HIGH_INCOME,38,31.898354288079155,0,0.0
94,WFAgent6,OLD_LOW_INCOME,132,132.25885106149397,0,0.0
94,WFAgent7,MALE_LOW_INCOME,114,126.81672164419929,116,126.4400000000003
94,WFAgent0,FEMALE_YOUNG_HIGH_INCOME,9,8.810866029289294,0,0.0
94,WFAgent1,FEMALE_YOUNG_HIGH_INCOME,9,7.684554989202325,0,0.0
94,WFAgent2,FEMALE_OLD,88,92.39720757633208,0,0.0
94,WFAgent3,FEMALE_OLD,88,98.3306789391327,90,98.10000000000021
94,WFAgent4,MALE_YOUNG_HIGH_INCOME,17,17.679619973886037,0,0.0
94,WFAgent5,FEMALE_LOW_INCOME,138,141.9962329197436,0,0.0
95,WFAgent6,FEMALE_OLD_LOW_INCOME,76,81.61442794473653,0,0.0
95,WFAgent7,OLD_LOW_INCOME,132,121.9602395803799,0,0.0
95,WFAgent0,MALE_HIGH_INCOME,42,40.618743332879454,0,0.0
95,WFAgent1,FEMALE_OLD_LOW_INCOME,76,85.14623285498071,78,85.02000000000017
95,WFAgent2,MALE_YOUNG_LOW_INCOME,58,59.3565322108752,0,0.0
95,WFAgent3,MALE_OLD_HIGH_INCOME,26,28.567957261253472,26,28.340000000000003
95,WFAgent4,MALE_YOUNG_HIGH_INCOME,17,15.80890466344121,0,0.0
95,WFAgent5,MALE_YOUNG_HIGH_INCOME,17,19.140214567228856,17,18.530000000000005
96,WFAgent6,FEMALE_LOW_INCOME,138,146.85459858937094,0,0.0
96,WFAgent7,MALE_OLD,82,88.65713545322133,0,0.0
96,WFAgent0,MALE_YOUNG,74,78.57524933293512,0,0.0
96,WFAgent1,MALE_YOUNG_LOW_INCOME,58,52.586457882774084,0,0.0
96,WFAgent2,MALE_OLD,82,71.02502348157202,0,0.0
96,WFAgent3,MALE_YOUNG_HIGH_INCOME,17,18.736903701146076,17,18.530000000000005
96,WFAgent4,MALE_HIGH_INCOME,42,36.161020312225155,0,0.0
96,WFAgent5,MALE_YOUNG_HIGH_INCOME,17,17.10604908521483,0,0.0
97,WFAgent6,YOUNG_HIGH_INCOME,25,19.080850795298254,0,0.0
97,WFAgent7,MALE_OLD_LOW_INCOME,57,56.98998864034125,0,0.0
97,WFAgent0,MALE_OLD_LOW_INCOME,57,49.187429591715286,0,0.0
97,WFAgent1,MALE_OLD_HIGH_INCOME,26,27.552239276417314,0,0.0
97,WFAgent2,FEMALE_HIGH_INCOME,21,19.911757196884725,0,0.0
97,WFAgent3,MALE_YOUNG_HIGH_INCOME,17,18.033623763294475,0,0.0
97,WFAgent4,FEMALE_OLD_LOW_INCOME,76,86.84820856724043,79,86.11000000000017
97,WFAgent5,MALE_YOUNG_HIGH_INCOME,17,18.59002162015572,17,18.530000000000005
98,WFAgent6,FEMALE_OLD,88,89.41905731454993,0,0.0
98,WFAgent7,MALE_HIGH_INCOME,42,42.20168743512232,0,0.0
98,WFAgent0,FEMALE_OLD_HIGH_INCOME,13,12.100882029589751,0,0.0
98,WFAgent1,OLD_LOW_INCOME,132,128.77012751175306,0,0.0
98,WFAgent2,YOUNG_LOW_INCOME,120,104.58527968912014,0,0.0
98,WFAgent3,FEMALE_OLD,88,84.84231248654568,0,0.0
98,WFAgent4,YOUNG_LOW_INCOME,120,133.84728475632113,122,132.9800000000003
98,WFAgent5,MALE_YOUNG_LOW_INCOME,58,56.59722150918904,0,0.0
99,WFAgent6,YOUNG_HIGH_INCOME,25,22.97972076841304,0,0.0
99,WFAgent7,FEMALE_HIGH_INCOME,21,23.687534637396613,21,22.890000000000004
99,WFAgent0,MALE_OLD_HIGH_INCOME,26,24.9403323324986,0,0.0
99,WFAgent1,FEMALE_OLD_HIGH_INCOME,13,14.7329222964258,13,14.170000000000005
99,WFAgent2,MALE_LOW_INCOME,114,123.2355736154949,0,0.0
99,WFAgent3,OLD_HIGH_INCOME,38,38.586166343758954,0,0.0
99,WFAgent4,MALE_YOUNG_LOW_INCOME,58,56.38753192610091,0,0.0
99,WFAgent5,FEMALE_YOUNG_HIGH_INCOME,9,8.970411885209224,0,0.0

