0,WEAgent1,MALE_HIGH_INCOME,62,59.32068825948445,115,58.670884061332394
0,WEAgent2,FEMALE_HIGH_INCOME,31,32.474156990556644,0,0.0
0,WEAgent0,FEMALE_OLD,130,142.86910519252328,330,105.0141080835808
0,WEAgent5,FEMALE_OLD,130,128.7908872723162,130,128.79088727231598
0,WEAgent6,FEMALE_OLD_LOW_INCOME,111,110.20504163576656,111,109.96760374790063
0,WEAgent3,FEMALE_YOUNG,104,100.22327908530285,273,0.0
0,WEAgent4,MALE_HIGH_INCOME,62,63.267573362463175,68,35.013269520472555
0,SIAgent3,FEMALE_YOUNG_HIGH_INCOME,12,14.680791031393172,38,14.114415917224456
0,SIAgent4,MALE_LOW_INCOME,168,144.09972386692863,551,0.0
0,SIAgent1,MALE_LOW_INCOME,168,158.10272594371392,184,157.82350709235072
0,SIAgent2,MALE_OLD_HIGH_INCOME,38,35.95957410210693,37,35.013269520472555
0,SIAgent0,FEMALE_YOUNG,104,122.32493794927858,126,121.42435735334765
0,WEAgent7,YOUNG_HIGH_INCOME,36,34.386638289673,0,0.0
1,WEAgent1,MALE_OLD_HIGH_INCOME,38,43.42022134449461,42,43.19809641012236
1,WEAgent2,MALE_OLD_LOW_INCOME,83,77.74555501529524,369,0.0
1,WEAgent0,MALE_YOUNG_HIGH_INCOME,24,27.230368971456883,0,0.0
1,WEAgent5,FEMALE_YOUNG,104,105.03060422636118,302,71.79564133370647
1,WEAgent6,MALE_HIGH_INCOME,62,57.18823766207751,41,34.909845971858175
1,WEAgent3,MALE_YOUNG_LOW_INCOME,85,90.48986068609341,364,0.0
1,WEAgent4,YOUNG_HIGH_INCOME,36,40.55893768126581,37,31.504007340457377
1,SIAgent3,MALE_OLD_HIGH_INCOME,38,39.08399199011074,146,32.912835360093254
1,SIAgent4,FEMALE_HIGH_INCOME,31,32.22203190755352,100,31.504007340457377
1,SIAgent1,FEMALE_YOUNG_HIGH_INCOME,12,9.5234003939299,0,0.0
1,SIAgent2,MALE_YOUNG_HIGH_INCOME,24,20.73893055382658,24,20.435031788404785
1,SIAgent0,FEMALE_YOUNG_LOW_INCOME,92,78.33428852221834,92,78.33428852221834
1,WEAgent7,YOUNG_HIGH_INCOME,36,38.75102026532228,0,0.0
2,WEAgent1,MALE_YOUNG_LOW_INCOME,85,101.36466397162918,119,100.98236895122595
2,WEAgent2,FEMALE_OLD_HIGH_INCOME,19,17.846728270394184,0,0.0
2,WEAgent0,MALE_LOW_INCOME,168,164.4073541998299,257,91.8897562799124
2,WEAgent5,MALE_OLD_LOW_INCOME,83,79.44635178367432,83,79.44635178367432
2,WEAgent6,FEMALE_YOUNG_HIGH_INCOME,12,12.05920914959092,12,12.059209149590915
2,WEAgent3,FEMALE_YOUNG_LOW_INCOME,92,92.84483933630786,433,0.0
2,WEAgent4,FEMALE_HIGH_INCOME,31,31.995718730010697,34,17.08387962858713
2,SIAgent3,FEMALE_OLD,130,146.0558949711418,508,0.0
2,SIAgent4,MALE_HIGH_INCOME,62,59.9060813629965,109,59.40139350072098
2,SIAgent1,MALE_OLD_HIGH_INCOME,38,39.42395805931168,40,38.649084750320334
2,SIAgent2,OLD_HIGH_INCOME,57,70.32692302136064,66,69.93577347958967
2,SIAgent0,MALE_YOUNG,109,92.4964555939799,289,0.0
2,WEAgent7,FEMALE_OLD_HIGH_INCOME,19,16.867191996583998,0,0.0
3,WEAgent1,FEMALE_OLD_LOW_INCOME,111,113.0511547202009,125,113.00627096071022
3,WEAgent2,MALE_HIGH_INCOME,62,66.13635038157936,77,23.505304359827704
3,WEAgent0,MALE_LOW_INCOME,168,179.0385845501912,366,0.0
3,WEAgent5,FEMALE_OLD,130,124.50109929961428,137,123.85487297293841
3,WEAgent6,FEMALE_LOW_INCOME,203,197.66715529723018,218,197.08293655547865
3,WEAgent3,FEMALE_YOUNG_LOW_INCOME,92,82.15169530934581,0,0.0
3,WEAgent4,FEMALE_LOW_INCOME,203,227.6832790122359,101,43.39440804891271
3,SIAgent3,FEMALE_YOUNG,104,109.78833139671974,124,109.62729861215726
3,SIAgent4,FEMALE_YOUNG_LOW_INCOME,92,95.1482214369669,105,94.92526760699658
3,SIAgent1,OLD_HIGH_INCOME,57,62.56541153383517,173,62.37946157031203
3,SIAgent2,FEMALE_OLD,130,117.52652179913844,87,0.0
3,SIAgent0,MALE_YOUNG_LOW_INCOME,85,81.5417304854495,374,0.0
3,WEAgent7,MALE_YOUNG_HIGH_INCOME,24,26.52686222797831,29,26.21745486288475
4,WEAgent1,MALE_LOW_INCOME,168,159.16457193662333,112,91.03737931666316
4,WEAgent2,YOUNG_HIGH_INCOME,36,32.82912586479498,28,0.0
4,WEAgent0,MALE_HIGH_INCOME,62,67.40853151331798,59,47.9571908900279
4,WEAgent5,MALE_YOUNG_HIGH_INCOME,24,25.277828121441484,0,0.0
4,WEAgent6,YOUNG_LOW_INCOME,177,189.63600693379598,84,68.27803448749737
4,WEAgent3,OLD_HIGH_INCOME,57,56.43469335290839,51,41.454520938837675
4,WEAgent4,FEMALE_LOW_INCOME,203,165.00525001145184,262,0.0
4,SIAgent3,FEMALE_OLD,130,123.35905603372696,448,26.063080590721558
4,SIAgent4,FEMALE_YOUNG_LOW_INCOME,92,103.54415340008032,127,103.22988547514484
4,SIAgent1,FEMALE_YOUNG_HIGH_INCOME,12,12.387461840173932,15,12.192506158481658
4,SIAgent2,MALE_YOUNG,109,134.4000997749379,226,134.11756774329842
4,SIAgent0,OLD_HIGH_INCOME,57,51.22743426452168,63,51.20852586562302
4,WEAgent7,FEMALE_OLD_LOW_INCOME,111,115.01993036361608,121,114.81881369293075
5,WEAgent1,OLD_LOW_INCOME,194,202.59991599048564,88,78.4838193923179
5,WEAgent2,MALE_OLD_LOW_INCOME,83,88.56752267039558,0,0.0
5,WEAgent0,FEMALE_YOUNG_HIGH_INCOME,12,8.32472092419562,54,0.0
5,WEAgent5,MALE_LOW_INCOME,168,171.37142453434637,382,94.53732790438282
5,WEAgent6,MALE_HIGH_INCOME,62,66.76251070582565,111,0.0
5,WEAgent3,FEMALE_LOW_INCOME,203,181.28974882709622,67,59.754726128242126
5,WEAgent4,FEMALE_OLD_LOW_INCOME,111,107.22143227628631,0,0.0
5,SIAgent3,FEMALE_LOW_INCOME,203,183.3599807539825,355,182.8316247207399
5,SIAgent4,OLD_LOW_INCOME,194,173.02114729670097,161,143.5897150245812
5,SIAgent1,MALE_OLD_HIGH_INCOME,38,33.061670369089114,161,0.0
5,SIAgent2,FEMALE_LOW_INCOME,203,203.1008355292033,224,202.3282546250834
5,SIAgent0,MALE_LOW_INCOME,168,150.86901443649387,169,150.72460769661006
5,WEAgent7,FEMALE_YOUNG_LOW_INCOME,92,90.42785988329555,0,0.0
6,WEAgent1,MALE_OLD,121,131.41332317380628,117,0.0
6,WEAgent2,FEMALE_OLD_HIGH_INCOME,19,22.468245571256382,0,0.0
6,WEAgent0,FEMALE_OLD,130,138.70553687253184,279,132.3966012467597
6,WEAgent5,MALE_LOW_INCOME,168,160.6475797359871,281,90.90896025961804
6,WEAgent6,FEMALE_LOW_INCOME,203,233.51934025398702,309,0.0
6,WEAgent3,FEMALE_OLD,130,124.72143595709254,130,124.72143595709254
6,WEAgent4,FEMALE_OLD_HIGH_INCOME,19,18.605419758047027,0,0.0
6,SIAgent3,MALE_OLD_HIGH_INCOME,38,43.30284316448105,52,42.58798138288423
6,SIAgent4,FEMALE_YOUNG_HIGH_INCOME,12,11.294333570427552,12,10.78713531499582
6,SIAgent1,FEMALE_LOW_INCOME,203,197.7493890418912,206,197.63550620893022
6,SIAgent2,FEMALE_OLD_HIGH_INCOME,19,23.685880176627848,24,23.0254958690017
6,SIAgent0,FEMALE_YOUNG_HIGH_INCOME,12,10.787135314995822,36,0.0
6,WEAgent7,MALE_OLD_LOW_INCOME,83,67.97697028421902,82,67.1579706422405
7,WEAgent1,MALE_YOUNG_HIGH_INCOME,24,23.81164807880018,27,23.725237739278327
7,WEAgent2,FEMALE_LOW_INCOME,203,206.333564969507,204,85.2351133596296
7,WEAgent0,FEMALE_OLD,130,129.47367416561897,109,95.77966346597557
7,WEAgent5,YOUNG_HIGH_INCOME,36,42.717080628337236,77,29.876225301313458
7,WEAgent6,FEMALE_HIGH_INCOME,31,28.17504541137982,0,0.0
7,WEAgent3,FEMALE_OLD_LOW_INCOME,111,114.19290196511676,106,93.14352593938908
7,WEAgent4,FEMALE_YOUNG_LOW_INCOME,92,84.76050929455141,96,84.35640085076743
7,SIAgent3,FEMALE_YOUNG,104,92.35320069958449,114,92.26481343052691
7,SIAgent4,OLD_HIGH_INCOME,57,52.05645656903633,160,50.96532551400526
7,SIAgent1,OLD_HIGH_INCOME,57,59.15308707779083,64,58.44935474418116
7,SIAgent2,FEMALE_OLD,130,114.23262615208077,105,92.26481343052691
7,SIAgent0,FEMALE_OLD,130,140.26447018892756,156,139.94224845807005
7,WEAgent7,MALE_OLD_LOW_INCOME,83,87.66620099550914,356,0.0
8,WEAgent1,MALE_HIGH_INCOME,62,61.8290062207916,64,60.92884559394099
8,WEAgent2,MALE_YOUNG_HIGH_INCOME,24,24.125633753530828,24,23.4703458937704
8,WEAgent0,MALE_OLD,121,121.8714294784966,112,101.53915561947258
8,WEAgent5,YOUNG_LOW_INCOME,177,187.06630795183656,193,152.41997114502806
8,WEAgent6,OLD_HIGH_INCOME,57,62.78457310955877,64,62.58758905005433
8,WEAgent3,FEMALE_HIGH_INCOME,31,30.315863446120094,57,20.536552657049096
8,WEAgent4,FEMALE_YOUNG,104,119.0184313466339,422,0.0
8,SIAgent3,MALE_HIGH_INCOME,62,54.36178051852357,0,0.0
8,SIAgent4,FEMALE_OLD_LOW_INCOME,111,116.2371912417095,127,115.41382970533085
8,SIAgent1,FEMALE_OLD_LOW_INCOME,111,100.87350470308465,386,0.0
8,SIAgent2,MALE_LOW_INCOME,168,136.9334500126457,427,136.11836995304668
8,SIAgent0,MALE_YOUNG_HIGH_INCOME,24,22.449580690008283,12,10.521634939069079
8,WEAgent7,MALE_OLD_LOW_INCOME,83,86.14763246768842,105,85.58340625790368
9,WEAgent1,YOUNG_LOW_INCOME,177,182.3195599681725,196,172.02115586272177
9,WEAgent2,MALE_YOUNG,109,114.09019494750088,129,113.21800564434268
9,WEAgent0,FEMALE_OLD_HIGH_INCOME,19,19.0213712543196,21,18.43083812814875
9,WEAgent5,OLD_LOW_INCOME,194,234.7898237275149,265,234.6450440755027
9,WEAgent6,FEMALE_HIGH_INCOME,31,29.37805871050985,97,27.207427712981485
9,WEAgent3,MALE_YOUNG_LOW_INCOME,85,94.20468254932996,107,93.90950855771051
9,WEAgent4,YOUNG_LOW_INCOME,177,183.58643946767288,18,15.79786125269893
9,SIAgent3,FEMALE_YOUNG_LOW_INCOME,92,92.16805154772379,105,92.15419064074395
9,SIAgent4,FEMALE_LOW_INCOME,203,218.53554479870928,512,218.39820910221567
9,SIAgent1,MALE_YOUNG,109,95.66482647467686,41,0.0
9,SIAgent2,MALE_OLD,121,107.1398125778705,269,0.0
9,SIAgent0,YOUNG_HIGH_INCOME,36,37.95559226538442,43,37.739335214780766
9,WEAgent7,FEMALE_YOUNG_HIGH_INCOME,12,9.45460759889961,0,0.0
10,WEAgent1,FEMALE_YOUNG_LOW_INCOME,92,96.22195771170166,0,0.0
10,WEAgent2,MALE_LOW_INCOME,168,157.7954302292369,86,80.49298015876825
10,WEAgent0,MALE_LOW_INCOME,168,157.24210077526794,410,81.42894504433532
10,WEAgent5,OLD_HIGH_INCOME,57,62.39382520046618,101,0.0
10,WEAgent6,MALE_YOUNG_LOW_INCOME,85,80.94015337759437,0,0.0
10,WEAgent3,FEMALE_YOUNG_HIGH_INCOME,12,12.65458401105277,56,0.0
10,WEAgent4,FEMALE_LOW_INCOME,203,238.8056407561117,204,227.475914604367
10,SIAgent3,FEMALE_LOW_INCOME,203,226.36083659160118,664,211.86482242563596
10,SIAgent4,FEMALE_YOUNG_LOW_INCOME,92,68.34666319045641,0,0.0
10,SIAgent1,YOUNG_LOW_INCOME,177,180.52468056808468,192,179.7052580288781
10,SIAgent2,MALE_HIGH_INCOME,62,62.87579131769374,287,0.0
10,SIAgent0,MALE_YOUNG_LOW_INCOME,85,72.38318128853675,0,0.0
10,WEAgent7,MALE_YOUNG_LOW_INCOME,85,92.56042357988434,0,0.0
11,WEAgent1,FEMALE_YOUNG,104,104.10923409417668,117,103.36775426192943
11,WEAgent2,MALE_HIGH_INCOME,62,49.83449963604301,53,42.60045936629479
11,WEAgent0,FEMALE_LOW_INCOME,203,179.3474710698435,153,110.43563489522373
11,WEAgent5,FEMALE_OLD,130,138.60081923180218,555,67.94754306338342
11,WEAgent6,FEMALE_YOUNG_HIGH_INCOME,12,13.210860931823763,0,0.0
11,WEAgent3,MALE_LOW_INCOME,168,182.461859721531,182,182.37692740812693
11,WEAgent4,MALE_YOUNG_HIGH_INCOME,24,18.447250515034842,0,0.0
11,SIAgent3,FEMALE_YOUNG_HIGH_INCOME,12,10.989493392555305,24,0.0
11,SIAgent4,FEMALE_YOUNG,104,126.03467020828886,142,125.87485972047246
11,SIAgent1,FEMALE_OLD_HIGH_INCOME,19,19.56065633642854,0,0.0
11,SIAgent2,MALE_OLD,121,121.25059459551281,295,98.06143476769728
11,SIAgent0,MALE_OLD_HIGH_INCOME,38,38.12248467895693,38,38.07869912916934
11,WEAgent7,MALE_HIGH_INCOME,62,61.214433994531674,63,50.63828188823718
12,WEAgent1,FEMALE_OLD,130,123.03347259241283,0,0.0
12,WEAgent2,FEMALE_OLD_LOW_INCOME,111,102.09026799187757,0,0.0
12,WEAgent0,FEMALE_LOW_INCOME,203,228.23357170326474,313,0.0
12,WEAgent5,FEMALE_HIGH_INCOME,31,35.8287934516574,82,28.86392141044623
12,WEAgent6,FEMALE_LOW_INCOME,203,203.0396621741706,154,153.27737576581825
12,WEAgent3,FEMALE_LOW_INCOME,203,202.04744987312372,135,134.3665307038015
12,WEAgent4,FEMALE_OLD,130,137.69357270826896,138,137.35245360833045
12,SIAgent3,FEMALE_LOW_INCOME,203,205.33795552074656,206,205.0333727776536
12,SIAgent4,MALE_HIGH_INCOME,62,55.91631208958395,266,0.0
12,SIAgent1,FEMALE_OLD_LOW_INCOME,111,109.36708801339596,0,0.0
12,SIAgent2,MALE_YOUNG_LOW_INCOME,85,82.3230280239829,88,81.44597600834524
12,SIAgent0,FEMALE_YOUNG_HIGH_INCOME,12,13.87377619090347,13,12.93899925295866
12,WEAgent7,YOUNG_LOW_INCOME,177,163.81747447133057,282,0.0
13,WEAgent1,FEMALE_OLD,130,140.65953439361766,593,0.0
13,WEAgent2,FEMALE_OLD_HIGH_INCOME,19,18.645333154105078,0,0.0
13,WEAgent0,MALE_LOW_INCOME,168,146.09132170311668,246,0.0
13,WEAgent5,MALE_OLD_HIGH_INCOME,38,31.777144877075976,0,0.0
13,WEAgent6,YOUNG_HIGH_INCOME,36,30.38884280688572,36,30.388842806885695
13,WEAgent3,MALE_OLD,121,141.866901984776,81,0.0
13,WEAgent4,FEMALE_YOUNG_HIGH_INCOME,12,11.69616656874955,0,0.0
13,SIAgent3,MALE_OLD_LOW_INCOME,83,72.70884676782676,83,72.17606965094451
13,SIAgent4,MALE_HIGH_INCOME,62,62.40878043364992,65,62.13964811856264
13,SIAgent1,FEMALE_YOUNG,104,96.21616358398123,337,0.0
13,SIAgent2,MALE_OLD_HIGH_INCOME,38,37.71577222199957,44,37.14191898619362
13,SIAgent0,FEMALE_YOUNG,104,115.53339154615882,124,114.71927196551628
13,WEAgent7,YOUNG_HIGH_INCOME,36,36.636802698079876,41,30.388842806885695
14,WEAgent1,FEMALE_YOUNG_LOW_INCOME,92,88.91157243851448,98,84.88961972895463
14,WEAgent2,YOUNG_LOW_INCOME,177,153.3210478778059,158,136.8628562977025
14,WEAgent0,MALE_LOW_INCOME,168,185.99708979257795,280,60.63544266353902
14,WEAgent5,FEMALE_OLD,130,141.0798730014472,131,92.68560521426679
14,WEAgent6,YOUNG_LOW_INCOME,177,153.54473280989555,75,64.96654571093467
14,WEAgent3,OLD_LOW_INCOME,194,198.74881468723657,85,73.62875180572595
14,WEAgent4,MALE_YOUNG_HIGH_INCOME,24,22.657492207973583,95,0.0
14,SIAgent3,FEMALE_OLD,130,123.04122210076403,138,122.2959828009073
14,SIAgent4,FEMALE_LOW_INCOME,203,185.83886148561757,205,185.03111760138322
14,SIAgent1,MALE_OLD,121,128.46145128570578,176,127.64837307734318
14,SIAgent2,OLD_LOW_INCOME,194,202.98183915577567,216,202.19071364190492
14,SIAgent0,YOUNG_LOW_INCOME,177,160.4545235561552,185,160.25081275363937
14,WEAgent7,MALE_OLD_LOW_INCOME,83,78.41967408105658,0,0.0
15,WEAgent1,FEMALE_YOUNG_LOW_INCOME,92,87.2023238736181,315,0.0
15,WEAgent2,OLD_LOW_INCOME,194,211.3521767352264,217,211.31080399625318
15,WEAgent0,MALE_HIGH_INCOME,62,59.364545050114444,188,24.894809214564116
15,WEAgent5,YOUNG_LOW_INCOME,177,179.93676008266894,190,179.7269364390961
15,WEAgent6,MALE_HIGH_INCOME,62,62.772192582073984,27,25.852301876662736
15,WEAgent3,YOUNG_HIGH_INCOME,36,35.946242883502585,0,0.0
15,WEAgent4,FEMALE_OLD,130,146.25414610418701,416,110.18361755339583
15,SIAgent3,OLD_LOW_INCOME,194,201.65680948451651,193,200.61734139439062
15,SIAgent4,FEMALE_YOUNG_LOW_INCOME,92,93.7838448368722,98,92.8894319523321
15,SIAgent1,MALE_OLD_LOW_INCOME,83,76.24989351797083,87,76.11520981008914
15,SIAgent2,MALE_LOW_INCOME,168,146.98109480568905,6,0.0
15,SIAgent0,YOUNG_HIGH_INCOME,36,35.94998180810404,57,35.42722849764895
15,WEAgent7,MALE_LOW_INCOME,168,168.13950707597937,177,167.7696883220697
16,WEAgent1,YOUNG_HIGH_INCOME,36,37.44561674245336,0,0.0
16,WEAgent2,MALE_YOUNG_LOW_INCOME,85,84.15819143791751,0,0.0
16,WEAgent0,FEMALE_YOUNG_LOW_INCOME,92,100.23226799273165,371,0.0
16,WEAgent5,FEMALE_YOUNG_HIGH_INCOME,12,11.830104441651354,45,0.0
16,WEAgent6,YOUNG_LOW_INCOME,177,192.7549662821979,68,0.0
16,WEAgent3,FEMALE_OLD,130,136.26558227465026,120,98.35140075296225
16,WEAgent4,FEMALE_OLD_LOW_INCOME,111,118.14286366845819,132,118.02168090355478
16,SIAgent3,MALE_YOUNG,109,125.24162758994086,138,124.44020640664644
16,SIAgent4,MALE_LOW_INCOME,168,167.24763741053314,458,166.60730421992383
16,SIAgent1,YOUNG_HIGH_INCOME,36,43.15744399174472,39,42.69009617880849
16,SIAgent2,FEMALE_OLD,130,137.06939997078618,175,136.79785741093855
16,SIAgent0,FEMALE_OLD_LOW_INCOME,111,99.24550439617087,110,98.35140075296225
16,WEAgent7,MALE_YOUNG_HIGH_INCOME,24,24.389316793338594,0,0.0
17,WEAgent1,FEMALE_YOUNG,104,99.85281140872078,128,99.296823280938
17,WEAgent2,FEMALE_OLD,130,142.99207782742383,579,91.5673064884476
17,WEAgent0,MALE_HIGH_INCOME,62,67.11095564026284,86,21.294722439173885
17,WEAgent5,FEMALE_YOUNG_LOW_INCOME,92,79.0598791002229,0,0.0
17,WEAgent6,FEMALE_YOUNG_LOW_INCOME,92,84.07179076588076,108,83.78169464329143
17,WEAgent3,FEMALE_YOUNG_HIGH_INCOME,12,11.11614097553447,0,0.0
17,WEAgent4,MALE_YOUNG_HIGH_INCOME,24,26.270871068652067,24,25.553666927008667
17,SIAgent3,FEMALE_HIGH_INCOME,31,32.21625375666512,43,31.030257275293103
17,SIAgent4,OLD_HIGH_INCOME,57,60.689958951645565,169,0.0
17,SIAgent1,MALE_YOUNG_LOW_INCOME,85,81.63711986427704,86,81.45372930622638
17,SIAgent2,MALE_LOW_INCOME,168,166.7036224515303,351,166.1555498414104
17,SIAgent0,MALE_YOUNG_LOW_INCOME,85,80.50659291894466,109,0.0
17,WEAgent7,FEMALE_LOW_INCOME,203,157.47855567211232,138,94.64228468964403
18,WEAgent1,MALE_LOW_INCOME,168,152.84435259977266,198,151.9345647866788
18,WEAgent2,MALE_YOUNG_LOW_INCOME,85,80.90001057404223,88,80.06132755226189
18,WEAgent0,FEMALE_YOUNG,104,95.59919486211655,112,95.29036699960146
18,WEAgent5,OLD_HIGH_INCOME,57,66.30385198630194,23,22.612689282944938
18,WEAgent6,MALE_OLD_HIGH_INCOME,38,37.360095337039446,30,29.494812108189052
18,WEAgent3,OLD_LOW_INCOME,194,202.21815800868418,255,72.7830250475108
18,WEAgent4,FEMALE_OLD,130,142.16722794432576,164,141.3270985736997
18,SIAgent3,FEMALE_LOW_INCOME,203,172.71379018677783,599,92.73794645496929
18,SIAgent4,MALE_HIGH_INCOME,62,74.8638255357436,129,74.72019067407886
18,SIAgent1,FEMALE_HIGH_INCOME,31,28.79405748937383,100,10.209682178528743
18,SIAgent2,FEMALE_YOUNG_HIGH_INCOME,12,11.892079876581043,12,11.14608677008019
18,SIAgent0,FEMALE_YOUNG_HIGH_INCOME,12,12.18496951424409,12,11.892079876581041
18,WEAgent7,MALE_OLD_HIGH_INCOME,38,42.17549536358786,33,32.444293319007954
19,WEAgent1,MALE_LOW_INCOME,168,165.04618892867893,335,0.0
19,WEAgent2,FEMALE_OLD_HIGH_INCOME,19,20.646179214384265,0,0.0
19,WEAgent0,YOUNG_LOW_INCOME,177,207.57739973409758,237,206.76380844552122
19,WEAgent5,MALE_YOUNG_LOW_INCOME,85,74.15579627792971,362,0.0
19,WEAgent6,OLD_HIGH_INCOME,57,47.51884078539078,46,0.0
19,WEAgent3,FEMALE_LOW_INCOME,203,242.68439053483698,184,157.03580388267437
19,WEAgent4,YOUNG_HIGH_INCOME,36,25.793843537005202,31,0.0
19,SIAgent3,MALE_OLD_HIGH_INCOME,38,38.06005825526441,162,0.0
19,SIAgent4,FEMALE_HIGH_INCOME,31,27.07350933532735,37,26.510339190810914
19,SIAgent1,FEMALE_OLD_LOW_INCOME,111,100.97526523474056,494,0.0
19,SIAgent2,FEMALE_YOUNG_HIGH_INCOME,12,12.989530457361552,14,12.226746151438155
19,SIAgent0,MALE_YOUNG_HIGH_INCOME,24,27.282666624472547,28,27.124014641188996
19,WEAgent7,MALE_YOUNG_HIGH_INCOME,24,23.249155406733426,70,0.0
20,WEAgent1,YOUNG_HIGH_INCOME,36,30.63543194922295,0,0.0
20,WEAgent2,FEMALE_OLD,130,107.06428723571821,0,0.0
20,WEAgent0,OLD_LOW_INCOME,194,148.29912724711545,155,0.0
20,WEAgent5,FEMALE_YOUNG_HIGH_INCOME,12,14.936667435793568,0,0.0
20,WEAgent6,YOUNG_HIGH_INCOME,36,40.16354180434061,73,0.0
20,WEAgent3,OLD_HIGH_INCOME,57,55.55618790352939,191,0.0
20,WEAgent4,OLD_LOW_INCOME,194,201.68862240895746,162,0.0
20,SIAgent3,FEMALE_OLD_LOW_INCOME,111,111.75177602888984,121,111.01190972374192
20,SIAgent4,FEMALE_YOUNG,104,105.83549469805499,428,0.0
20,SIAgent1,YOUNG_HIGH_INCOME,36,41.579261854077636,40,40.70595949925189
20,SIAgent2,MALE_LOW_INCOME,168,155.70662682011528,400,155.17898366579684
20,SIAgent0,FEMALE_OLD,130,119.26899391807012,214,119.25084459046444
20,WEAgent7,FEMALE_YOUNG_HIGH_INCOME,12,14.315442407200443,0,0.0
21,WEAgent1,MALE_OLD_HIGH_INCOME,38,40.706204167292256,95,33.69702718439015
21,WEAgent2,OLD_LOW_INCOME,194,183.96543990786955,439,183.017164444427
21,WEAgent0,MALE_YOUNG,109,111.97912035855411,119,111.05250627770566
21,WEAgent5,FEMALE_YOUNG_HIGH_INCOME,12,11.097338951844353,24,0.0
21,WEAgent6,OLD_HIGH_INCOME,57,64.94877009521474,46,26.549172933155877
21,WEAgent3,OLD_LOW_INCOME,194,207.8294618882463,189,138.44821766262353
21,WEAgent4,OLD_HIGH_INCOME,57,58.203956045764826,56,57.182834009874256
21,SIAgent3,MALE_YOUNG,109,101.72036289302423,237,0.0
21,SIAgent4,MALE_OLD_HIGH_INCOME,38,42.79184965341772,41,41.86600347151506
21,SIAgent1,FEMALE_LOW_INCOME,203,219.40182118275766,231,219.05163205524684
21,SIAgent2,YOUNG_LOW_INCOME,177,213.6259786512268,210,212.94703425307654
21,SIAgent0,FEMALE_HIGH_INCOME,31,30.035649666369956,32,29.592903871584923
21,WEAgent7,FEMALE_YOUNG_LOW_INCOME,92,112.25104882500798,217,0.0
22,WEAgent1,OLD_LOW_INCOME,194,211.88453863418013,468,0.0
22,WEAgent2,FEMALE_YOUNG_HIGH_INCOME,12,12.545315992736178,0,0.0
22,WEAgent0,YOUNG_LOW_INCOME,177,154.7121515360638,77,67.30415631794854
22,WEAgent5,YOUNG_LOW_INCOME,177,173.89037047678468,86,75.17087588757887
22,WEAgent6,MALE_HIGH_INCOME,62,66.47307862551843,0,0.0
22,WEAgent3,MALE_YOUNG_LOW_INCOME,85,89.15379917841132,0,0.0
22,WEAgent4,FEMALE_OLD_HIGH_INCOME,19,19.130602197291207,19,18.81901980613686
22,SIAgent3,MALE_OLD,121,139.87326997640417,229,139.8001079648201
22,SIAgent4,FEMALE_HIGH_INCOME,31,32.104902679498466,32,31.69519125244105
22,SIAgent1,MALE_YOUNG,109,103.92744534832366,163,103.14143435737562
22,SIAgent2,MALE_YOUNG,109,106.13390246945836,111,105.83437095104527
22,SIAgent0,OLD_LOW_INCOME,194,227.8809966719965,203,227.51904131097592
22,WEAgent7,FEMALE_HIGH_INCOME,31,30.704716525802247,102,18.81901980613686
23,WEAgent1,FEMALE_LOW_INCOME,203,180.16605813851314,199,99.4019631109038
23,WEAgent2,FEMALE_YOUNG,104,99.77601348601753,0,0.0
23,WEAgent0,FEMALE_YOUNG_LOW_INCOME,92,97.5648063274169,109,96.73941052757601
23,WEAgent5,FEMALE_OLD,130,125.85165165159636,567,0.0
23,WEAgent6,MALE_YOUNG,109,109.15511988643836,118,108.79142085345627
23,WEAgent3,FEMALE_YOUNG_LOW_INCOME,92,103.08675693209833,116,102.9520332220075
23,WEAgent4,MALE_YOUNG_HIGH_INCOME,24,21.62935069375928,0,0.0
23,SIAgent3,MALE_OLD_HIGH_INCOME,38,38.98241498443491,35,35.90485590671633
23,SIAgent4,FEMALE_OLD_HIGH_INCOME,19,20.597282902198614,21,20.329882189873256
23,SIAgent1,MALE_HIGH_INCOME,62,67.08841206325413,64,66.91874141939842
23,SIAgent2,MALE_YOUNG,109,100.49377011039623,289,0.0
23,SIAgent0,MALE_HIGH_INCOME,62,64.82753075004221,65,64.08315087808126
23,WEAgent7,MALE_OLD,121,134.08998589319305,45,46.16338616577813
24,WEAgent1,MALE_OLD_HIGH_INCOME,38,35.51124774771128,120,0.0
24,WEAgent2,FEMALE_OLD,130,133.37036588232752,145,133.28905509615848
24,WEAgent0,FEMALE_OLD_LOW_INCOME,111,109.05907273949292,114,108.47180904268622
24,WEAgent5,FEMALE_YOUNG_HIGH_INCOME,12,11.502808761969696,0,0.0
24,WEAgent6,FEMALE_YOUNG_HIGH_INCOME,12,12.038522286638988,12,11.418085162388017
24,WEAgent3,MALE_OLD_LOW_INCOME,83,87.59782465733002,99,86.82486145232636
24,WEAgent4,OLD_LOW_INCOME,194,170.1416476944578,265,96.47206828036258
24,SIAgent3,FEMALE_YOUNG_LOW_INCOME,92,90.10472733395981,97,89.95771945306042
24,SIAgent4,FEMALE_LOW_INCOME,203,188.26203143269368,440,0.0
24,SIAgent1,FEMALE_HIGH_INCOME,31,25.23014081371008,25,0.0
24,SIAgent2,FEMALE_OLD_LOW_INCOME,111,105.61728775208913,111,105.56907189759623
24,SIAgent0,OLD_HIGH_INCOME,57,58.74203566892292,62,58.39841980405446
24,WEAgent7,FEMALE_HIGH_INCOME,31,29.592255847541946,33,29.33526039537722
25,WEAgent1,FEMALE_HIGH_INCOME,31,32.37809082157934,0,0.0
25,WEAgent2,MALE_OLD_LOW_INCOME,83,79.78522522730638,0,0.0
25,WEAgent0,MALE_OLD_LOW_INCOME,83,78.39264615269899,0,0.0
25,WEAgent5,MALE_YOUNG,109,125.85000628901838,492,13.897334943758652
25,WEAgent6,FEMALE_YOUNG,104,96.30914896020866,165,78.24403394918015
25,WEAgent3,YOUNG_HIGH_INCOME,36,34.52038093441197,0,0.0
25,WEAgent4,MALE_LOW_INCOME,168,195.03694374774068,171,148.09379028286065
25,SIAgent3,OLD_HIGH_INCOME,57,53.537272282656616,206,0.0
25,SIAgent4,OLD_LOW_INCOME,194,168.01283809868377,638,142.03147138239274
25,SIAgent1,MALE_HIGH_INCOME,62,61.545340465216896,64,61.18035283458819
25,SIAgent2,FEMALE_YOUNG_LOW_INCOME,92,74.21083632293367,91,73.40419679768446
25,SIAgent0,FEMALE_YOUNG,104,100.45157377113901,136,100.02330113091074
25,WEAgent7,MALE_YOUNG_HIGH_INCOME,24,22.100453871725193,0,0.0
26,WEAgent1,MALE_LOW_INCOME,168,162.60900039277084,250,84.32620542149475
26,WEAgent2,MALE_YOUNG_LOW_INCOME,85,100.63991434549493,124,100.5427833871668
26,WEAgent0,MALE_OLD_LOW_INCOME,83,68.95986831900467,0,0.0
26,WEAgent5,OLD_LOW_INCOME,194,213.48929623932364,221,102.97527008201762
26,WEAgent6,FEMALE_LOW_INCOME,203,228.7266212698031,290,0.0
26,WEAgent3,OLD_LOW_INCOME,194,157.3008062670193,224,93.24532330261438
26,WEAgent4,OLD_LOW_INCOME,194,202.21051410100654,249,201.8963956726172
26,SIAgent3,FEMALE_OLD_HIGH_INCOME,19,21.035038594455475,59,12.275560617130383
26,SIAgent4,MALE_HIGH_INCOME,62,65.46481118158731,119,65.29210814586487
26,SIAgent1,FEMALE_OLD_HIGH_INCOME,19,21.431569104430856,19,21.035038594455482
26,SIAgent2,FEMALE_YOUNG_LOW_INCOME,92,90.08094663643458,111,90.00200770947997
26,SIAgent0,FEMALE_OLD,130,122.75560617130381,151,122.43516364082409
26,WEAgent7,MALE_OLD_HIGH_INCOME,38,38.17077091604411,92,0.0
27,WEAgent1,FEMALE_LOW_INCOME,203,215.32493253342798,287,117.74146522263528
27,WEAgent2,MALE_YOUNG,109,92.60675393686114,140,92.56788233822688
27,WEAgent0,MALE_OLD_LOW_INCOME,83,84.95726484698802,0,0.0
27,WEAgent5,FEMALE_YOUNG_HIGH_INCOME,12,11.88535621986569,47,0.0
27,WEAgent6,FEMALE_LOW_INCOME,203,179.71065744507487,202,178.82538327046862
27,WEAgent3,MALE_YOUNG_HIGH_INCOME,24,23.869024910707907,0,0.0
27,WEAgent4,OLD_LOW_INCOME,194,190.14084771448256,388,53.11645047637682
27,SIAgent3,MALE_OLD,121,108.85720334992953,122,108.0034493019662
27,SIAgent4,MALE_YOUNG_LOW_INCOME,85,85.52467389944862,268,73.45060229011472
27,SIAgent1,MALE_OLD_HIGH_INCOME,38,41.17337297167553,39,40.47691136955918
27,SIAgent2,OLD_LOW_INCOME,194,221.44475752726655,248,221.15767431828928
27,SIAgent0,MALE_OLD_HIGH_INCOME,38,39.43904184726277,43,38.68479127311545
27,WEAgent7,MALE_OLD,121,111.15775479997906,81,0.0
28,WEAgent1,FEMALE_OLD_HIGH_INCOME,19,15.013752217261715,0,0.0
28,WEAgent2,YOUNG_LOW_INCOME,177,147.27428446832442,270,56.89060317118317
28,WEAgent0,FEMALE_YOUNG_LOW_INCOME,92,86.05051694105832,280,0.0
28,WEAgent5,FEMALE_OLD_HIGH_INCOME,19,19.284080035651048,46,0.0
28,WEAgent6,YOUNG_HIGH_INCOME,36,34.96333662552188,0,0.0
28,WEAgent3,MALE_OLD,121,140.66900345298234,113,0.0
28,WEAgent4,MALE_YOUNG_LOW_INCOME,85,68.10846858521936,85,68.10846858521931
28,SIAgent3,FEMALE_YOUNG_HIGH_INCOME,12,13.414085367361034,54,12.401656632339026
28,SIAgent4,OLD_HIGH_INCOME,57,59.81392218361227,60,59.49339059876028
28,SIAgent1,MALE_YOUNG_HIGH_INCOME,24,25.734108156060405,24,25.300939457516165
28,SIAgent2,MALE_HIGH_INCOME,62,65.3607602652501,63,65.24296633062677
28,SIAgent0,FEMALE_YOUNG,104,99.21325305871221,106,99.14516082339328
28,WEAgent7,MALE_HIGH_INCOME,62,61.47650361871889,61,0.0
29,WEAgent1,YOUNG_LOW_INCOME,177,186.23602589258365,164,104.68328894163406
29,WEAgent2,FEMALE_OLD_LOW_INCOME,111,103.22467531781065,122,103.08396456547278
29,WEAgent0,FEMALE_YOUNG_LOW_INCOME,92,80.25718818858597,387,0.0
29,WEAgent5,OLD_HIGH_INCOME,57,59.04743908269685,0,0.0
29,WEAgent6,MALE_YOUNG_LOW_INCOME,85,87.00144370316261,99,86.36371337684803
29,WEAgent3,OLD_HIGH_INCOME,57,51.367264320796465,0,0.0
29,WEAgent4,OLD_HIGH_INCOME,57,58.54826749920971,0,0.0
29,SIAgent3,OLD_HIGH_INCOME,57,58.73166882667751,161,58.301586516537874
29,SIAgent4,OLD_LOW_INCOME,194,183.08103841126243,266,182.27059785847678
29,SIAgent1,FEMALE_OLD,130,109.84356879927415,160,0.0
29,SIAgent2,MALE_OLD,121,153.60426167225052,157,152.67002080077114
29,SIAgent0,MALE_YOUNG_LOW_INCOME,85,85.25254500198047,97,84.61899189448745
29,WEAgent7,FEMALE_YOUNG_HIGH_INCOME,12,14.599723305143355,52,0.0
30,WEAgent1,YOUNG_HIGH_INCOME,36,31.122831712629214,0,0.0
30,WEAgent2,MALE_OLD_LOW_INCOME,83,64.54423798009236,300,0.0
30,WEAgent0,MALE_LOW_INCOME,168,155.2926843530162,112,87.0958392020524
30,WEAgent5,YOUNG_LOW_INCOME,177,165.5083210832602,116,90.20640488784001
30,WEAgent6,MALE_YOUNG_LOW_INCOME,85,78.22677614219423,0,0.0
30,WEAgent3,FEMALE_YOUNG_HIGH_INCOME,12,12.564750048412762,0,0.0
30,WEAgent4,FEMALE_OLD_LOW_INCOME,111,123.33336160131084,463,0.0
30,SIAgent3,MALE_YOUNG,109,117.60130593583676,185,117.42385463848156
30,SIAgent4,FEMALE_YOUNG,104,97.12389708833398,117,96.78509075593044
30,SIAgent1,MALE_OLD_HIGH_INCOME,38,37.03403494511875,40,36.5854198307207
30,SIAgent2,MALE_OLD_HIGH_INCOME,38,34.75614883918468,121,0.0
30,SIAgent0,MALE_OLD_LOW_INCOME,83,71.00436933641116,91,70.76536935166747
30,WEAgent7,FEMALE_YOUNG_LOW_INCOME,92,85.61758028409226,282,0.0
31,WEAgent1,MALE_LOW_INCOME,168,156.5425436096276,216,0.0
31,WEAgent2,YOUNG_HIGH_INCOME,36,37.240185359629066,84,33.507661453298965
31,WEAgent0,MALE_YOUNG_HIGH_INCOME,24,23.652466908211036,24,23.652466908211036
31,WEAgent5,MALE_OLD,121,128.12768154830167,56,49.45250887592386
31,WEAgent6,FEMALE_OLD,130,136.84968409551126,456,123.92664524099617
31,WEAgent3,MALE_OLD_HIGH_INCOME,38,40.28748988037354,0,0.0
31,WEAgent4,MALE_OLD_HIGH_INCOME,38,35.96640869054264,0,0.0
31,SIAgent3,YOUNG_LOW_INCOME,177,160.96982535640433,182,160.7206538467523
31,SIAgent4,FEMALE_YOUNG,104,104.67070158846042,290,68.20755311712038
31,SIAgent1,FEMALE_OLD,130,122.04896879795054,129,121.11013057642806
31,SIAgent2,MALE_OLD,121,106.85274239262127,410,60.9325555792633
31,SIAgent0,MALE_OLD_HIGH_INCOME,38,37.485636069048105,42,37.089381656942926
31,WEAgent7,FEMALE_YOUNG,104,111.875319082464,111,111.71584496460675
32,WEAgent1,MALE_YOUNG_HIGH_INCOME,24,24.308249967603594,0,0.0
32,WEAgent2,MALE_YOUNG,109,111.90147513886518,116,111.11947444570049
32,WEAgent0,OLD_HIGH_INCOME,57,54.0844975357906,0,0.0
32,WEAgent5,FEMALE_YOUNG,104,87.99229829155044,97,87.2166576234068
32,WEAgent6,YOUNG_HIGH_INCOME,36,31.796116123960296,0,0.0
32,WEAgent3,FEMALE_OLD,130,131.1604536869093,337,102.83182163919334
32,WEAgent4,YOUNG_LOW_INCOME,177,173.678278868409,141,134.8006087345699
32,SIAgent3,MALE_YOUNG,109,102.74456256938636,29,0.0
32,SIAgent4,MALE_OLD,121,126.2305381399251,441,125.37369864693962
32,SIAgent1,FEMALE_OLD_LOW_INCOME,111,130.45375410916046,149,129.84696122237125
32,SIAgent2,YOUNG_LOW_INCOME,177,181.61586352168257,286,181.5281445799755
32,SIAgent0,MALE_OLD_HIGH_INCOME,38,34.03000391845498,10,0.0
32,WEAgent7,FEMALE_OLD,130,113.2892950262301,130,113.28929502622994
33,WEAgent1,FEMALE_YOUNG,104,90.57441388518866,408,0.0
33,WEAgent2,FEMALE_OLD_LOW_INCOME,111,93.31426169348097,111,93.31426169348096
33,WEAgent0,MALE_YOUNG,109,102.77859425758719,136,0.0
33,WEAgent5,OLD_HIGH_INCOME,57,52.54009260645264,57,0.0
33,WEAgent6,FEMALE_HIGH_INCOME,31,32.390704836035994,0,0.0
33,WEAgent3,OLD_LOW_INCOME,194,199.56857122970692,521,70.61619803830992
33,WEAgent4,MALE_OLD_LOW_INCOME,83,73.94117454084082,0,0.0
33,SIAgent3,MALE_OLD,121,126.40404451379736,213,126.10035363983913
33,SIAgent4,MALE_LOW_INCOME,168,191.31514189692686,182,191.24970878668407
33,SIAgent1,FEMALE_YOUNG_HIGH_INCOME,12,10.716240925440339,39,0.0
33,SIAgent2,OLD_HIGH_INCOME,57,66.58571682855298,69,66.57384770128256
33,SIAgent0,MALE_YOUNG,109,115.45541695043163,181,115.03659173784969
33,WEAgent7,MALE_YOUNG_HIGH_INCOME,24,24.06243595140979,0,0.0
34,WEAgent1,MALE_HIGH_INCOME,62,54.55539274072936,0,0.0
34,WEAgent2,MALE_YOUNG_HIGH_INCOME,24,24.867411985419047,0,0.0
34,WEAgent0,FEMALE_YOUNG_LOW_INCOME,92,91.28326153787839,389,0.0
34,WEAgent5,FEMALE_OLD_LOW_INCOME,111,109.94079922231523,408,0.0
34,WEAgent6,MALE_YOUNG_HIGH_INCOME,24,26.832646797890106,0,0.0
34,WEAgent3,MALE_HIGH_INCOME,62,47.83833470389369,0,0.0
34,WEAgent4,MALE_OLD,121,128.06756406430694,117,0.0
34,SIAgent3,FEMALE_YOUNG_HIGH_INCOME,12,13.216787256528148,12,12.513486536250772
34,SIAgent4,FEMALE_YOUNG_HIGH_INCOME,12,12.513486536250772,28,0.0
34,SIAgent1,MALE_OLD_HIGH_INCOME,38,38.67620360912174,37,37.65840877730275
34,SIAgent2,FEMALE_OLD_LOW_INCOME,111,115.76464723412687,116,114.89308747557281
34,SIAgent0,YOUNG_HIGH_INCOME,36,40.12750311769725,37,39.20480328324736
34,WEAgent7,MALE_YOUNG,109,113.56716273689202,423,0.0
35,WEAgent1,YOUNG_LOW_INCOME,177,217.12257012848045,32,0.0
35,WEAgent2,MALE_YOUNG_LOW_INCOME,85,85.15339240268278,0,0.0
35,WEAgent0,FEMALE_HIGH_INCOME,31,28.887690024671972,54,28.825617592478924
35,WEAgent5,MALE_LOW_INCOME,168,158.95457404967215,168,158.62155397136033
35,WEAgent6,MALE_YOUNG_HIGH_INCOME,24,25.239945104236423,95,0.0
35,WEAgent3,FEMALE_HIGH_INCOME,31,30.81343401777624,19,16.214409895769396
35,WEAgent4,MALE_LOW_INCOME,168,158.62155397136053,400,158.62155397136033
35,SIAgent3,FEMALE_OLD_LOW_INCOME,111,122.2579547730552,498,0.0
35,SIAgent4,OLD_HIGH_INCOME,57,51.345631336603084,57,51.345631336603084
35,SIAgent1,FEMALE_OLD_HIGH_INCOME,19,17.617496052438806,19,17.115210445534363
35,SIAgent2,FEMALE_YOUNG_LOW_INCOME,92,92.4057361554656,413,0.0
35,SIAgent0,MALE_OLD_LOW_INCOME,83,84.43554763739793,89,84.03165656816114
35,WEAgent7,MALE_OLD,121,131.259960980883,112,47.74242913754322
36,WEAgent1,FEMALE_OLD_HIGH_INCOME,19,18.435280726899922,8,0.0
36,WEAgent2,FEMALE_YOUNG_HIGH_INCOME,12,12.120928227060638,0,0.0
36,WEAgent0,YOUNG_LOW_INCOME,177,186.7138550256697,221,145.358260940934
36,WEAgent5,FEMALE_OLD_LOW_INCOME,111,120.29412170556559,114,119.81010746159409
36,WEAgent6,FEMALE_OLD_LOW_INCOME,111,123.10458872804251,131,116.6572098968153
36,WEAgent3,FEMALE_YOUNG,104,133.63878614280628,438,0.0
36,WEAgent4,YOUNG_HIGH_INCOME,36,35.70070658945043,104,0.0
36,SIAgent3,OLD_HIGH_INCOME,57,55.41934161684446,103,55.10313159852393
36,SIAgent4,FEMALE_OLD_LOW_INCOME,111,116.65720989681547,111,116.6572098968153
36,SIAgent1,MALE_OLD,121,122.71950184448056,121,122.20872566303856
36,SIAgent2,OLD_LOW_INCOME,194,210.73088785853022,203,210.2218854001488
36,SIAgent0,MALE_OLD,121,122.20872566303846,127,121.63432407707325
36,WEAgent7,MALE_LOW_INCOME,168,159.60907083710367,238,158.659016844026
37,WEAgent1,FEMALE_YOUNG_HIGH_INCOME,12,13.676865158307747,14,12.800753244226055
37,WEAgent2,FEMALE_HIGH_INCOME,31,33.1395499017707,0,0.0
37,WEAgent0,FEMALE_OLD,130,136.6284278529209,229,136.2365880992628
37,WEAgent5,FEMALE_YOUNG_HIGH_INCOME,12,13.264723132266584,0,0.0
37,WEAgent6,MALE_OLD_LOW_INCOME,83,96.29911795367178,0,0.0
37,WEAgent3,FEMALE_YOUNG,104,106.99702977827695,0,0.0
37,WEAgent4,FEMALE_HIGH_INCOME,31,35.46001717781272,33,23.772827453562662
37,SIAgent3,MALE_LOW_INCOME,168,178.16765841796908,194,177.38186638427507
37,SIAgent4,MALE_YOUNG_LOW_INCOME,85,77.71885898280105,95,77.5923131321047
37,SIAgent1,YOUNG_LOW_INCOME,177,144.566730782974,477,0.0
37,SIAgent2,FEMALE_YOUNG_HIGH_INCOME,12,11.46719006997501,12,10.972074209336618
37,SIAgent0,FEMALE_LOW_INCOME,203,192.85510352157675,222,192.73764858177938
37,WEAgent7,OLD_LOW_INCOME,194,183.67210082419706,469,120.69281630270261
38,WEAgent1,OLD_LOW_INCOME,194,214.95606802717833,231,214.50011865425978
38,WEAgent2,FEMALE_OLD_LOW_INCOME,111,122.72944933310706,111,122.7294493331068
38,WEAgent0,MALE_LOW_INCOME,168,165.85609839378395,77,0.0
38,WEAgent5,FEMALE_OLD_HIGH_INCOME,19,20.673055642677156,51,17.52299625559161
38,WEAgent6,OLD_LOW_INCOME,194,226.3237855665029,263,186.24960468060044
38,WEAgent3,MALE_OLD,121,118.40115599248074,81,70.96813483514607
38,WEAgent4,OLD_HIGH_INCOME,57,49.940539328436095,57,49.94053932843609
38,SIAgent3,FEMALE_YOUNG_LOW_INCOME,92,103.57645677758082,394,0.0
38,SIAgent4,FEMALE_OLD_HIGH_INCOME,19,16.81327197446071,19,16.64684644281203
38,SIAgent1,MALE_YOUNG_HIGH_INCOME,24,24.100334424652946,24,23.56672200605854
38,SIAgent2,MALE_YOUNG,109,107.03219577751585,110,106.21055691078722
38,SIAgent0,MALE_LOW_INCOME,168,162.92769255502267,185,162.08771536422262
38,WEAgent7,MALE_HIGH_INCOME,62,55.344975620173834,130,52.56898876677483
39,WEAgent1,FEMALE_OLD_HIGH_INCOME,19,17.34537162904578,0,0.0
39,WEAgent2,MALE_YOUNG,109,118.61767265500866,125,118.07949147323174
39,WEAgent0,MALE_YOUNG,109,122.40136818404346,208,121.85803520037516
39,WEAgent5,MALE_YOUNG_HIGH_INCOME,24,24.126190120338208,0,0.0
39,WEAgent6,FEMALE_OLD,130,142.21055314000102,178,142.08741167350712
39,WEAgent3,FEMALE_YOUNG_LOW_INCOME,92,88.3532316563591,92,88.353231656359
39,WEAgent4,FEMALE_YOUNG,104,109.31938420131726,203,76.82889709248614
39,SIAgent3,FEMALE_YOUNG_HIGH_INCOME,12,13.892305713045282,13,13.254231810858624
39,SIAgent4,FEMALE_OLD_LOW_INCOME,111,118.26324057238739,110,117.19780597263632
39,SIAgent1,MALE_LOW_INCOME,168,158.6988365400237,246,0.0
39,SIAgent2,OLD_LOW_INCOME,194,200.17942191280622,258,199.31818160681516
39,SIAgent0,FEMALE_YOUNG,104,106.03385448686903,110,105.63973350216828
39,WEAgent7,MALE_YOUNG_HIGH_INCOME,24,22.31699918888104,0,0.0
40,WEAgent1,FEMALE_OLD,130,153.85311715414534,441,107.06738505897086
40,WEAgent2,FEMALE_YOUNG_LOW_INCOME,92,81.74503859175292,0,0.0
40,WEAgent0,MALE_YOUNG_LOW_INCOME,85,93.09969062932777,97,92.44184421041675
40,WEAgent5,FEMALE_YOUNG,104,108.81852634840192,153,107.95961326779562
40,WEAgent6,OLD_HIGH_INCOME,57,62.44099265603893,172,0.0
40,WEAgent3,FEMALE_LOW_INCOME,203,192.63764694998883,188,98.14510297072324
40,WEAgent4,MALE_YOUNG,109,103.87794864881884,109,103.11666240898818
40,SIAgent3,FEMALE_YOUNG_LOW_INCOME,92,104.49376097672275,117,104.39070043249657
40,SIAgent4,MALE_OLD_LOW_INCOME,83,91.16231906400898,92,90.20843937379679
40,SIAgent1,MALE_LOW_INCOME,168,148.47854502021468,213,0.0
40,SIAgent2,MALE_YOUNG,109,107.62827359620168,143,106.73697475841928
40,SIAgent0,MALE_OLD_LOW_INCOME,83,81.38370073940362,92,81.30967941583188
40,WEAgent7,FEMALE_OLD_LOW_INCOME,111,99.0373311795478,110,98.14510297072324
41,WEAgent1,FEMALE_LOW_INCOME,203,204.20705226133413,255,0.0
41,WEAgent2,MALE_OLD_HIGH_INCOME,38,36.31744350828309,126,31.223723231301328
41,WEAgent0,MALE_HIGH_INCOME,62,57.59833403573573,74,0.0
41,WEAgent5,MALE_YOUNG_HIGH_INCOME,24,22.064461404216022,0,0.0
41,WEAgent6,MALE_LOW_INCOME,168,149.45555670274356,168,148.65897839272844
41,WEAgent3,FEMALE_OLD,130,159.21122116846018,530,78.95068351223098
41,WEAgent4,MALE_LOW_INCOME,168,183.8810220638683,204,142.4648542930315
41,SIAgent3,MALE_YOUNG_LOW_INCOME,85,96.56780012369306,99,96.16388005944192
41,SIAgent4,FEMALE_OLD_HIGH_INCOME,19,21.127647700456215,0,0.0
41,SIAgent1,YOUNG_LOW_INCOME,177,171.9293613183961,194,171.66572504874568
41,SIAgent2,MALE_OLD_HIGH_INCOME,38,32.95837452192916,37,32.091048876615254
41,SIAgent0,YOUNG_HIGH_INCOME,36,36.286062973032216,56,35.56035145787096
41,WEAgent7,MALE_YOUNG_LOW_INCOME,85,75.21436406774944,218,0.0
42,WEAgent1,FEMALE_YOUNG_LOW_INCOME,92,96.96517940020438,107,96.36322579269671
42,WEAgent2,FEMALE_OLD_HIGH_INCOME,19,16.91019551926512,17,0.0
42,WEAgent0,FEMALE_YOUNG_LOW_INCOME,92,82.85436236381405,92,82.85436236381405
42,WEAgent5,FEMALE_OLD_LOW_INCOME,111,101.31178431963463,482,0.0
42,WEAgent6,FEMALE_YOUNG,104,104.69286049427764,225,102.66736205950862
42,WEAgent3,YOUNG_LOW_INCOME,177,185.02480923037976,278,95.46263489743787
42,WEAgent4,MALE_YOUNG_LOW_INCOME,85,79.91462728762036,88,79.25199878277867
42,SIAgent3,YOUNG_HIGH_INCOME,36,34.185706614610595,37,33.433851225576795
42,SIAgent4,FEMALE_YOUNG_HIGH_INCOME,12,12.635122396058277,13,12.344838499720492
42,SIAgent1,FEMALE_HIGH_INCOME,31,29.075528130018323,32,28.734263810113454
42,SIAgent2,MALE_OLD,121,124.08164330880987,508,84.44884498617061
42,SIAgent0,OLD_HIGH_INCOME,57,53.484268491241345,57,53.46145494874339
42,WEAgent7,MALE_YOUNG_HIGH_INCOME,24,23.078307521482323,64,0.0
43,WEAgent1,YOUNG_LOW_INCOME,177,132.03980226904906,199,0.0
43,WEAgent2,FEMALE_OLD_LOW_INCOME,111,95.78458694594345,271,0.0
43,WEAgent0,OLD_HIGH_INCOME,57,58.72273270769114,131,0.0
43,WEAgent5,FEMALE_YOUNG_LOW_INCOME,92,82.25642257690669,0,0.0
43,WEAgent6,FEMALE_YOUNG_HIGH_INCOME,12,10.110136084285628,37,0.0
43,WEAgent3,MALE_HIGH_INCOME,62,55.906073380028914,68,0.0
43,WEAgent4,MALE_YOUNG_LOW_INCOME,85,91.6304970853469,261,0.0
43,SIAgent3,YOUNG_HIGH_INCOME,36,37.26716868612537,44,37.070498975713946
43,SIAgent4,FEMALE_OLD,130,136.98727174861486,163,136.6144013066922
43,SIAgent1,MALE_LOW_INCOME,168,165.6114654323534,191,164.81852348355997
43,SIAgent2,FEMALE_LOW_INCOME,203,199.51599615293907,255,199.34789039322496
43,SIAgent0,MALE_OLD_HIGH_INCOME,38,37.577176409848384,43,37.10574088896909
43,WEAgent7,OLD_LOW_INCOME,194,198.47363916333921,278,0.0
44,WEAgent1,MALE_LOW_INCOME,168,169.33110941344265,191,162.5412524064867
44,WEAgent2,FEMALE_YOUNG_LOW_INCOME,92,92.79081874373938,259,0.0
44,WEAgent0,MALE_LOW_INCOME,168,169.03582593841412,162,137.86221408298897
44,WEAgent5,FEMALE_YOUNG_HIGH_INCOME,12,13.692190415466877,0,0.0
44,WEAgent6,MALE_YOUNG_LOW_INCOME,85,77.29977257341447,90,76.59011893499373
44,WEAgent3,FEMALE_YOUNG_HIGH_INCOME,12,11.444418151858645,0,0.0
44,WEAgent4,MALE_YOUNG,109,112.42528367210038,204,66.37810307699449
44,SIAgent3,FEMALE_YOUNG,104,114.40430539673949,126,113.97133171785397
44,SIAgent4,MALE_YOUNG,109,95.97563114457823,112,95.31214800799232
44,SIAgent1,MALE_YOUNG_LOW_INCOME,85,72.33511232749402,84,71.48411100599411
44,SIAgent2,FEMALE_OLD,130,138.23097785061086,570,0.0
44,SIAgent0,MALE_OLD_HIGH_INCOME,38,36.13058835779844,47,35.50047166310495
44,WEAgent7,MALE_HIGH_INCOME,62,46.830409427925645,113,0.0
45,WEAgent1,FEMALE_HIGH_INCOME,31,35.248671651122876,0,0.0
45,WEAgent2,MALE_OLD_LOW_INCOME,83,81.26981659650221,96,81.25949208778447
45,WEAgent0,FEMALE_OLD_HIGH_INCOME,19,16.861521776297188,0,0.0
45,WEAgent5,FEMALE_OLD,130,142.722109983278,242,136.71443992327883
45,WEAgent6,FEMALE_HIGH_INCOME,31,31.01390504390027,0,0.0
45,WEAgent3,FEMALE_OLD_LOW_INCOME,111,115.03525807193094,114,114.59886875921902
45,WEAgent4,MALE_YOUNG,109,107.66468875549582,503,0.0
45,SIAgent3,FEMALE_HIGH_INCOME,31,33.043784392231316,34,32.77437410088326
45,SIAgent4,FEMALE_OLD_LOW_INCOME,111,111.58310905502888,110,110.57785582029905
45,SIAgent1,MALE_OLD,121,102.42081815231157,444,0.0
45,SIAgent2,FEMALE_YOUNG,104,95.41880319233222,425,0.0
45,SIAgent0,FEMALE_HIGH_INCOME,31,34.75158272335172,32,34.10971292101295
45,WEAgent7,FEMALE_OLD_HIGH_INCOME,19,20.66393979619113,0,0.0
46,WEAgent1,FEMALE_YOUNG_LOW_INCOME,92,68.9149616130725,92,68.91496161307249
46,WEAgent2,FEMALE_OLD,130,112.37644284099915,580,0.0
46,WEAgent0,MALE_OLD,121,121.31253647034652,98,88.14564454105961
46,WEAgent5,MALE_YOUNG,109,102.07184060846274,111,101.65802600901479
46,WEAgent6,FEMALE_YOUNG,104,90.94430595244926,121,90.63815603458447
46,WEAgent3,MALE_YOUNG_LOW_INCOME,85,86.40932210766248,85,86.31845616772115
46,WEAgent4,FEMALE_YOUNG,104,115.035986570191,188,92.8853830437064
46,SIAgent3,MALE_OLD_HIGH_INCOME,38,34.17892339347206,0,0.0
46,SIAgent4,MALE_LOW_INCOME,168,165.69699105843003,193,165.35926561239307
46,SIAgent1,MALE_OLD_HIGH_INCOME,38,37.33226061927101,38,36.85218041510142
46,SIAgent2,FEMALE_YOUNG_HIGH_INCOME,12,10.619625736454394,14,10.487059375902335
46,SIAgent0,MALE_HIGH_INCOME,62,60.12724172990233,65,59.63265110864709
46,WEAgent7,MALE_OLD_LOW_INCOME,83,74.99901117939125,168,0.0
47,WEAgent1,FEMALE_YOUNG,104,99.68770371152422,145,99.37709256667654
47,WEAgent2,FEMALE_YOUNG_HIGH_INCOME,12,10.332594940273214,0,0.0
47,WEAgent0,FEMALE_YOUNG_LOW_INCOME,92,98.02725581091103,93,86.58598164225278
47,WEAgent5,FEMALE_YOUNG,104,92.64601607330046,0,0.0
47,WEAgent6,OLD_HIGH_INCOME,57,62.560755167973596,81,0.0
47,WEAgent3,MALE_OLD_LOW_INCOME,83,83.46297417479427,372,0.0
47,WEAgent4,YOUNG_HIGH_INCOME,36,30.889390792755464,47,0.0
47,SIAgent3,FEMALE_YOUNG_LOW_INCOME,92,100.93630221426855,102,100.3610241762476
47,SIAgent4,FEMALE_YOUNG_LOW_INCOME,92,90.52170808053694,91,89.53777647096595
47,SIAgent1,MALE_YOUNG_LOW_INCOME,85,81.21534529992125,85,80.53110113553649
47,SIAgent2,MALE_HIGH_INCOME,62,57.88059961293791,118,57.488588419850466
47,SIAgent0,MALE_OLD_HIGH_INCOME,38,39.80219338931026,42,39.209438447474064
47,WEAgent7,MALE_YOUNG_LOW_INCOME,85,80.53110113553652,257,0.0
48,WEAgent1,MALE_OLD,121,123.79941257914106,110,36.193996412708515
48,WEAgent2,FEMALE_YOUNG_HIGH_INCOME,12,12.009279693196136,13,11.710971030720764
48,WEAgent0,FEMALE_OLD,130,142.5861351729921,98,6.780750693481043
48,WEAgent5,MALE_LOW_INCOME,168,144.77598565083412,168,144.77598565083406
48,WEAgent6,MALE_OLD_HIGH_INCOME,38,40.07935253512146,46,39.64104369010931
48,WEAgent3,FEMALE_HIGH_INCOME,31,27.926161688641812,37,18.917722434241227
48,WEAgent4,MALE_LOW_INCOME,168,173.11452630269218,434,125.8172256251298
48,SIAgent3,FEMALE_OLD_LOW_INCOME,111,119.12500022612899,114,118.5580208247566
48,SIAgent4,FEMALE_LOW_INCOME,203,197.6492935987439,300,197.6104487814482
48,SIAgent1,FEMALE_LOW_INCOME,203,211.11647567917163,205,210.561769933786
48,SIAgent2,OLD_LOW_INCOME,194,237.4091815759554,244,236.69943153209817
48,SIAgent0,FEMALE_YOUNG_LOW_INCOME,92,94.59394346589809,97,94.44325851762626
48,WEAgent7,FEMALE_OLD_LOW_INCOME,111,107.52333242519938,13,12.592822716464795
49,WEAgent1,FEMALE_OLD,130,132.69547241171793,159,131.8166215295469
49,WEAgent2,FEMALE_OLD_HIGH_INCOME,19,18.83972667282155,0,0.0
49,WEAgent0,FEMALE_HIGH_INCOME,31,35.00329523304072,34,0.0
49,WEAgent5,OLD_HIGH_INCOME,57,62.30130527913695,59,44.60362472171928
49,WEAgent6,MALE_HIGH_INCOME,62,60.8211858761919,53,40.06766288561223
49,WEAgent3,YOUNG_LOW_INCOME,177,133.8108741651577,330,61.235484787445124
49,WEAgent4,FEMALE_YOUNG_HIGH_INCOME,12,10.802236409609764,0,0.0
49,SIAgent3,OLD_LOW_INCOME,194,201.35767383253682,692,173.12943559609351
49,SIAgent4,FEMALE_LOW_INCOME,203,191.00612379226686,252,190.510397116496
49,SIAgent1,MALE_OLD_HIGH_INCOME,38,40.50359064333884,53,40.06766288561223
49,SIAgent2,MALE_YOUNG,109,101.44067755503082,176,101.30314767305738
49,SIAgent0,FEMALE_YOUNG_HIGH_INCOME,12,11.357085498629703,12,11.3570854986297
49,WEAgent7,YOUNG_LOW_INCOME,177,167.30566437416363,69,52.163561115231026
50,WEAgent1,FEMALE_YOUNG_HIGH_INCOME,12,11.591281260636558,0,0.0
50,WEAgent2,FEMALE_YOUNG,104,90.66635326571284,73,61.54853935956132
50,WEAgent0,FEMALE_YOUNG,104,87.68559032047095,71,59.86227800724457
50,WEAgent5,FEMALE_OLD,130,139.98571113468265,129,138.90889797210826
50,WEAgent6,MALE_OLD_LOW_INCOME,83,82.8273915959877,366,0.0
50,WEAgent3,FEMALE_OLD_HIGH_INCOME,19,20.803410549114236,0,0.0
50,WEAgent4,MALE_HIGH_INCOME,62,64.3318070784846,160,0.0
50,SIAgent3,FEMALE_YOUNG,104,107.64610256672358,114,107.29046024049454
50,SIAgent4,YOUNG_LOW_INCOME,177,169.63635955428379,185,169.52441949140314
50,SIAgent1,YOUNG_HIGH_INCOME,36,30.076884231962733,36,0.0
50,SIAgent2,YOUNG_LOW_INCOME,177,203.26649392878082,203,202.75743971649018
50,SIAgent0,MALE_YOUNG,109,102.75735870000729,220,75.0386301780954
50,WEAgent7,FEMALE_OLD,130,141.6913352562126,443,138.90889797210826
51,WEAgent1,MALE_OLD_LOW_INCOME,83,75.72366924677986,0,0.0
51,WEAgent2,OLD_HIGH_INCOME,57,59.55071917647265,67,59.212749544564375
51,WEAgent0,OLD_HIGH_INCOME,57,62.635213614578646,101,50.37502573194283
51,WEAgent5,FEMALE_OLD,130,132.69921564624016,149,88.37723812621567
51,WEAgent6,MALE_YOUNG_LOW_INCOME,85,84.64288796118393,359,0.0
51,WEAgent3,YOUNG_HIGH_INCOME,36,37.88072767640396,27,28.356033727432706
51,WEAgent4,YOUNG_HIGH_INCOME,36,37.808044969910284,136,31.506704141591893
51,SIAgent3,FEMALE_YOUNG_HIGH_INCOME,12,10.635115566708748,0,0.0
51,SIAgent4,OLD_LOW_INCOME,194,182.9558460631534,207,182.940882921267
51,SIAgent1,FEMALE_YOUNG_LOW_INCOME,92,89.90029315472933,368,0.0
51,SIAgent2,FEMALE_OLD_LOW_INCOME,111,98.09873432009918,110,97.21496193883729
51,SIAgent0,FEMALE_OLD,130,145.6199270341981,185,145.23299120477114
51,WEAgent7,MALE_LOW_INCOME,168,177.53887049307195,221,0.0
52,WEAgent1,FEMALE_YOUNG_HIGH_INCOME,12,14.13792273213025,0,0.0
52,WEAgent2,FEMALE_LOW_INCOME,203,223.95964815423142,297,105.91195183648372
52,WEAgent0,FEMALE_HIGH_INCOME,31,32.791453978983,0,0.0
52,WEAgent5,FEMALE_OLD,130,125.38146175133231,606,0.0
52,WEAgent6,FEMALE_OLD_HIGH_INCOME,19,20.522272369443158,0,0.0
52,WEAgent3,OLD_HIGH_INCOME,57,49.38699715757111,73,0.0
52,WEAgent4,MALE_OLD_HIGH_INCOME,38,35.146444900761274,0,0.0
52,SIAgent3,MALE_OLD,121,118.35258474333989,132,118.03538097236398
52,SIAgent4,MALE_OLD_LOW_INCOME,83,91.84801113239723,88,91.20669217754879
52,SIAgent1,MALE_LOW_INCOME,168,158.129079780231,382,0.0
52,SIAgent2,MALE_LOW_INCOME,168,174.1218668844116,183,173.75966413302086
52,SIAgent0,FEMALE_YOUNG_HIGH_INCOME,12,11.67897070826929,17,11.291711980618372
52,WEAgent7,FEMALE_YOUNG,104,91.90832820508493,94,91.56970835862656
53,WEAgent1,OLD_HIGH_INCOME,57,68.85809189046239,0,0.0
53,WEAgent2,MALE_OLD,121,120.57957549831767,132,120.25122304427846
53,WEAgent0,MALE_OLD_HIGH_INCOME,38,36.20273578003463,0,0.0
53,WEAgent5,FEMALE_HIGH_INCOME,31,31.085012392544563,0,0.0
53,WEAgent6,FEMALE_YOUNG,104,93.05175217035378,95,93.03583278538444
53,WEAgent3,FEMALE_OLD_LOW_INCOME,111,122.72743573175966,122,122.50691235207054
53,WEAgent4,MALE_OLD_LOW_INCOME,83,77.6218619680001,94,77.59196850100949
53,SIAgent3,FEMALE_OLD_LOW_INCOME,111,111.46120713999849,110,110.45705212071934
53,SIAgent4,YOUNG_LOW_INCOME,177,189.27979773578215,672,0.0
53,SIAgent1,OLD_LOW_INCOME,194,206.49286333372746,212,206.46834082464215
53,SIAgent2,MALE_OLD_LOW_INCOME,83,68.51205729344457,198,0.0
53,SIAgent0,MALE_HIGH_INCOME,62,56.481635066251805,100,0.0
53,WEAgent7,FEMALE_OLD,130,108.88466982618043,222,104.43212200504374
54,WEAgent1,FEMALE_YOUNG_LOW_INCOME,92,77.56187101391588,91,76.71880719854728
54,WEAgent2,MALE_HIGH_INCOME,62,70.24402784970417,77,0.0
54,WEAgent0,FEMALE_YOUNG_HIGH_INCOME,12,12.155349706821076,0,0.0
54,WEAgent5,MALE_LOW_INCOME,168,136.0931429160085,168,136.09314291600813
54,WEAgent6,YOUNG_LOW_INCOME,177,151.28505910645825,395,0.0
54,WEAgent3,FEMALE_YOUNG,104,109.82909653051028,322,71.66042430633537
54,WEAgent4,MALE_LOW_INCOME,168,156.91740131784448,179,136.90322114765104
54,SIAgent3,FEMALE_OLD,130,154.19170308388038,157,154.18297536138138
54,SIAgent4,FEMALE_OLD_HIGH_INCOME,19,19.638517079617362,19,19.606692695051247
54,SIAgent1,OLD_HIGH_INCOME,57,58.82007808515372,73,58.33764604966052
54,SIAgent2,YOUNG_HIGH_INCOME,36,35.01649802892681,38,34.36257012227117
54,SIAgent0,MALE_HIGH_INCOME,62,70.64518926031512,70,70.51691349683371
54,WEAgent7,FEMALE_OLD,130,126.39823310759793,383,0.0
55,WEAgent1,MALE_YOUNG_HIGH_INCOME,24,28.43419578395153,0,0.0
55,WEAgent2,MALE_HIGH_INCOME,62,60.22603404303842,43,0.0
55,WEAgent0,OLD_HIGH_INCOME,57,55.825637236483836,29,24.87497354211148
55,WEAgent5,OLD_LOW_INCOME,194,166.40499541964232,595,106.36195583523529
55,WEAgent6,YOUNG_LOW_INCOME,177,173.8510711647959,188,156.78833099152456
55,WEAgent3,OLD_LOW_INCOME,194,186.51041529300954,147,126.09038312725474
55,WEAgent4,FEMALE_HIGH_INCOME,31,31.732129818648268,73,20.586185000368122
55,SIAgent3,MALE_OLD,121,134.38472647670622,156,133.81020250239288
55,SIAgent4,MALE_YOUNG_HIGH_INCOME,24,21.704955792945018,25,21.443942708716794
55,SIAgent1,FEMALE_YOUNG_LOW_INCOME,92,94.50755878918312,107,93.72263360945892
55,SIAgent2,YOUNG_LOW_INCOME,177,155.03650606424492,465,154.16059360060518
55,SIAgent0,YOUNG_HIGH_INCOME,36,35.67422252680802,40,35.429079126523774
55,WEAgent7,OLD_HIGH_INCOME,57,64.62864010738286,120,19.72842729201945
56,WEAgent1,MALE_LOW_INCOME,168,190.80119129114047,66,53.36379611841517
56,WEAgent2,FEMALE_LOW_INCOME,203,164.13410018239819,163,125.32406664173207
56,WEAgent0,FEMALE_YOUNG_LOW_INCOME,92,91.72916302526657,113,91.36528729364998
56,WEAgent5,MALE_LOW_INCOME,168,157.7596220770058,74,59.83213504185944
56,WEAgent6,FEMALE_YOUNG,104,113.37357853900195,169,113.19593116027418
56,WEAgent3,FEMALE_OLD_HIGH_INCOME,19,18.502182706531688,68,0.0
56,WEAgent4,MALE_OLD,121,152.9020800307138,123,0.0
56,SIAgent3,MALE_OLD_HIGH_INCOME,38,37.65462000252776,46,37.19294880980451
56,SIAgent4,MALE_OLD_LOW_INCOME,83,86.59108842935434,107,86.51403310106683
56,SIAgent1,MALE_OLD_LOW_INCOME,83,99.12617814379195,95,99.11028193721272
56,SIAgent2,YOUNG_HIGH_INCOME,36,35.65968224406945,43,35.51777974111624
56,SIAgent0,MALE_YOUNG_HIGH_INCOME,24,19.986016533638583,60,0.0
56,WEAgent7,YOUNG_LOW_INCOME,177,180.59870808687185,362,0.0
57,WEAgent1,MALE_OLD_HIGH_INCOME,38,37.44794958332891,0,0.0
57,WEAgent2,MALE_YOUNG_HIGH_INCOME,24,22.235521559497293,0,0.0
57,WEAgent0,FEMALE_LOW_INCOME,203,166.40962216018835,71,0.0
57,WEAgent5,MALE_OLD,121,128.77566318569882,81,53.355058370436694
57,WEAgent6,MALE_HIGH_INCOME,62,67.49150285713912,72,67.21937366713418
57,WEAgent3,YOUNG_HIGH_INCOME,36,33.697931602381026,36,33.62733578732984
57,WEAgent4,MALE_YOUNG_HIGH_INCOME,24,20.548616287691296,0,0.0
57,SIAgent3,FEMALE_HIGH_INCOME,31,33.43971366623554,91,32.76187794675933
57,SIAgent4,YOUNG_HIGH_INCOME,36,32.42720693145969,28,0.0
57,SIAgent1,FEMALE_YOUNG_LOW_INCOME,92,98.3481229428966,101,97.66360135816288
57,SIAgent2,YOUNG_LOW_INCOME,177,171.15304396430523,497,170.50838132669512
57,SIAgent0,MALE_HIGH_INCOME,62,61.780656850927016,66,61.77954127103198
57,WEAgent7,FEMALE_YOUNG_HIGH_INCOME,12,10.912940377253294,0,0.0
58,WEAgent1,MALE_YOUNG_HIGH_INCOME,24,27.98359889442822,32,27.46434306081505
58,WEAgent2,FEMALE_OLD,130,132.56660919425434,512,0.0
58,WEAgent0,MALE_LOW_INCOME,168,147.6349141211174,138,118.43997944976446
58,WEAgent5,MALE_HIGH_INCOME,62,64.81373736713729,141,32.61390738471787
58,WEAgent6,YOUNG_HIGH_INCOME,36,34.734287039518605,38,0.0
58,WEAgent3,FEMALE_YOUNG_HIGH_INCOME,12,10.94539729951787,0,0.0
58,WEAgent4,FEMALE_YOUNG_LOW_INCOME,92,85.98557943693672,403,0.0
58,SIAgent3,MALE_LOW_INCOME,168,144.18780106927898,478,104.70780791935705
58,SIAgent4,YOUNG_HIGH_INCOME,36,34.42209764129063,40,34.33042882601881
58,SIAgent1,OLD_HIGH_INCOME,57,58.33723741263811,63,57.94600364892297
58,SIAgent2,FEMALE_OLD_HIGH_INCOME,19,21.062967560498958,20,20.469206109697573
58,SIAgent0,MALE_OLD,121,123.9659455232433,135,123.13397902052711
58,WEAgent7,MALE_OLD,121,87.54699628540483,0,0.0
59,WEAgent1,OLD_LOW_INCOME,194,153.6008609746231,134,73.63340242597914
59,WEAgent2,MALE_YOUNG_LOW_INCOME,85,80.95330154098573,251,62.857857667118395
59,WEAgent0,FEMALE_OLD,130,141.78548475776338,143,141.23397852446368
59,WEAgent5,MALE_OLD,121,123.07656637914819,62,27.7114955366588
59,WEAgent6,OLD_HIGH_INCOME,57,48.20199336058295,0,0.0
59,WEAgent3,MALE_OLD,121,105.7209041363481,133,105.30368303930331
59,WEAgent4,FEMALE_YOUNG_LOW_INCOME,92,90.13251428636688,438,0.0
59,SIAgent3,FEMALE_HIGH_INCOME,31,28.09371957397836,90,0.0
59,SIAgent4,MALE_HIGH_INCOME,62,55.88163431564187,70,55.422991073317675
59,SIAgent1,MALE_OLD_LOW_INCOME,83,86.26385736737159,108,85.5097576559757
59,SIAgent2,FEMALE_OLD_LOW_INCOME,111,112.55735351187997,371,91.26271906368626
59,SIAgent0,YOUNG_HIGH_INCOME,36,36.052217044335016,39,35.43817009316483
59,WEAgent7,MALE_YOUNG,109,99.4389729524132,106,99.23501069281662
60,WEAgent1,FEMALE_YOUNG_LOW_INCOME,92,102.51617536004036,329,101.9832747516026
60,WEAgent2,MALE_OLD_HIGH_INCOME,38,37.708827100975626,0,0.0
60,WEAgent0,MALE_OLD_HIGH_INCOME,38,45.330125736348194,48,45.14338957836754
60,WEAgent5,FEMALE_OLD_HIGH_INCOME,19,21.136366585878243,19,21.00041787782439
60,WEAgent6,FEMALE_YOUNG_LOW_INCOME,92,100.88668039943475,91,99.79008604726705
60,WEAgent3,MALE_OLD_LOW_INCOME,83,90.76346783194496,252,0.0
60,WEAgent4,FEMALE_HIGH_INCOME,31,34.263839695397685,77,16.579277271966617
60,SIAgent3,MALE_YOUNG,109,98.42532361961138,196,0.0
60,SIAgent4,FEMALE_HIGH_INCOME,31,34.41608736693827,31,34.26383969539771
60,SIAgent1,MALE_YOUNG_LOW_INCOME,85,82.19491476032752,87,81.82239361079117
60,SIAgent2,MALE_LOW_INCOME,168,163.30004275113683,171,163.05030937393852
60,SIAgent0,MALE_YOUNG_LOW_INCOME,85,79.94141904502588,88,79.46264659197988
60,WEAgent7,MALE_OLD,121,126.1174479848552,123,34.79802946665831
61,WEAgent1,FEMALE_OLD_LOW_INCOME,111,118.84138020216552,387,103.01441956276433
61,WEAgent2,FEMALE_LOW_INCOME,203,202.9302703986904,294,87.61039420758455
61,WEAgent0,MALE_YOUNG_HIGH_INCOME,24,22.55134328510624,25,22.255724505435566
61,WEAgent5,MALE_OLD_LOW_INCOME,83,92.24844996554623,261,90.3585097056198
61,WEAgent6,YOUNG_LOW_INCOME,177,196.47998283087645,12,0.0
61,WEAgent3,OLD_HIGH_INCOME,57,58.74273582320374,34,31.541922198373975
61,WEAgent4,MALE_HIGH_INCOME,62,55.19419677348024,73,26.706869406522678
61,SIAgent3,MALE_YOUNG_LOW_INCOME,85,84.38316896374002,91,83.90433044093267
61,SIAgent4,FEMALE_LOW_INCOME,203,195.4385716938421,202,194.47582010914428
61,SIAgent1,FEMALE_YOUNG_HIGH_INCOME,12,13.394672262793687,50,0.0
61,SIAgent2,OLD_HIGH_INCOME,57,52.87910486197994,202,49.16829048570066
61,SIAgent0,MALE_LOW_INCOME,168,154.90030235249117,168,154.90030235249108
61,WEAgent7,MALE_LOW_INCOME,168,186.09325173037385,201,185.32714745744468
62,WEAgent1,FEMALE_OLD_LOW_INCOME,111,113.27599990541279,116,112.97837903404421
62,WEAgent2,YOUNG_HIGH_INCOME,36,40.67164491649068,46,13.238441795967864
62,WEAgent0,OLD_HIGH_INCOME,57,57.33013920993599,95,56.513766873111386
62,WEAgent5,OLD_LOW_INCOME,194,204.6154186010694,362,0.0
62,WEAgent6,FEMALE_YOUNG_LOW_INCOME,92,83.73898513458029,201,0.0
62,WEAgent3,MALE_OLD,121,160.39344959400685,117,72.79739461621128
62,WEAgent4,FEMALE_OLD_HIGH_INCOME,19,18.199348654052834,19,18.199348654052834
62,SIAgent3,FEMALE_OLD_LOW_INCOME,111,108.1086213170594,217,104.21281514347179
62,SIAgent4,FEMALE_LOW_INCOME,203,201.60997239746104,212,200.9871721764531
62,SIAgent1,FEMALE_OLD_HIGH_INCOME,19,18.594518294607827,19,18.199348654052834
62,SIAgent2,FEMALE_YOUNG_LOW_INCOME,92,84.22980728847415,92,83.7389851345804
62,SIAgent0,FEMALE_YOUNG_HIGH_INCOME,12,12.220100119354948,11,11.201758442742038
62,WEAgent7,MALE_OLD_HIGH_INCOME,38,42.2689395193978,0,0.0
63,WEAgent1,FEMALE_YOUNG,104,105.15421353551771,295,0.0
63,WEAgent2,YOUNG_HIGH_INCOME,36,32.74194430452205,0,0.0
63,WEAgent0,FEMALE_OLD,130,112.45559579339425,129,111.59055274882982
63,WEAgent5,MALE_LOW_INCOME,168,173.88127445333936,180,172.99992967307304
63,WEAgent6,MALE_YOUNG,109,117.15926536156817,369,0.0
63,WEAgent3,FEMALE_OLD,130,134.62323071622438,320,107.26533752600696
63,WEAgent4,MALE_YOUNG_HIGH_INCOME,24,24.60222764690208,0,0.0
63,SIAgent3,MALE_YOUNG_HIGH_INCOME,24,24.26057521769985,25,23.675763840946985
63,SIAgent4,FEMALE_OLD_LOW_INCOME,111,110.39013971392684,127,109.86046665970068
63,SIAgent1,FEMALE_YOUNG,104,109.33169702711345,109,109.24868976936283
63,SIAgent2,YOUNG_HIGH_INCOME,36,34.09309993096365,110,0.0
63,SIAgent0,MALE_OLD,121,116.29439716912131,336,0.0
63,WEAgent7,OLD_HIGH_INCOME,57,50.5307528655021,0,0.0
64,WEAgent1,MALE_OLD_LOW_INCOME,83,88.09113204908797,83,88.09113204908792
64,WEAgent2,OLD_LOW_INCOME,194,206.85591048220945,220,206.7178629204218
64,WEAgent0,FEMALE_YOUNG_HIGH_INCOME,12,9.218443662548017,0,0.0
64,WEAgent5,FEMALE_YOUNG,104,88.47259928447386,463,0.0
64,WEAgent6,FEMALE_OLD,130,142.83852014168951,579,93.86910073923197
64,WEAgent3,FEMALE_HIGH_INCOME,31,32.55542843011505,0,0.0
64,WEAgent4,MALE_HIGH_INCOME,62,61.841348299088686,74,0.0
64,SIAgent3,MALE_YOUNG_HIGH_INCOME,24,23.445410882042072,27,23.11262734756981
64,SIAgent4,MALE_YOUNG_LOW_INCOME,85,72.51259378854414,340,0.0
64,SIAgent1,MALE_OLD_LOW_INCOME,83,71.25426516723635,46,0.0
64,SIAgent2,MALE_OLD_HIGH_INCOME,38,32.52888293361676,168,0.0
64,SIAgent0,FEMALE_OLD_HIGH_INCOME,19,19.81681015606006,0,0.0
64,WEAgent7,MALE_YOUNG_HIGH_INCOME,24,20.935595778685382,0,0.0
65,WEAgent1,OLD_HIGH_INCOME,57,63.60507753358046,70,0.0
65,WEAgent2,FEMALE_YOUNG,104,113.19781730768099,149,113.12673531878188
65,WEAgent0,FEMALE_OLD_LOW_INCOME,111,108.47271063863246,346,86.50867994965672
65,WEAgent5,FEMALE_LOW_INCOME,203,198.1824590980377,268,114.7903637793522
65,WEAgent6,MALE_OLD,121,124.09785541078958,35,34.646619437074435
65,WEAgent3,YOUNG_LOW_INCOME,177,189.84768474360203,208,173.0173598993127
65,WEAgent4,MALE_OLD,121,119.77831291102875,395,56.42449451180694
65,SIAgent3,FEMALE_OLD_LOW_INCOME,111,92.33137956165271,110,91.49956533136769
65,SIAgent4,FEMALE_YOUNG_HIGH_INCOME,12,13.083751142209342,15,12.477213454277393
65,SIAgent1,MALE_HIGH_INCOME,62,67.40461425834562,70,66.9247109926589
65,SIAgent2,MALE_YOUNG_HIGH_INCOME,24,22.03511616771549,65,0.0
65,SIAgent0,OLD_HIGH_INCOME,57,62.94316438886075,59,62.19774496065159
65,WEAgent7,YOUNG_LOW_INCOME,177,215.20671855056585,184,153.05381837246918
66,WEAgent1,OLD_HIGH_INCOME,57,60.329683792896574,135,42.98282176610001
66,WEAgent2,MALE_OLD_LOW_INCOME,83,82.2949952499451,86,82.14494826410224
66,WEAgent0,FEMALE_OLD,130,132.06741638940693,258,131.15687802022867
66,WEAgent5,YOUNG_LOW_INCOME,177,163.64439343462993,345,0.0
66,WEAgent6,FEMALE_OLD_LOW_INCOME,111,106.02429368971335,110,105.06911987268892
66,WEAgent3,OLD_LOW_INCOME,194,247.28006272293416,290,84.05529589815113
66,WEAgent4,YOUNG_HIGH_INCOME,36,40.80986725577727,94,0.0
66,SIAgent3,FEMALE_OLD_LOW_INCOME,111,119.94022200761897,125,119.39672712805559
66,SIAgent4,FEMALE_OLD_HIGH_INCOME,19,17.496528728204595,6,0.0
66,SIAgent1,FEMALE_HIGH_INCOME,31,31.886796779905744,33,31.51097996273258
66,SIAgent2,FEMALE_YOUNG_LOW_INCOME,92,97.66631445253628,102,97.36138854278927
66,SIAgent0,FEMALE_YOUNG,104,99.2704353769618,323,0.0
66,WEAgent7,MALE_OLD_HIGH_INCOME,38,43.633315184901114,45,42.98282176610001
67,WEAgent1,YOUNG_LOW_INCOME,177,185.69185703732282,356,0.0
67,WEAgent2,FEMALE_OLD_LOW_INCOME,111,101.89525397828025,85,78.02789719057496
67,WEAgent0,OLD_HIGH_INCOME,57,56.40158159570124,76,0.0
67,WEAgent5,FEMALE_YOUNG_LOW_INCOME,92,85.57456417773189,92,85.57456417773183
67,WEAgent6,FEMALE_OLD,130,138.68032021307664,125,75.27397140737818
67,WEAgent3,FEMALE_YOUNG,104,100.44205202141691,216,79.99361434005367
67,WEAgent4,FEMALE_YOUNG_HIGH_INCOME,12,12.043957398919858,0,0.0
67,SIAgent3,OLD_HIGH_INCOME,57,54.32022342049243,59,54.160540402869636
67,SIAgent4,FEMALE_YOUNG,104,100.63083931083072,119,100.45709707820693
67,SIAgent1,OLD_HIGH_INCOME,57,55.566279106649425,58,55.27320979629051
67,SIAgent2,OLD_LOW_INCOME,194,184.51981995821706,264,184.51302747418282
67,SIAgent0,MALE_OLD_LOW_INCOME,83,91.9372517784345,96,91.3087768865403
67,WEAgent7,FEMALE_OLD,130,124.23493591521613,102,93.63347662869003
68,WEAgent1,FEMALE_LOW_INCOME,203,235.30631473769458,138,119.29177067295142
68,WEAgent2,MALE_YOUNG,109,94.22321016921501,108,93.35877704839673
68,WEAgent0,YOUNG_LOW_INCOME,177,175.22138415315754,154,133.12270060604723
68,WEAgent5,MALE_HIGH_INCOME,62,66.7274333846836,0,0.0
68,WEAgent6,FEMALE_LOW_INCOME,203,184.42498559784593,213,184.1242547343381
68,WEAgent3,OLD_HIGH_INCOME,57,59.56284201914813,0,0.0
68,WEAgent4,MALE_YOUNG,109,107.88001755829028,82,70.883515907116
68,SIAgent3,OLD_LOW_INCOME,194,211.40223953527743,241,211.09127229725382
68,SIAgent4,MALE_OLD_HIGH_INCOME,38,35.535152063395294,39,34.823744464703665
68,SIAgent1,MALE_YOUNG,109,117.89384899652958,178,117.56290443131444
68,SIAgent2,MALE_OLD,121,108.04289949305493,187,107.31868209870169
68,SIAgent0,MALE_OLD_LOW_INCOME,83,71.83427914671151,154,0.0
68,WEAgent7,FEMALE_OLD,130,123.7435108044117,325,87.3077452026673
69,WEAgent1,MALE_OLD,121,134.38705643418822,113,41.71929881316922
69,WEAgent2,FEMALE_YOUNG,104,90.7809765908957,0,0.0
69,WEAgent0,MALE_YOUNG,109,121.93179275864634,120,121.8461461923329
69,WEAgent5,FEMALE_HIGH_INCOME,31,31.87178030432942,35,31.282317830004203
69,WEAgent6,FEMALE_LOW_INCOME,203,166.05916978575183,517,0.0
69,WEAgent3,MALE_YOUNG_LOW_INCOME,85,92.73298154705537,265,68.7315039701704
69,WEAgent4,MALE_OLD_HIGH_INCOME,38,36.885761976929324,45,36.8111460116199
69,SIAgent3,OLD_LOW_INCOME,194,227.47093930339275,240,226.58563578697934
69,SIAgent4,FEMALE_LOW_INCOME,203,194.81008472601954,238,194.69006112812306
69,SIAgent1,FEMALE_OLD_HIGH_INCOME,19,18.564049110866474,77,0.0
69,SIAgent2,MALE_OLD_LOW_INCOME,83,76.35639716302828,259,0.0
69,SIAgent0,YOUNG_HIGH_INCOME,36,32.176098339432905,91,0.0
69,WEAgent7,YOUNG_HIGH_INCOME,36,31.939270870184085,0,0.0
70,WEAgent1,FEMALE_YOUNG_HIGH_INCOME,12,11.30853499065638,0,0.0
70,WEAgent2,FEMALE_OLD,130,122.8271920793221,522,0.0
70,WEAgent0,FEMALE_OLD_HIGH_INCOME,19,18.577032865297806,0,0.0
70,WEAgent5,MALE_OLD_LOW_INCOME,83,78.06196776028882,84,77.2215075555801
70,WEAgent6,FEMALE_LOW_INCOME,203,208.87537935447403,157,96.32223950696894
70,WEAgent3,YOUNG_LOW_INCOME,177,219.40300727623574,180,0.0
70,WEAgent4,FEMALE_HIGH_INCOME,31,31.140176984488413,0,0.0
70,SIAgent3,FEMALE_HIGH_INCOME,31,30.958620858202845,32,30.234385742602377
70,SIAgent4,FEMALE_YOUNG,104,108.30891883719357,117,107.75204129152768
70,SIAgent1,MALE_YOUNG_LOW_INCOME,85,85.80165122038362,91,85.10023102072009
70,SIAgent2,MALE_OLD,121,111.23574302649044,435,0.0
70,SIAgent0,YOUNG_LOW_INCOME,177,192.19466496244476,187,192.0597069548536
70,WEAgent7,FEMALE_YOUNG_LOW_INCOME,92,86.0353983945741,91,85.10023102072009
71,WEAgent1,MALE_OLD_HIGH_INCOME,38,36.92097513546516,123,28.42610724338202
71,WEAgent2,MALE_OLD_HIGH_INCOME,38,32.73309318934902,38,32.73309318934899
71,WEAgent0,MALE_LOW_INCOME,168,175.70874687917183,133,126.92136071333718
71,WEAgent5,MALE_YOUNG_HIGH_INCOME,24,21.923701979610925,0,0.0
71,WEAgent6,MALE_YOUNG_HIGH_INCOME,24,25.945377818492975,0,0.0
71,WEAgent3,FEMALE_LOW_INCOME,203,176.2065909474176,359,0.0
71,WEAgent4,FEMALE_YOUNG_HIGH_INCOME,12,14.60074027809428,16,13.900432385054726
71,SIAgent3,FEMALE_OLD,130,145.49692590841923,154,144.6525646918386
71,SIAgent4,OLD_LOW_INCOME,194,185.13341337133363,529,124.058472877698
71,SIAgent1,MALE_YOUNG,109,103.04278553945328,293,0.0
71,SIAgent2,FEMALE_HIGH_INCOME,31,26.932087746043525,98,18.244317505384327
71,SIAgent0,MALE_OLD_LOW_INCOME,83,79.76208473772668,83,79.2065634526841
71,WEAgent7,MALE_LOW_INCOME,168,165.28286838319053,174,164.4903182005947
72,WEAgent1,FEMALE_OLD_HIGH_INCOME,19,20.933637649052816,0,0.0
72,WEAgent2,FEMALE_OLD_LOW_INCOME,111,117.09589790714797,303,0.0
72,WEAgent0,FEMALE_YOUNG_LOW_INCOME,92,89.82879035482553,0,0.0
72,WEAgent5,OLD_HIGH_INCOME,57,53.6548205145383,66,0.0
72,WEAgent6,MALE_HIGH_INCOME,62,59.76741249837637,135,24.219257708152178
72,WEAgent3,FEMALE_LOW_INCOME,203,239.21644128466804,243,0.0
72,WEAgent4,MALE_HIGH_INCOME,62,60.120612169243714,24,18.164443281114124
72,SIAgent3,OLD_HIGH_INCOME,57,46.26309535117469,61,46.16796000616505
72,SIAgent4,MALE_HIGH_INCOME,62,46.92481180954483,62,46.924811809544806
72,SIAgent1,MALE_YOUNG_LOW_INCOME,85,82.56824241097873,286,0.0
72,SIAgent2,FEMALE_LOW_INCOME,203,207.72616525662886,213,206.90630157104025
72,SIAgent0,YOUNG_LOW_INCOME,177,195.69943038231037,196,195.68548562510915
72,WEAgent7,FEMALE_YOUNG,104,110.03350201505994,0,0.0
73,WEAgent1,OLD_LOW_INCOME,194,216.41562223398458,140,114.37039732391351
73,WEAgent2,YOUNG_HIGH_INCOME,36,38.32654219565608,30,27.4488953577393
73,WEAgent0,MALE_YOUNG,109,102.52600116109018,0,0.0
73,WEAgent5,FEMALE_HIGH_INCOME,31,29.03422084647243,37,23.789042643374056
73,WEAgent6,MALE_YOUNG_LOW_INCOME,85,78.84022761684317,0,0.0
73,WEAgent3,FEMALE_YOUNG_LOW_INCOME,92,87.74524993042984,284,0.0
73,WEAgent4,YOUNG_LOW_INCOME,177,185.7066150419378,114,69.53720157293945
73,SIAgent3,FEMALE_OLD_LOW_INCOME,111,117.12002571438504,480,0.0
73,SIAgent4,OLD_HIGH_INCOME,57,59.65575349622004,181,59.47260660843507
73,SIAgent1,YOUNG_LOW_INCOME,177,191.98124049865638,190,190.916544808726
73,SIAgent2,MALE_OLD,121,130.43334303367723,136,129.8317807967886
73,SIAgent0,MALE_YOUNG,109,117.01688096060974,183,116.20032368109612
73,WEAgent7,MALE_LOW_INCOME,168,153.71381400334002,168,153.71381400333973
74,WEAgent1,MALE_YOUNG_HIGH_INCOME,24,25.309627459638797,0,0.0
74,WEAgent2,MALE_OLD_HIGH_INCOME,38,32.086354728884196,29,23.802014021855864
74,WEAgent0,MALE_YOUNG,109,117.44004231486291,407,0.0
74,WEAgent5,FEMALE_HIGH_INCOME,31,26.68070116827404,0,0.0
74,WEAgent6,MALE_OLD,121,111.79236872965603,41,33.65112327227898
74,WEAgent3,MALE_LOW_INCOME,168,160.54408682758472,213,74.68907848237528
74,WEAgent4,FEMALE_YOUNG,104,109.90961332552801,327,85.4165558944694
74,SIAgent3,FEMALE_OLD,130,126.31442788664269,542,0.0
74,SIAgent4,MALE_OLD_LOW_INCOME,83,68.12300564875993,83,68.12300564875987
74,SIAgent1,FEMALE_HIGH_INCOME,31,30.604500057268538,33,30.240270011664872
74,SIAgent2,MALE_HIGH_INCOME,62,64.41506284419864,135,64.01921012775024
74,SIAgent0,FEMALE_YOUNG,104,83.80492276438501,103,82.9991061993429
74,WEAgent7,MALE_OLD_LOW_INCOME,83,71.78796374546545,87,71.40604206556758
75,WEAgent1,MALE_HIGH_INCOME,62,67.77109333112554,0,0.0
75,WEAgent2,FEMALE_YOUNG_LOW_INCOME,92,89.7906943643447,91,88.81470855603668
75,WEAgent0,YOUNG_LOW_INCOME,177,156.45983856632202,272,83.97561956949491
75,WEAgent5,MALE_OLD_LOW_INCOME,83,94.24401913050718,257,0.0
75,WEAgent6,MALE_HIGH_INCOME,62,57.521147346666375,0,0.0
75,WEAgent3,MALE_OLD,121,122.62155919610491,125,122.00644494319555
75,WEAgent4,FEMALE_YOUNG,104,97.17034697224294,330,93.69463759757716
75,SIAgent3,FEMALE_OLD,130,126.61344824917775,558,0.0
75,SIAgent4,FEMALE_YOUNG_HIGH_INCOME,12,13.950458769501857,13,13.34526674251254
75,SIAgent1,MALE_HIGH_INCOME,62,60.515196691824904,144,37.1260633886188
75,SIAgent2,MALE_OLD_LOW_INCOME,83,98.03733987084685,86,97.65042946052552
75,SIAgent0,FEMALE_YOUNG_HIGH_INCOME,12,12.318707762319272,13,11.604771235055507
75,WEAgent7,MALE_YOUNG,109,98.48820497050639,111,98.1188818127782
76,WEAgent1,MALE_YOUNG,109,94.0273782629173,165,94.02737826291711
76,WEAgent2,FEMALE_YOUNG_LOW_INCOME,92,108.02806016093174,413,0.0
76,WEAgent0,YOUNG_HIGH_INCOME,36,39.26505081025597,0,0.0
76,WEAgent5,YOUNG_LOW_INCOME,177,204.81877969765728,152,74.18673881294389
76,WEAgent6,MALE_YOUNG_HIGH_INCOME,24,22.201528879883984,0,0.0
76,WEAgent3,OLD_HIGH_INCOME,57,53.915964879561066,116,29.32271774151565
76,WEAgent4,MALE_OLD,121,118.44201192465873,37,34.99808246567998
76,SIAgent3,FEMALE_YOUNG_HIGH_INCOME,12,12.23648901921095,40,0.0
76,SIAgent4,MALE_OLD_HIGH_INCOME,38,47.664867243574236,43,46.83888286033297
76,SIAgent1,YOUNG_HIGH_INCOME,36,41.669997528131425,46,41.25198810437326
76,SIAgent2,MALE_LOW_INCOME,168,197.900200283107,214,197.45991857475437
76,SIAgent0,MALE_OLD_HIGH_INCOME,38,41.39250113238725,43,40.67344718984432
76,WEAgent7,MALE_OLD_LOW_INCOME,83,83.07220316181582,233,0.0
77,WEAgent1,MALE_HIGH_INCOME,62,61.7844905365041,0,0.0
77,WEAgent2,OLD_HIGH_INCOME,57,67.73460168924149,135,67.7041042613578
77,WEAgent0,MALE_YOUNG,109,101.86407376786477,236,80.95864743712302
77,WEAgent5,MALE_OLD,121,115.38305092428575,104,73.42557786090913
77,WEAgent6,FEMALE_LOW_INCOME,203,192.89773952642125,82,67.7409090800417
77,WEAgent3,YOUNG_HIGH_INCOME,36,39.134090758225554,24,7.434977825858225
77,WEAgent4,FEMALE_YOUNG_HIGH_INCOME,12,13.88463356682458,16,13.21773835708129
77,SIAgent3,MALE_YOUNG_LOW_INCOME,85,96.80110350116911,117,96.65471173615708
77,SIAgent4,MALE_YOUNG_HIGH_INCOME,24,22.085083188514133,26,21.478824830257107
77,SIAgent1,MALE_YOUNG,109,90.04584255761628,108,89.21973391029884
77,SIAgent2,FEMALE_YOUNG_LOW_INCOME,92,97.24415512042927,117,96.65471173615708
77,SIAgent0,FEMALE_YOUNG,104,119.63573203854016,116,119.37969304379178
77,WEAgent7,YOUNG_LOW_INCOME,177,172.87707347774867,81,66.91480043272412
78,WEAgent1,MALE_YOUNG,109,116.81680274148317,118,116.79303875469657
78,WEAgent2,FEMALE_YOUNG,104,106.05870650785486,103,105.0389112529717
78,WEAgent0,FEMALE_YOUNG_LOW_INCOME,92,96.67020532473715,94,95.86075395902272
78,WEAgent5,FEMALE_OLD_LOW_INCOME,111,131.15673766673277,361,86.49056466122177
78,WEAgent6,MALE_HIGH_INCOME,62,68.79794572118871,163,0.0
78,WEAgent3,FEMALE_YOUNG,104,115.7416439852521,253,115.2368638018039
78,WEAgent4,FEMALE_HIGH_INCOME,31,33.75987759087952,55,17.31925648257872
78,SIAgent3,FEMALE_OLD_LOW_INCOME,111,93.2082784213168,111,93.20827842131662
78,SIAgent4,YOUNG_HIGH_INCOME,36,43.505793490153,40,43.068526223999804
78,SIAgent1,MALE_LOW_INCOME,168,157.97326561261787,518,0.0
78,SIAgent2,MALE_YOUNG_LOW_INCOME,85,100.34782285395997,85,100.3478228539598
78,SIAgent0,MALE_YOUNG_HIGH_INCOME,24,26.237704978103846,24,25.59553606902154
78,WEAgent7,FEMALE_OLD_HIGH_INCOME,19,14.957539689499804,19,14.957539689499802
79,WEAgent1,FEMALE_OLD,130,131.79836279845495,41,37.40434059272931
79,WEAgent2,FEMALE_OLD_LOW_INCOME,111,109.35154228082537,0,0.0
79,WEAgent0,MALE_HIGH_INCOME,62,55.93353787732296,193,0.0
79,WEAgent5,MALE_OLD_LOW_INCOME,83,83.99936420063021,0,0.0
79,WEAgent6,FEMALE_OLD_LOW_INCOME,111,115.90629666010037,67,61.124166334460114
79,WEAgent3,YOUNG_LOW_INCOME,177,196.55757344911538,199,151.90246017228716
79,WEAgent4,FEMALE_OLD,130,130.15884915032308,58,52.91345742386099
79,SIAgent3,OLD_LOW_INCOME,194,212.3375563863362,215,211.92180230642313
79,SIAgent4,MALE_HIGH_INCOME,62,67.19671855772327,74,66.75938391809522
79,SIAgent1,YOUNG_LOW_INCOME,177,153.63848828854148,541,152.77047423041452
79,SIAgent2,OLD_LOW_INCOME,194,176.9863920729142,315,50.17655445366128
79,SIAgent0,FEMALE_OLD,130,137.41584088731858,189,136.84514850998536
79,WEAgent7,FEMALE_OLD,130,110.37945990011475,0,0.0
80,WEAgent1,MALE_YOUNG_HIGH_INCOME,24,22.25894629484011,23,21.331490199221776
80,WEAgent2,FEMALE_LOW_INCOME,203,205.01764473958016,209,204.08617347041772
80,WEAgent0,MALE_YOUNG_HIGH_INCOME,24,24.844816324573657,26,24.113858486076793
80,WEAgent5,YOUNG_LOW_INCOME,177,178.03338865688067,203,163.62127055963626
80,WEAgent6,FEMALE_OLD_LOW_INCOME,111,125.26008641998003,128,124.99057513977687
80,WEAgent3,MALE_LOW_INCOME,168,148.58580245415666,168,148.5858024541562
80,WEAgent4,YOUNG_HIGH_INCOME,36,37.01020011186753,26,23.186402390458454
80,SIAgent3,OLD_HIGH_INCOME,57,47.919368717873894,210,0.0
80,SIAgent4,MALE_OLD_LOW_INCOME,83,91.59101804115197,330,0.0
80,SIAgent1,FEMALE_LOW_INCOME,203,198.22724026074053,570,0.0
80,SIAgent2,YOUNG_HIGH_INCOME,36,37.68376416914952,40,37.098243824733544
80,SIAgent0,FEMALE_OLD_HIGH_INCOME,19,19.936432608091568,23,19.335885623001737
80,WEAgent7,YOUNG_HIGH_INCOME,36,37.89078948855191,44,0.0
81,WEAgent1,YOUNG_HIGH_INCOME,36,45.421491874755816,0,0.0
81,WEAgent2,MALE_OLD_HIGH_INCOME,38,40.401654607589606,39,39.60086713569295
81,WEAgent0,FEMALE_YOUNG,104,93.76081247374901,445,0.0
81,WEAgent5,MALE_LOW_INCOME,168,158.83342045060522,333,0.0
81,WEAgent6,YOUNG_HIGH_INCOME,36,44.39965588772944,0,0.0
81,WEAgent3,MALE_YOUNG_LOW_INCOME,85,91.2620585888924,95,90.91036480243584
81,WEAgent4,MALE_HIGH_INCOME,62,68.40372072945488,149,30.462205488994584
81,SIAgent3,MALE_YOUNG,109,110.67934661001375,111,110.30373641377065
81,SIAgent4,FEMALE_OLD,130,141.2316389098016,185,141.181068621141
81,SIAgent1,MALE_YOUNG,109,90.50240779382088,47,0.0
81,SIAgent2,FEMALE_OLD,130,99.20831849053172,396,0.0
81,SIAgent0,MALE_YOUNG_LOW_INCOME,85,91.4691356003936,90,91.3866164669837
81,WEAgent7,MALE_YOUNG,109,112.25822350896422,110,111.69475345964673
82,WEAgent1,MALE_LOW_INCOME,168,179.62668401869755,212,0.0
82,WEAgent2,FEMALE_OLD,130,107.04732888152863,140,106.32403741390162
82,WEAgent0,YOUNG_LOW_INCOME,177,154.20369045435032,233,132.2087686603532
82,WEAgent5,MALE_YOUNG,109,119.58717925782875,137,119.16185070044997
82,WEAgent6,MALE_YOUNG_HIGH_INCOME,24,24.320528470803204,0,0.0
82,WEAgent3,FEMALE_OLD_LOW_INCOME,111,118.38130999362973,267,118.13781934877953
82,WEAgent4,FEMALE_YOUNG_LOW_INCOME,92,80.0210968207404,389,0.0
82,SIAgent3,FEMALE_OLD_LOW_INCOME,111,109.27748289762133,111,109.2774828976211
82,SIAgent4,MALE_HIGH_INCOME,62,63.443192551642596,188,58.18902528831386
82,SIAgent1,MALE_OLD,121,116.98295415039514,134,116.55246710846933
82,SIAgent2,YOUNG_HIGH_INCOME,36,36.97689321908815,59,36.83798277192148
82,SIAgent0,OLD_HIGH_INCOME,57,63.96816905895683,70,63.394495737686476
82,WEAgent7,OLD_HIGH_INCOME,57,49.29241365970107,0,0.0
83,WEAgent1,FEMALE_OLD,130,144.4243568473211,176,116.50123372616177
83,WEAgent2,FEMALE_OLD,130,116.50123372616198,130,116.50123372616177
83,WEAgent0,MALE_HIGH_INCOME,62,76.72646312860479,63,0.0
83,WEAgent5,FEMALE_OLD_LOW_INCOME,111,121.30011052537698,135,120.98205040793721
83,WEAgent6,FEMALE_OLD_LOW_INCOME,111,114.70187648872563,127,113.81274371709651
83,WEAgent3,MALE_OLD_HIGH_INCOME,38,33.53988412933468,121,0.0
83,WEAgent4,MALE_YOUNG_LOW_INCOME,85,91.1743256864401,70,58.56085020957948
83,SIAgent3,FEMALE_HIGH_INCOME,31,28.72732111420796,67,28.67722676336294
83,SIAgent4,MALE_YOUNG_LOW_INCOME,85,71.10960382591804,48,40.15601157228311
83,SIAgent1,MALE_OLD_LOW_INCOME,83,79.82152050239641,358,0.0
83,SIAgent2,YOUNG_LOW_INCOME,177,189.22781684182638,474,189.06788781950019
83,SIAgent0,MALE_HIGH_INCOME,62,59.56871673870032,67,59.13611149119536
83,WEAgent7,FEMALE_OLD_HIGH_INCOME,19,18.014874048779586,0,0.0
84,WEAgent1,FEMALE_LOW_INCOME,203,180.22685701905118,418,0.0
84,WEAgent2,OLD_HIGH_INCOME,57,60.036710284274136,49,0.0
84,WEAgent0,MALE_HIGH_INCOME,62,59.526970352184954,0,0.0
84,WEAgent5,MALE_OLD_HIGH_INCOME,38,46.50222591833713,0,0.0
84,WEAgent6,FEMALE_YOUNG_HIGH_INCOME,12,12.072580933118184,51,0.0
84,WEAgent3,MALE_LOW_INCOME,168,167.68577239019504,120,0.0
84,WEAgent4,FEMALE_OLD,130,115.2084338886638,511,0.0
84,SIAgent3,MALE_YOUNG,109,110.9220210227506,164,110.38131379751475
84,SIAgent4,MALE_LOW_INCOME,168,150.76472128441048,212,150.46407206765082
84,SIAgent1,OLD_HIGH_INCOME,57,56.6189636873427,66,56.35167258260793
84,SIAgent2,FEMALE_OLD_HIGH_INCOME,19,20.63034714461267,20,19.86630304819042
84,SIAgent0,MALE_OLD,121,102.85961988805465,120,102.00954038484785
84,WEAgent7,FEMALE_OLD_HIGH_INCOME,19,21.171830932415293,0,0.0
85,WEAgent1,YOUNG_HIGH_INCOME,36,39.24939794465661,36,38.705943670260076
85,WEAgent2,MALE_OLD_LOW_INCOME,83,79.96810769798716,0,0.0
85,WEAgent0,MALE_LOW_INCOME,168,122.72521834615387,146,106.65405880082396
85,WEAgent5,OLD_HIGH_INCOME,57,61.82425137880958,109,39.18145073221749
85,WEAgent6,FEMALE_OLD_LOW_INCOME,111,111.66810613273474,110,110.66208715856602
85,WEAgent3,FEMALE_OLD,130,120.93387282459511,331,95.57180254603429
85,WEAgent4,MALE_LOW_INCOME,168,168.90019424972496,179,130.76079811881834
85,SIAgent3,YOUNG_HIGH_INCOME,36,38.705943670260076,0,0.0
85,SIAgent4,FEMALE_OLD_LOW_INCOME,111,115.28163914545283,114,114.68616305524115
85,SIAgent1,FEMALE_YOUNG_HIGH_INCOME,12,13.025856710045707,11,11.940368650875232
85,SIAgent2,MALE_YOUNG_HIGH_INCOME,24,20.805409001311972,0,0.0
85,SIAgent0,MALE_YOUNG,109,134.71075777862558,476,111.81717060297355
85,WEAgent7,MALE_HIGH_INCOME,62,50.60937386244758,61,49.793093638859766
86,WEAgent1,MALE_YOUNG_HIGH_INCOME,24,22.372043914983045,0,0.0
86,WEAgent2,OLD_HIGH_INCOME,57,60.38091889385247,138,60.082169667732984
86,WEAgent0,FEMALE_YOUNG_LOW_INCOME,92,96.52942770604781,321,0.0
86,WEAgent5,MALE_YOUNG,109,97.50105121954101,108,96.60654616248122
86,WEAgent6,FEMALE_YOUNG_HIGH_INCOME,12,13.39324819499653,14,12.523070798840129
86,WEAgent3,MALE_YOUNG,109,121.10686622645824,321,81.39996019246095
86,WEAgent4,YOUNG_HIGH_INCOME,36,31.472307085304575,0,0.0
86,SIAgent3,FEMALE_YOUNG_HIGH_INCOME,12,11.352987911846544,12,10.734060684720111
86,SIAgent4,MALE_OLD_LOW_INCOME,83,94.29132782395084,98,93.46115281647351
86,SIAgent1,FEMALE_YOUNG_LOW_INCOME,92,87.8045226662656,92,87.80452266626553
86,SIAgent2,MALE_OLD,121,115.39591317136033,164,63.896910599017616
86,SIAgent0,OLD_LOW_INCOME,194,225.11342314767472,463,224.93593866436532
86,WEAgent7,YOUNG_HIGH_INCOME,36,34.731342480382324,21,14.312080912960147
87,WEAgent1,MALE_YOUNG,109,119.75215835923251,303,95.05562741758763
87,WEAgent2,FEMALE_OLD_HIGH_INCOME,19,16.71667938172394,0,0.0
87,WEAgent0,MALE_YOUNG_LOW_INCOME,85,95.51246057936632,103,95.05562741758763
87,WEAgent5,YOUNG_HIGH_INCOME,36,28.669456659208016,29,0.0
87,WEAgent6,MALE_YOUNG_LOW_INCOME,85,78.4439643737372,84,77.52109420463455
87,WEAgent3,FEMALE_LOW_INCOME,203,209.59058904610373,55,53.09215477968579
87,WEAgent4,FEMALE_LOW_INCOME,203,195.95831673229497,530,55.02277858985618
87,SIAgent3,FEMALE_YOUNG_LOW_INCOME,92,111.97489399575517,94,111.60782180835375
87,SIAgent4,FEMALE_YOUNG_LOW_INCOME,92,109.04483840769687,112,108.11493336954219
87,SIAgent1,OLD_HIGH_INCOME,57,69.84166125606536,76,69.13093366436406
87,SIAgent2,FEMALE_YOUNG_LOW_INCOME,92,84.32744708569331,0,0.0
87,SIAgent0,FEMALE_YOUNG,104,123.4809943411576,113,123.04641481934561
87,WEAgent7,OLD_HIGH_INCOME,57,51.848200248273066,161,0.0
88,WEAgent1,FEMALE_YOUNG_HIGH_INCOME,12,13.052305457446076,0,0.0
88,WEAgent2,MALE_YOUNG_LOW_INCOME,85,72.56598118970084,0,0.0
88,WEAgent0,FEMALE_LOW_INCOME,203,190.48691081198888,187,93.33755161956684
88,WEAgent5,OLD_LOW_INCOME,194,205.54668254203273,220,205.34261356304694
88,WEAgent6,MALE_LOW_INCOME,168,167.26383963029974,0,0.0
88,WEAgent3,YOUNG_LOW_INCOME,177,182.3444693884596,180,0.0
88,WEAgent4,MALE_HIGH_INCOME,62,64.06873411918666,59,53.42114755096819
88,SIAgent3,MALE_YOUNG_HIGH_INCOME,24,24.750222400481345,24,24.75022240048133
88,SIAgent4,MALE_YOUNG_LOW_INCOME,85,79.48179087975126,85,79.33691887663183
88,SIAgent1,MALE_YOUNG_HIGH_INCOME,24,19.801456278115726,0,0.0
88,SIAgent2,YOUNG_LOW_INCOME,177,185.1873444094762,198,184.97708548096398
88,SIAgent0,OLD_LOW_INCOME,194,181.07485014195984,638,0.0
88,WEAgent7,FEMALE_YOUNG,104,92.61600045750481,143,92.40417610337117
89,WEAgent1,FEMALE_YOUNG,104,104.50494653779893,140,58.793509976158646
89,WEAgent2,MALE_OLD,121,126.09064107330956,154,0.0
89,WEAgent0,FEMALE_OLD_LOW_INCOME,111,91.39724272379485,253,0.0
89,WEAgent5,FEMALE_HIGH_INCOME,31,27.357249683388783,78,0.0
89,WEAgent6,MALE_YOUNG_LOW_INCOME,85,94.26053217373435,0,0.0
89,WEAgent3,MALE_YOUNG,109,106.5837716671928,0,0.0
89,WEAgent4,YOUNG_LOW_INCOME,177,136.92699033921141,168,129.96460099992908
89,SIAgent3,MALE_YOUNG_LOW_INCOME,85,75.36993796078188,97,75.03908510114975
89,SIAgent4,FEMALE_OLD_LOW_INCOME,111,102.96381560595964,125,102.92482288715608
89,SIAgent1,FEMALE_YOUNG_LOW_INCOME,92,80.43874397338199,103,79.68067799400434
89,SIAgent2,YOUNG_LOW_INCOME,177,206.7854407871936,235,206.76748358146034
89,SIAgent0,FEMALE_OLD_LOW_INCOME,111,112.06701331022664,120,111.31223308752413
89,WEAgent7,MALE_LOW_INCOME,168,183.12433381690659,70,54.15191708330401
90,WEAgent1,MALE_OLD,121,129.95027785798115,119,0.0
90,WEAgent2,MALE_YOUNG,109,100.50843061207797,177,99.74499324309885
90,WEAgent0,FEMALE_OLD_HIGH_INCOME,19,18.226718101392766,51,0.0
90,WEAgent5,MALE_YOUNG_HIGH_INCOME,24,18.805670763437803,0,0.0
90,WEAgent6,MALE_LOW_INCOME,168,197.64052637507538,225,98.9206544559658
90,WEAgent3,MALE_OLD,121,124.63994526005708,0,0.0
90,WEAgent4,FEMALE_HIGH_INCOME,31,30.91032302271246,37,0.0
90,SIAgent3,OLD_HIGH_INCOME,57,61.186471959825795,72,60.427378582145536
90,SIAgent4,YOUNG_LOW_INCOME,177,145.9079653225498,538,107.16404232729624
90,SIAgent1,OLD_LOW_INCOME,194,214.58624726098006,577,214.32808465459345
90,SIAgent2,FEMALE_HIGH_INCOME,31,27.934828341520493,31,27.337550270559586
90,SIAgent0,YOUNG_HIGH_INCOME,36,32.35076814094234,39,32.14921269818896
90,WEAgent7,FEMALE_YOUNG_HIGH_INCOME,12,12.134706925844725,0,0.0
91,WEAgent1,FEMALE_HIGH_INCOME,31,37.56129630197832,0,0.0
91,WEAgent2,MALE_LOW_INCOME,168,189.366756811206,148,123.06933943516616
91,WEAgent0,MALE_LOW_INCOME,168,140.31518616502171,168,139.700331250729
91,WEAgent5,OLD_HIGH_INCOME,57,52.45367891955358,108,0.0
91,WEAgent6,YOUNG_HIGH_INCOME,36,38.89082897797419,103,0.0
91,WEAgent3,MALE_YOUNG,109,96.99585996520624,0,0.0
91,WEAgent4,MALE_LOW_INCOME,168,139.70033125072894,198,82.32340948703668
91,SIAgent3,OLD_HIGH_INCOME,57,55.76841280413733,60,55.346590870981466
91,SIAgent4,FEMALE_OLD,130,122.49535771551446,391,0.0
91,SIAgent1,FEMALE_OLD,130,142.39787698157642,150,142.27994920529534
91,SIAgent2,FEMALE_YOUNG,104,99.10804386771724,423,0.0
91,SIAgent0,MALE_YOUNG,109,98.4539516726516,118,98.12285171182158
91,WEAgent7,MALE_LOW_INCOME,168,179.53204321042887,133,110.59609557349387
92,WEAgent1,FEMALE_HIGH_INCOME,31,32.3843290924081,0,0.0
92,WEAgent2,MALE_OLD,121,116.1068860120179,150,115.73844159037138
92,WEAgent0,MALE_OLD_HIGH_INCOME,38,34.14746872789479,0,0.0
92,WEAgent5,FEMALE_YOUNG,104,92.67186583445242,131,92.5907532722971
92,WEAgent6,YOUNG_HIGH_INCOME,36,27.640688110327037,0,0.0
92,WEAgent3,MALE_YOUNG_HIGH_INCOME,24,20.533594087903356,0,0.0
92,WEAgent4,MALE_OLD,121,132.58679014378663,61,11.573844159037145
92,SIAgent3,FEMALE_OLD_HIGH_INCOME,19,24.11328977711854,29,23.928656449174845
92,SIAgent4,YOUNG_LOW_INCOME,177,136.57136107663834,553,0.0
92,SIAgent1,MALE_YOUNG_HIGH_INCOME,24,22.663819765954894,63,0.0
92,SIAgent2,OLD_HIGH_INCOME,57,47.032186813895386,62,46.29537663614856
92,SIAgent0,MALE_YOUNG,109,117.46798722556872,144,116.80919895506273
92,WEAgent7,MALE_LOW_INCOME,168,138.54111778772824,256,108.7941350949491
93,WEAgent1,FEMALE_OLD_LOW_INCOME,111,100.69067865129398,98,88.89807664708849
93,WEAgent2,FEMALE_OLD,130,138.53522029955926,105,95.24793926473767
93,WEAgent0,FEMALE_YOUNG_HIGH_INCOME,12,11.395874739732601,0,0.0
93,WEAgent5,OLD_LOW_INCOME,194,206.02774400363796,369,0.0
93,WEAgent6,FEMALE_LOW_INCOME,203,219.73439359167708,185,0.0
93,WEAgent3,YOUNG_HIGH_INCOME,36,38.08368930248013,36,37.80044711013685
93,WEAgent4,FEMALE_OLD,130,138.6782338269107,174,79.82684433616109
93,SIAgent3,FEMALE_YOUNG_HIGH_INCOME,12,10.54264264484632,0,0.0
93,SIAgent4,YOUNG_HIGH_INCOME,36,37.80044711013688,111,1.8356198391075678
93,SIAgent1,YOUNG_LOW_INCOME,177,171.3130340493128,374,170.51500112023956
93,SIAgent2,FEMALE_LOW_INCOME,203,186.74163211046286,205,185.96026237401077
93,SIAgent0,FEMALE_YOUNG_HIGH_INCOME,12,11.013719034645407,0,0.0
93,WEAgent7,OLD_HIGH_INCOME,57,65.3605941999962,165,0.0
94,WEAgent1,MALE_HIGH_INCOME,62,68.03371391726336,67,61.06548643004084
94,WEAgent2,FEMALE_YOUNG_HIGH_INCOME,12,12.702041403802134,12,12.035263050109243
94,WEAgent0,FEMALE_OLD_HIGH_INCOME,19,21.99787849815779,70,21.874204094342993
94,WEAgent5,MALE_HIGH_INCOME,62,62.988853128510264,54,49.216959212271725
94,WEAgent6,FEMALE_YOUNG_HIGH_INCOME,12,12.202375592009146,12,12.20237559200914
94,WEAgent3,OLD_HIGH_INCOME,57,59.01500263346986,64,58.33121091824797
94,WEAgent4,FEMALE_YOUNG,104,125.3706585788907,0,0.0
94,SIAgent3,MALE_YOUNG_HIGH_INCOME,24,23.570125862667158,25,22.785629264940617
94,SIAgent4,FEMALE_LOW_INCOME,203,214.83150600382757,233,214.47028641838332
94,SIAgent1,FEMALE_YOUNG,104,88.3742174398232,148,0.0
94,SIAgent2,FEMALE_LOW_INCOME,203,186.85608645035168,230,186.29141371111498
94,SIAgent0,MALE_YOUNG,109,99.34534359514114,430,0.0
94,WEAgent7,FEMALE_LOW_INCOME,203,190.47854101813405,206,189.61750644715454
95,WEAgent1,MALE_LOW_INCOME,168,173.44434548346095,142,109.24473146080031
95,WEAgent2,FEMALE_YOUNG_HIGH_INCOME,12,11.924121648560918,0,0.0
95,WEAgent0,FEMALE_YOUNG_HIGH_INCOME,12,13.310089564832616,13,11.610963869129515
95,WEAgent5,MALE_LOW_INCOME,168,168.03530797364365,134,103.09009870244533
95,WEAgent6,MALE_OLD_HIGH_INCOME,38,40.492102496747115,0,0.0
95,WEAgent3,MALE_OLD,121,93.08882047011835,120,92.31949137532412
95,WEAgent4,FEMALE_HIGH_INCOME,31,27.68768307253961,15,13.397266002841748
95,SIAgent3,MALE_YOUNG,109,107.91369295222462,341,0.0
95,SIAgent4,MALE_YOUNG,109,112.40273159898865,113,111.87382847340736
95,SIAgent1,FEMALE_OLD,130,128.16542058494116,561,0.0
95,SIAgent2,FEMALE_YOUNG_HIGH_INCOME,12,9.714260721999558,0,0.0
95,SIAgent0,FEMALE_YOUNG_HIGH_INCOME,12,13.135825132512533,14,12.504114935985632
95,WEAgent7,MALE_HIGH_INCOME,62,65.70823451290887,138,36.927796550129564
96,WEAgent1,MALE_OLD_HIGH_INCOME,38,34.51702633922653,34,30.883655145623756
96,WEAgent2,MALE_LOW_INCOME,168,190.5020389919376,218,0.0
96,WEAgent0,OLD_HIGH_INCOME,57,52.33920728836434,101,38.15039753282933
96,WEAgent5,FEMALE_YOUNG,104,96.98011413197594,233,72.84605582314234
96,WEAgent6,MALE_YOUNG,109,128.404618214117,194,97.12807443085644
96,WEAgent3,FEMALE_YOUNG_LOW_INCOME,92,77.03261075550691,92,77.03261075550684
96,WEAgent4,FEMALE_HIGH_INCOME,31,29.921690521007655,0,0.0
96,SIAgent3,FEMALE_YOUNG,104,95.13838020664141,113,94.61614147143774
96,SIAgent4,OLD_HIGH_INCOME,57,59.510936997555575,61,59.45120353606076
96,SIAgent1,MALE_LOW_INCOME,168,166.49094720821873,198,165.7875753216349
96,SIAgent2,MALE_YOUNG,109,117.31836966919711,121,116.53157845010416
96,SIAgent0,MALE_OLD_HIGH_INCOME,38,38.174338902976324,42,38.15039753282933
96,WEAgent7,YOUNG_LOW_INCOME,177,173.44297397000508,97,81.21916568787134
97,WEAgent1,FEMALE_LOW_INCOME,203,213.0014338163746,662,0.0
97,WEAgent2,MALE_LOW_INCOME,168,181.4337468062758,187,132.3621678165572
97,WEAgent0,MALE_OLD_LOW_INCOME,83,76.50018370899305,0,0.0
97,WEAgent5,FEMALE_YOUNG,104,99.18589688778702,0,0.0
97,WEAgent6,OLD_HIGH_INCOME,57,64.05617689355235,38,0.0
97,WEAgent3,MALE_YOUNG,109,101.2516740183101,150,100.4676695475072
97,WEAgent4,MALE_OLD_LOW_INCOME,83,73.41615334320508,0,0.0
97,SIAgent3,MALE_LOW_INCOME,168,133.9568927300096,411,133.15953027328345
97,SIAgent4,FEMALE_LOW_INCOME,203,215.15769560609988,205,215.09997011013147
97,SIAgent1,FEMALE_HIGH_INCOME,31,35.24019702492444,33,34.77629153991738
97,SIAgent2,MALE_OLD_HIGH_INCOME,38,38.73145439711154,156,0.0
97,SIAgent0,FEMALE_HIGH_INCOME,31,32.668637507195115,46,32.61596159756763
97,WEAgent7,FEMALE_YOUNG_LOW_INCOME,92,103.40021771699648,0,0.0
98,WEAgent1,MALE_LOW_INCOME,168,176.1591770086235,149,0.0
98,WEAgent2,MALE_OLD_HIGH_INCOME,38,40.442496455797105,101,34.770835064046054
98,WEAgent0,FEMALE_YOUNG_HIGH_INCOME,12,11.167329023007206,0,0.0
98,WEAgent5,MALE_OLD_LOW_INCOME,83,100.0255557256397,103,99.48322254435394
98,WEAgent6,MALE_YOUNG_LOW_INCOME,85,86.83872917901543,382,0.0
98,WEAgent3,MALE_HIGH_INCOME,62,58.34357490660423,70,0.0
98,WEAgent4,OLD_HIGH_INCOME,57,56.4794711286797,58,56.01967871429649
98,SIAgent3,FEMALE_OLD_LOW_INCOME,111,113.70892305935928,460,0.0
98,SIAgent4,FEMALE_YOUNG,104,96.21118389460028,357,0.0
98,SIAgent1,MALE_OLD,121,116.86864007637706,121,116.86864007637689
98,SIAgent2,FEMALE_YOUNG_LOW_INCOME,92,94.70467121920974,102,94.36096881970425
98,SIAgent0,YOUNG_HIGH_INCOME,36,39.31092976058928,42,38.85451657281936
98,WEAgent7,OLD_HIGH_INCOME,57,59.09187518107064,55,23.180556709364033
99,WEAgent1,FEMALE_YOUNG,104,106.29206998546985,0,0.0
99,WEAgent2,MALE_HIGH_INCOME,62,61.8033681447796,28,26.0045627873394
99,WEAgent0,FEMALE_YOUNG_LOW_INCOME,92,94.64935688917036,0,0.0
99,WEAgent5,MALE_HIGH_INCOME,62,57.581531886251526,38,35.29190663996062
99,WEAgent6,MALE_YOUNG_LOW_INCOME,85,83.21935194358707,84,82.24030074425087
99,WEAgent3,MALE_YOUNG_LOW_INCOME,85,94.86040830212146,96,93.98891513628678
99,WEAgent4,MALE_YOUNG,109,122.44161851038209,168,71.4707375515513
99,SIAgent3,OLD_LOW_INCOME,194,208.4561508004173,517,207.6459790798672
99,SIAgent4,MALE_YOUNG,109,110.89573721886089,113,110.63278552500431
99,SIAgent1,FEMALE_LOW_INCOME,203,223.61137682812486,223,222.96148105156908
99,SIAgent2,MALE_OLD_HIGH_INCOME,38,42.561480397689984,45,41.793047336795496
99,SIAgent0,FEMALE_LOW_INCOME,203,183.2701467530995,427,0.0
99,WEAgent7,OLD_HIGH_INCOME,57,53.68750165808111,126,39.935578566271246

