0,WFAgent6,MALE_YOUNG_HIGH_INCOME,11,12.521717877618737,12,12.19043295515324
0,WFAgent7,FEMALE_HIGH_INCOME,14,14.039940819736444,14,13.578431616447284
0,WFAgent8,OLD_HIGH_INCOME,25,26.44081922570346,165,0.0
0,WFAgent9,MALE_YOUNG_HIGH_INCOME,11,10.560073219420442,79,0.0
0,SIAgent10,FEMALE_OLD_HIGH_INCOME,9,8.438482627100838,10,8.437220013334372
0,SIAgent11,MALE_LOW_INCOME,73,64.42174154743326,476,45.0069701221794
0,SIAgent12,FEMALE_YOUNG_HIGH_INCOME,6,5.732124320829468,0,0.0
0,SIAgent13,FEMALE_YOUNG,45,46.46876527838594,47,46.04812367767791
0,SIAgent14,FEMALE_OLD,57,53.33284727766351,62,52.76858471455828
0,SIAgent15,FEMALE_YOUNG_HIGH_INCOME,6,6.410296932097461,6,6.41029693209746
0,SIAgent16,FEMALE_YOUNG_HIGH_INCOME,6,5.385748878873263,0,0.0
0,SIAgent17,FEMALE_OLD,57,55.28361443839253,58,54.734638848399115
0,WFAgent11,OLD_HIGH_INCOME,25,23.243554858085957,0,0.0
0,WFAgent10,FEMALE_YOUNG_HIGH_INCOME,6,6.935966812493399,6,6.41029693209746
0,SIAgent9,FEMALE_OLD_LOW_INCOME,49,41.70420404860254,49,41.34237806533844
0,SIAgent7,MALE_LOW_INCOME,73,74.32907961301953,82,74.24131223388713
0,SIAgent8,MALE_YOUNG,48,48.95938437430064,48,48.88281838410163
0,SIAgent5,FEMALE_YOUNG_HIGH_INCOME,6,4.984779600867881,0,0.0
0,SIAgent6,MALE_YOUNG,48,48.3664267132376,65,47.654438952895845
0,SIAgent3,FEMALE_OLD,57,48.09215407600592,264,32.51779468190669
0,SIAgent4,FEMALE_YOUNG_HIGH_INCOME,6,5.960480009028759,0,0.0
0,SIAgent1,FEMALE_OLD_LOW_INCOME,49,48.19104673625933,48,47.20755598653977
0,SIAgent2,FEMALE_OLD_HIGH_INCOME,9,8.714357516668404,9,8.438482627100838
0,SIAgent0,FEMALE_HIGH_INCOME,14,11.103637208455934,0,0.0
0,WFAgent0,YOUNG_LOW_INCOME,77,62.11178018478381,0,0.0
0,WFAgent1,FEMALE_YOUNG_LOW_INCOME,40,42.76222798000225,41,42.33820836475165
0,WFAgent2,FEMALE_YOUNG,45,40.04956518361,310,0.0
0,WFAgent3,FEMALE_OLD_LOW_INCOME,49,51.695439844122106,52,50.96468288290751
0,WFAgent4,MALE_OLD,53,49.705304433215765,56,49.41941817337347
0,WFAgent5,FEMALE_YOUNG,45,49.647335798404555,41,41.10479416425376
1,WFAgent6,OLD_LOW_INCOME,84,90.33934227837604,85,90.19981286641507
1,WFAgent7,MALE_HIGH_INCOME,27,27.02799957601938,31,26.77726690113754
1,WFAgent8,MALE_LOW_INCOME,73,74.1233069107111,80,73.79284409314974
1,WFAgent9,MALE_OLD,53,50.89194106866258,57,50.76727234355689
1,SIAgent10,MALE_OLD_HIGH_INCOME,17,13.039576644347356,18,12.820109478617812
1,SIAgent11,FEMALE_YOUNG_HIGH_INCOME,6,6.669979106377978,6,6.35587318908471
1,SIAgent12,MALE_YOUNG,48,51.77131671846573,49,51.49037952430114
1,SIAgent13,FEMALE_OLD_HIGH_INCOME,9,10.419134972702334,10,9.948550475823195
1,SIAgent14,MALE_YOUNG,48,50.15856920389319,53,49.69808548347269
1,SIAgent15,MALE_OLD_LOW_INCOME,36,38.202273684599405,36,38.056844102439925
1,SIAgent16,OLD_HIGH_INCOME,25,23.57509645234657,26,22.775237104150477
1,SIAgent17,MALE_OLD_LOW_INCOME,36,36.89340744516417,36,36.45328788530296
1,WFAgent11,FEMALE_YOUNG_LOW_INCOME,40,37.00985578841804,0,0.0
1,WFAgent10,FEMALE_OLD,57,61.126545087791754,0,0.0
1,SIAgent9,MALE_OLD,53,37.74810013148579,61,0.0
1,SIAgent7,FEMALE_YOUNG_LOW_INCOME,40,38.55366539771596,368,0.0
1,SIAgent8,MALE_YOUNG_LOW_INCOME,37,41.7071591556595,38,40.98562573545205
1,SIAgent5,OLD_HIGH_INCOME,25,24.87137618955798,26,24.518100310440445
1,SIAgent6,MALE_OLD_HIGH_INCOME,17,18.36040466787142,18,17.90739085648175
1,SIAgent3,YOUNG_HIGH_INCOME,16,16.948995170892562,29,16.719523067964392
1,SIAgent4,MALE_LOW_INCOME,73,64.38620636189935,117,20.65462082666203
1,SIAgent1,FEMALE_YOUNG,45,45.62386168942477,47,45.30055684231629
1,SIAgent2,MALE_HIGH_INCOME,27,23.322135688087517,30,23.011017607671814
1,SIAgent0,MALE_LOW_INCOME,73,68.38588618983121,73,68.38588618983121
1,WFAgent0,FEMALE_OLD_HIGH_INCOME,9,8.783444304645899,55,5.658023148563177
1,WFAgent1,MALE_OLD_LOW_INCOME,36,37.523714242066966,36,36.89340744516418
1,WFAgent2,MALE_OLD_LOW_INCOME,36,38.430965116800984,36,38.20227368459939
1,WFAgent3,MALE_YOUNG_HIGH_INCOME,11,10.48093716356809,43,0.0
1,WFAgent4,FEMALE_OLD,57,66.43263862117591,505,0.0
1,WFAgent5,FEMALE_HIGH_INCOME,14,12.356098173909826,0,0.0
2,WFAgent6,FEMALE_OLD_LOW_INCOME,49,58.17007393069311,60,57.24570079986418
2,WFAgent7,YOUNG_LOW_INCOME,77,75.19020309210093,81,75.12183963677208
2,WFAgent8,OLD_HIGH_INCOME,25,25.8285236421644,72,13.951632393157627
2,WFAgent9,MALE_OLD_LOW_INCOME,36,39.23321526056165,40,38.9631677894386
2,SIAgent10,FEMALE_YOUNG,45,41.77091027696703,44,40.842667826367794
2,SIAgent11,MALE_OLD,53,56.46632019484694,57,55.99265880956841
2,SIAgent12,MALE_OLD_LOW_INCOME,36,32.04694105293072,106,0.0
2,SIAgent13,MALE_OLD_LOW_INCOME,36,41.90732524254599,36,41.90732524254597
2,SIAgent14,MALE_YOUNG_LOW_INCOME,37,38.54431313411114,37,37.659170999522935
2,SIAgent15,MALE_YOUNG_HIGH_INCOME,11,10.40286893356665,11,10.336776405465042
2,SIAgent16,FEMALE_OLD_HIGH_INCOME,9,8.764885962491277,9,8.586855119979615
2,SIAgent17,MALE_YOUNG,48,45.10593340566563,315,44.83409653126328
2,WFAgent11,FEMALE_OLD_LOW_INCOME,49,43.309667855704,0,0.0
2,WFAgent10,MALE_OLD,53,63.91918252811904,56,63.5114408991556
2,SIAgent9,MALE_YOUNG,48,48.855140756137864,51,47.93864288471125
2,SIAgent7,MALE_OLD,53,49.29576778915695,54,49.04536452343699
2,SIAgent8,MALE_OLD_LOW_INCOME,36,32.06730323326178,36,32.04694105293075
2,SIAgent5,MALE_HIGH_INCOME,27,30.362404557957404,28,30.099603153652552
2,SIAgent6,FEMALE_OLD_HIGH_INCOME,9,10.221306076553656,10,9.738762180545864
2,SIAgent3,FEMALE_OLD,57,54.3834157598709,61,54.299689428384745
2,SIAgent4,FEMALE_LOW_INCOME,88,81.5043887828718,152,81.5043887828718
2,SIAgent1,FEMALE_YOUNG_HIGH_INCOME,6,5.793787269998422,6,5.793787269998422
2,SIAgent2,MALE_YOUNG_HIGH_INCOME,11,10.411513932018506,11,10.40286893356665
2,SIAgent0,FEMALE_YOUNG_LOW_INCOME,40,39.70879416126896,42,38.98618292516925
2,WFAgent0,YOUNG_HIGH_INCOME,16,15.06987400969786,16,14.851879209588278
2,WFAgent1,MALE_HIGH_INCOME,27,31.766578734497646,28,31.13215065418836
2,WFAgent2,OLD_LOW_INCOME,84,79.71986417821532,277,69.46396771267477
2,WFAgent3,YOUNG_HIGH_INCOME,16,15.008790216692445,20,0.0
2,WFAgent4,FEMALE_HIGH_INCOME,14,14.89213468268488,15,14.236231766887917
2,WFAgent5,YOUNG_HIGH_INCOME,16,14.639704989800244,0,0.0
3,WFAgent6,FEMALE_HIGH_INCOME,14,14.6569328244234,15,13.98929561266071
3,WFAgent7,FEMALE_YOUNG,45,41.58463715553478,46,41.387527263372284
3,WFAgent8,OLD_LOW_INCOME,84,73.41713342034708,87,73.20444992836214
3,WFAgent9,YOUNG_HIGH_INCOME,16,17.2466799608597,16,16.84581685881635
3,SIAgent10,MALE_OLD_HIGH_INCOME,17,17.39968771932273,17,16.99006071341029
3,SIAgent11,FEMALE_OLD,57,53.15932332811071,66,52.56632332117897
3,SIAgent12,FEMALE_YOUNG,45,40.48779840982067,225,28.791323313650274
3,SIAgent13,OLD_LOW_INCOME,84,70.1105990948672,215,0.0
3,SIAgent14,MALE_OLD_HIGH_INCOME,17,14.558742712878768,17,14.460130233946884
3,SIAgent15,MALE_YOUNG,48,48.57182537349686,412,48.05222987055462
3,SIAgent16,FEMALE_OLD_LOW_INCOME,49,49.01505559084433,52,48.496224790557186
3,SIAgent17,YOUNG_HIGH_INCOME,16,16.48656355874382,16,15.819682796627491
3,WFAgent11,FEMALE_YOUNG_HIGH_INCOME,6,4.903635934931791,0,0.0
3,WFAgent10,FEMALE_YOUNG_HIGH_INCOME,6,4.43207814662441,0,0.0
3,SIAgent9,MALE_HIGH_INCOME,27,26.984214074239887,31,26.548295535249515
3,SIAgent7,MALE_OLD_HIGH_INCOME,17,17.70351599149824,17,17.39968771932273
3,SIAgent8,OLD_LOW_INCOME,84,86.46238416971175,102,85.99386873396351
3,SIAgent5,OLD_LOW_INCOME,84,70.81848013385236,84,70.60780125320207
3,SIAgent6,FEMALE_OLD_LOW_INCOME,49,41.92218163748561,49,41.31078007808058
3,SIAgent3,MALE_HIGH_INCOME,27,22.235196704185228,72,0.0
3,SIAgent4,FEMALE_LOW_INCOME,88,91.8142526286729,89,91.33728067420608
3,SIAgent1,FEMALE_OLD,57,59.800823443502225,57,59.684305897618145
3,SIAgent2,MALE_YOUNG_HIGH_INCOME,11,11.611529475481348,11,11.611529475481344
3,SIAgent0,FEMALE_YOUNG_HIGH_INCOME,6,5.93238104873531,6,5.398373121309422
3,WFAgent0,MALE_OLD_HIGH_INCOME,17,16.403054993855836,19,16.271535973217446
3,WFAgent1,FEMALE_OLD_HIGH_INCOME,9,9.792123750423979,9,9.44223528055298
3,WFAgent2,FEMALE_LOW_INCOME,88,99.88121899419937,95,99.36098497575848
3,WFAgent3,MALE_YOUNG_HIGH_INCOME,11,12.30295854864371,11,11.611529475481344
3,WFAgent4,FEMALE_YOUNG,45,48.47672560625474,46,47.99381387407905
3,WFAgent5,FEMALE_YOUNG_LOW_INCOME,40,46.47930942699688,44,45.90712631433648
4,WFAgent6,OLD_HIGH_INCOME,25,25.232654144564833,10,8.91571809864896
4,WFAgent7,YOUNG_LOW_INCOME,77,82.10380067065475,79,81.98279539932973
4,WFAgent8,MALE_OLD_HIGH_INCOME,17,15.361895452285623,19,15.257604712922909
4,WFAgent9,FEMALE_OLD,57,64.9851062875522,66,64.88934192648517
4,SIAgent10,OLD_HIGH_INCOME,25,22.86480168006735,26,22.552231104995766
4,SIAgent11,MALE_OLD,53,42.56068683078494,166,14.454572885926966
4,SIAgent12,FEMALE_YOUNG,45,46.699060670504274,51,45.846313203056084
4,SIAgent13,MALE_YOUNG,48,40.33005303127658,127,0.0
4,SIAgent14,MALE_HIGH_INCOME,27,31.067214651942457,31,30.810857990123516
4,SIAgent15,FEMALE_YOUNG_HIGH_INCOME,6,6.787666548772468,6,6.298380193756352
4,SIAgent16,MALE_YOUNG_LOW_INCOME,37,42.72117157376471,43,42.7001050437524
4,SIAgent17,YOUNG_HIGH_INCOME,16,15.534285186762714,16,15.534285186762709
4,WFAgent11,YOUNG_HIGH_INCOME,16,16.795680516683607,17,16.61088247983386
4,WFAgent10,MALE_HIGH_INCOME,27,27.35864646503588,28,27.281604616149217
4,SIAgent9,MALE_LOW_INCOME,73,65.84210100623477,80,65.84118343936845
4,SIAgent7,MALE_LOW_INCOME,73,69.76330816902556,77,69.44988736274077
4,SIAgent8,OLD_HIGH_INCOME,25,24.497467165013806,26,23.779393747270046
4,SIAgent5,FEMALE_LOW_INCOME,88,79.10736395821442,561,62.027364921781796
4,SIAgent6,OLD_LOW_INCOME,84,82.19031791482283,89,82.14183235015696
4,SIAgent3,MALE_LOW_INCOME,73,72.49087600450993,73,71.58756495607557
4,SIAgent4,FEMALE_OLD,57,62.01104054542244,62,61.10210957595364
4,SIAgent1,MALE_YOUNG_HIGH_INCOME,11,10.717773242058625,11,10.679821065899365
4,SIAgent2,FEMALE_HIGH_INCOME,14,12.482005338108543,3,0.0
4,SIAgent0,MALE_LOW_INCOME,73,70.34718565985807,73,69.81129809977891
4,WFAgent0,FEMALE_YOUNG,45,50.50838568612754,50,49.81505872134349
4,WFAgent1,MALE_YOUNG,48,46.901315237177954,49,46.89141260560154
4,WFAgent2,YOUNG_HIGH_INCOME,16,15.565696242805341,16,15.142235028699487
4,WFAgent3,FEMALE_YOUNG_LOW_INCOME,40,40.62758402649074,45,40.45262929681418
4,WFAgent4,MALE_OLD_HIGH_INCOME,17,15.629604007380557,17,15.548065142445799
4,WFAgent5,YOUNG_LOW_INCOME,77,80.64330023879008,83,80.51236761605408
5,WFAgent6,MALE_OLD_HIGH_INCOME,17,15.892587183773028,17,15.427130540351756
5,WFAgent7,MALE_LOW_INCOME,73,71.7702676918488,176,0.0
5,WFAgent8,YOUNG_LOW_INCOME,77,65.99863991915764,0,0.0
5,WFAgent9,FEMALE_YOUNG_HIGH_INCOME,6,4.686395639205858,0,0.0
5,SIAgent10,FEMALE_YOUNG_HIGH_INCOME,6,6.118100666106703,6,6.074245505057903
5,SIAgent11,MALE_LOW_INCOME,73,78.97509304409616,76,78.59762445878606
5,SIAgent12,FEMALE_OLD_HIGH_INCOME,9,9.92882584718692,9,9.248919936141279
5,SIAgent13,FEMALE_YOUNG,45,46.6894041247647,46,46.206556078611854
5,SIAgent14,FEMALE_YOUNG_HIGH_INCOME,6,6.189500288652451,6,6.118100666106703
5,SIAgent15,FEMALE_YOUNG_LOW_INCOME,40,40.15553128637312,41,40.10965630651565
5,SIAgent16,FEMALE_YOUNG_HIGH_INCOME,6,6.794295484372671,6,6.3612495281847785
5,SIAgent17,FEMALE_OLD,57,54.4789892724013,268,8.167304403715635
5,WFAgent11,FEMALE_YOUNG,45,40.78314694200694,224,0.0
5,WFAgent10,MALE_YOUNG,48,49.52865181348052,74,15.743724375790443
5,SIAgent9,FEMALE_YOUNG_HIGH_INCOME,6,6.0742455050579025,7,6.003708189211393
5,SIAgent7,FEMALE_YOUNG,45,47.913364928710074,46,47.72694643864838
5,SIAgent8,FEMALE_LOW_INCOME,88,86.08901841398476,95,85.96463460857896
5,SIAgent5,MALE_YOUNG,48,47.23117312737134,53,46.82306864607829
5,SIAgent6,FEMALE_OLD_LOW_INCOME,49,52.483088317855156,52,51.54630420102882
5,SIAgent3,MALE_OLD_LOW_INCOME,36,40.10033863319422,37,40.02847181687064
5,SIAgent4,FEMALE_YOUNG_HIGH_INCOME,6,5.146035590752622,26,0.0
5,SIAgent1,MALE_HIGH_INCOME,27,27.955727635924294,27,27.95572763592428
5,SIAgent2,OLD_LOW_INCOME,84,83.26710678627724,130,82.91635570926469
5,SIAgent0,OLD_HIGH_INCOME,25,22.686956676987876,118,19.96452187574933
5,WFAgent0,YOUNG_HIGH_INCOME,16,18.38185474823913,17,17.447510798347384
5,WFAgent1,MALE_LOW_INCOME,73,81.81785893517258,79,81.25788048716221
5,WFAgent2,MALE_OLD_HIGH_INCOME,17,19.265724173473213,19,18.905034760514717
5,WFAgent3,MALE_OLD_LOW_INCOME,36,32.42283040800748,223,0.0
5,WFAgent4,FEMALE_OLD,57,58.576492928894766,59,58.48522976655193
5,WFAgent5,FEMALE_OLD,57,61.00229539167325,63,60.21361972212781
6,WFAgent6,FEMALE_OLD,57,52.88437926742241,0,0.0
6,WFAgent7,OLD_LOW_INCOME,84,81.06893831189747,89,80.8881208801655
6,WFAgent8,FEMALE_HIGH_INCOME,14,15.124995749375312,15,14.736989762334332
6,WFAgent9,YOUNG_HIGH_INCOME,16,17.440827848559096,16,16.99494024622211
6,SIAgent10,FEMALE_YOUNG,45,44.639054623158394,45,44.31822596741817
6,SIAgent11,YOUNG_HIGH_INCOME,16,16.017905313393804,16,15.694756286072149
6,SIAgent12,MALE_YOUNG_HIGH_INCOME,11,11.663752297858935,11,11.410407784960562
6,SIAgent13,MALE_YOUNG,48,50.927693304334035,49,50.516096128344095
6,SIAgent14,MALE_YOUNG_LOW_INCOME,37,38.14480728058633,38,37.80914630419863
6,SIAgent15,YOUNG_HIGH_INCOME,16,17.01787096944335,16,16.51788814141858
6,SIAgent16,YOUNG_HIGH_INCOME,16,14.66307182471891,67,10.568219961319585
6,SIAgent17,FEMALE_OLD_LOW_INCOME,49,52.666882959718905,52,52.29496450635546
6,WFAgent11,OLD_LOW_INCOME,84,79.38260442044233,65,0.0
6,WFAgent10,OLD_HIGH_INCOME,25,24.404539578021947,0,0.0
6,SIAgent9,FEMALE_YOUNG,45,42.64884434883647,45,42.39836348806948
6,SIAgent7,FEMALE_YOUNG_LOW_INCOME,40,39.39397863770506,41,38.85783596227327
6,SIAgent8,MALE_LOW_INCOME,73,72.63336000543424,74,71.70905907999035
6,SIAgent5,FEMALE_YOUNG_LOW_INCOME,40,37.427187763459784,40,36.99440177908723
6,SIAgent6,FEMALE_OLD,57,56.00056109687045,438,12.772057794023087
6,SIAgent3,YOUNG_LOW_INCOME,77,71.2142234247429,270,70.45479974213053
6,SIAgent4,FEMALE_YOUNG,45,39.63082485494844,3,0.0
6,SIAgent1,FEMALE_LOW_INCOME,88,88.499170703063,89,88.48376104873194
6,SIAgent2,MALE_YOUNG_HIGH_INCOME,11,11.410407784960562,12,11.166658054623545
6,SIAgent0,MALE_YOUNG_LOW_INCOME,37,35.393902709651584,38,35.14468169013287
6,WFAgent0,OLD_LOW_INCOME,84,76.34384442622357,0,0.0
6,WFAgent1,OLD_LOW_INCOME,84,92.63862131952946,93,92.53291069185472
6,WFAgent2,OLD_HIGH_INCOME,25,27.776258510462497,155,0.0
6,WFAgent3,FEMALE_YOUNG_LOW_INCOME,40,39.27046408264572,41,38.71296713162147
6,WFAgent4,FEMALE_LOW_INCOME,88,91.83696268003096,92,91.72764292229469
6,WFAgent5,OLD_LOW_INCOME,84,86.00897837415712,89,85.55620879562547
7,WFAgent6,MALE_OLD_HIGH_INCOME,17,17.8405625355301,17,17.148611632509038
7,WFAgent7,MALE_HIGH_INCOME,27,24.985837150097794,44,23.118162945315596
7,WFAgent8,MALE_YOUNG_LOW_INCOME,37,34.14965929069073,38,33.85620476713727
7,WFAgent9,FEMALE_OLD_LOW_INCOME,49,45.994127834014385,238,0.0
7,SIAgent10,YOUNG_LOW_INCOME,77,99.50334155964394,84,98.57041101967266
7,SIAgent11,MALE_LOW_INCOME,73,91.3884966641987,86,91.27709104299318
7,SIAgent12,MALE_LOW_INCOME,73,76.29240504805652,76,76.17001752250026
7,SIAgent13,MALE_OLD_HIGH_INCOME,17,17.494309133780042,17,17.494309133780042
7,SIAgent14,MALE_HIGH_INCOME,27,23.118162945315593,62,22.261934688081684
7,SIAgent15,MALE_YOUNG,48,47.26356142346416,50,46.46907848951378
7,SIAgent16,YOUNG_LOW_INCOME,77,71.69372727125527,79,71.3083638383366
7,SIAgent17,FEMALE_YOUNG_HIGH_INCOME,6,5.953430171960284,6,5.953430171960284
7,WFAgent11,MALE_YOUNG,48,37.81173724363305,16,0.0
7,WFAgent10,MALE_OLD,53,65.74873258758426,63,64.831851495773
7,SIAgent9,MALE_LOW_INCOME,73,65.0395512631847,205,64.73722641229179
7,SIAgent7,FEMALE_OLD_HIGH_INCOME,9,10.11619404946553,11,9.685963808799507
7,SIAgent8,FEMALE_HIGH_INCOME,14,12.327590302108463,62,0.0
7,SIAgent5,FEMALE_OLD_HIGH_INCOME,9,11.271326997546227,10,11.240215610517255
7,SIAgent6,MALE_YOUNG,48,49.43294570591583,50,49.232876482775126
7,SIAgent3,MALE_OLD_LOW_INCOME,36,38.41023340387955,36,37.62365180452104
7,SIAgent4,YOUNG_LOW_INCOME,77,67.87589311884334,147,0.0
7,SIAgent1,MALE_OLD_LOW_INCOME,36,34.168660263006316,38,33.85620476713727
7,SIAgent2,FEMALE_YOUNG_LOW_INCOME,40,43.48693357823785,40,43.486933578237846
7,SIAgent0,FEMALE_LOW_INCOME,88,88.05259514072289,207,87.28798178688346
7,WFAgent0,FEMALE_OLD_LOW_INCOME,49,59.778901870223194,59,59.035262651166555
7,WFAgent1,YOUNG_LOW_INCOME,77,72.3717914919747,80,71.66080045471351
7,WFAgent2,FEMALE_YOUNG_LOW_INCOME,40,47.70959726890102,43,46.74845359660568
7,WFAgent3,FEMALE_YOUNG_LOW_INCOME,40,43.210432336131426,43,43.0256998983078
7,WFAgent4,YOUNG_HIGH_INCOME,16,15.237672044461856,17,14.555880372976478
7,WFAgent5,FEMALE_YOUNG,45,56.511864002410455,57,51.419561545997865
8,WFAgent6,FEMALE_OLD,57,60.71742062897828,61,59.938906251152005
8,WFAgent7,MALE_YOUNG_HIGH_INCOME,11,10.09043290428707,0,0.0
8,WFAgent8,MALE_HIGH_INCOME,27,23.979514079723426,84,0.0
8,WFAgent9,MALE_YOUNG_LOW_INCOME,37,38.38424816647345,42,37.76084992809732
8,SIAgent10,FEMALE_HIGH_INCOME,14,14.51540992003092,14,14.394108616470112
8,SIAgent11,MALE_OLD_HIGH_INCOME,17,15.996024443344771,17,15.996024443344771
8,SIAgent12,FEMALE_LOW_INCOME,88,75.48627570064282,447,71.19728276310624
8,SIAgent13,FEMALE_OLD,57,51.21324276003479,59,50.61011666293094
8,SIAgent14,FEMALE_YOUNG_LOW_INCOME,40,41.15517426242678,41,40.43561152098229
8,SIAgent15,YOUNG_HIGH_INCOME,16,15.685812932939204,28,15.55923785924194
8,SIAgent16,OLD_HIGH_INCOME,25,27.2160257304132,27,27.131153426012197
8,SIAgent17,MALE_HIGH_INCOME,27,29.621449364069115,27,28.914827239833073
8,WFAgent11,MALE_OLD,53,55.6924373841906,311,0.0
8,WFAgent10,MALE_OLD,53,53.217274709896,0,0.0
8,SIAgent9,MALE_YOUNG,48,50.978821271691515,55,50.079983550226586
8,SIAgent7,MALE_OLD,53,59.098542011618825,57,58.907514299680265
8,SIAgent8,MALE_YOUNG_LOW_INCOME,37,39.83791978144906,37,39.29617473026219
8,SIAgent5,FEMALE_OLD_HIGH_INCOME,9,9.149382993250091,9,8.435364268232583
8,SIAgent6,FEMALE_OLD_HIGH_INCOME,9,8.435364268232583,9,8.086301488426544
8,SIAgent3,FEMALE_OLD_LOW_INCOME,49,48.40823988842092,49,48.4082398884209
8,SIAgent4,MALE_YOUNG_HIGH_INCOME,11,10.696976028228837,51,0.0
8,SIAgent1,FEMALE_YOUNG,45,44.38054923034642,46,44.08783478057258
8,SIAgent2,MALE_YOUNG_LOW_INCOME,37,33.26551065094287,233,0.0
8,SIAgent0,FEMALE_LOW_INCOME,88,84.34194479761717,95,83.64687166270758
8,WFAgent0,YOUNG_HIGH_INCOME,16,16.404290659748263,16,15.685812932939202
8,WFAgent1,MALE_HIGH_INCOME,27,26.558661753674585,28,26.173172227776018
8,WFAgent2,FEMALE_OLD_HIGH_INCOME,9,8.36443615257459,49,0.0
8,WFAgent3,FEMALE_YOUNG_HIGH_INCOME,6,6.525735651879088,6,6.220889965727538
8,WFAgent4,MALE_OLD_HIGH_INCOME,17,14.52364617261414,0,0.0
8,WFAgent5,YOUNG_LOW_INCOME,77,69.54903779685654,81,69.48168558809164
9,WFAgent6,FEMALE_OLD_LOW_INCOME,49,46.18867671006517,172,36.32764231236194
9,WFAgent7,FEMALE_LOW_INCOME,88,92.43993013419038,91,91.75047629460506
9,WFAgent8,FEMALE_OLD,57,57.50940615277679,60,57.31045088776997
9,WFAgent9,MALE_HIGH_INCOME,27,25.467165290151783,0,0.0
9,SIAgent10,MALE_OLD_HIGH_INCOME,17,17.561125090368737,18,17.11498747976796
9,SIAgent11,MALE_YOUNG_HIGH_INCOME,11,11.729042783085376,11,11.729042783085374
9,SIAgent12,FEMALE_OLD,57,51.76689029511572,56,50.858699237306716
9,SIAgent13,YOUNG_HIGH_INCOME,16,14.854282858961264,17,14.715449125369389
9,SIAgent14,MALE_OLD,53,55.59238813459903,54,54.987198456326745
9,SIAgent15,YOUNG_LOW_INCOME,77,77.89052187401118,77,77.15780965946959
9,SIAgent16,MALE_LOW_INCOME,73,72.50706120590081,81,72.01792126955095
9,SIAgent17,FEMALE_OLD_HIGH_INCOME,9,8.586890062863839,18,0.0
9,WFAgent11,MALE_HIGH_INCOME,27,25.672481219651953,106,0.0
9,WFAgent10,YOUNG_HIGH_INCOME,16,15.148831833145703,41,14.626513591012976
9,SIAgent9,FEMALE_OLD_HIGH_INCOME,9,9.359624443419557,9,9.08043255043844
9,SIAgent7,MALE_LOW_INCOME,73,64.90504015650885,177,64.53431428943134
9,SIAgent8,FEMALE_OLD_HIGH_INCOME,9,9.067222311092758,9,8.586890062863839
9,SIAgent5,MALE_YOUNG,48,31.28936450396663,183,0.0
9,SIAgent6,YOUNG_HIGH_INCOME,16,16.109284046377027,17,15.78267553764634
9,SIAgent3,YOUNG_HIGH_INCOME,16,13.431314309258667,20,13.037235209986095
9,SIAgent4,YOUNG_LOW_INCOME,77,81.78862326808127,80,81.48208915916446
9,SIAgent1,MALE_LOW_INCOME,73,80.2272161742469,76,80.16880234167496
9,SIAgent2,FEMALE_OLD_LOW_INCOME,49,46.92470189478592,48,45.96705491734132
9,SIAgent0,FEMALE_YOUNG_LOW_INCOME,40,40.24300247669592,188,0.0
9,WFAgent0,OLD_HIGH_INCOME,25,25.737277216186946,27,25.467165290151783
9,WFAgent1,FEMALE_LOW_INCOME,88,101.56273695903074,106,101.51057960912875
9,WFAgent2,FEMALE_OLD,57,58.29483862601589,57,57.425741303587394
9,WFAgent3,MALE_YOUNG_HIGH_INCOME,11,11.821131221432148,11,11.253471873120887
9,WFAgent4,FEMALE_YOUNG_LOW_INCOME,40,37.34309588771046,0,0.0
9,WFAgent5,MALE_YOUNG,48,52.19476985478074,51,52.045448417158426
10,WFAgent6,FEMALE_YOUNG_LOW_INCOME,40,38.56629469226391,0,0.0
10,WFAgent7,MALE_OLD_LOW_INCOME,36,35.91165987032131,39,35.611632938193736
10,WFAgent8,MALE_YOUNG_HIGH_INCOME,11,11.676865638175911,25,0.0
10,WFAgent9,FEMALE_HIGH_INCOME,14,13.86966713870981,12,1.8121949283797345
10,SIAgent10,MALE_YOUNG_HIGH_INCOME,11,12.216693265357653,11,11.88371306988638
10,SIAgent11,MALE_LOW_INCOME,73,74.61095279693068,75,74.39644238975028
10,SIAgent12,OLD_LOW_INCOME,84,84.01401083776295,86,83.10688977662227
10,SIAgent13,MALE_YOUNG_LOW_INCOME,37,41.943340167122244,38,40.967958486402864
10,SIAgent14,FEMALE_YOUNG_HIGH_INCOME,6,5.436584785139203,6,5.436584785139203
10,SIAgent15,OLD_HIGH_INCOME,25,22.53319227672921,29,22.255148675894404
10,SIAgent16,MALE_OLD_HIGH_INCOME,17,16.42201673648461,18,16.223898439245033
10,SIAgent17,FEMALE_OLD_LOW_INCOME,49,44.88365318898057,249,0.0
10,WFAgent11,MALE_LOW_INCOME,73,63.53337079052737,0,0.0
10,WFAgent10,YOUNG_HIGH_INCOME,16,19.19373718574327,17,18.365738380733493
10,SIAgent9,YOUNG_HIGH_INCOME,16,17.285400828925642,89,17.285400828925642
10,SIAgent7,OLD_HIGH_INCOME,25,24.247901049019177,24,23.27798500705842
10,SIAgent8,MALE_OLD,53,40.67320275249666,88,0.0
10,SIAgent5,OLD_LOW_INCOME,84,85.90425570900726,85,85.55424759666322
10,SIAgent6,MALE_LOW_INCOME,73,72.23678105178271,79,71.37823723560653
10,SIAgent3,MALE_OLD_HIGH_INCOME,17,18.52525581959615,19,18.428404797254576
10,SIAgent4,FEMALE_OLD,57,54.65549872319107,59,54.04358241122145
10,SIAgent1,YOUNG_LOW_INCOME,77,83.01402114350053,83,82.16307467411166
10,SIAgent2,FEMALE_YOUNG_LOW_INCOME,40,38.82997802429183,40,38.829978024291826
10,SIAgent0,OLD_LOW_INCOME,84,106.45569539899131,104,106.35764992543773
10,WFAgent0,YOUNG_LOW_INCOME,77,79.41024903606107,302,28.15173406761159
10,WFAgent1,MALE_YOUNG_LOW_INCOME,37,36.0971766029839,179,0.0
10,WFAgent2,OLD_HIGH_INCOME,25,25.566206946242282,26,25.182581573824876
10,WFAgent3,MALE_OLD_LOW_INCOME,36,38.97938205477887,38,38.8530229111825
10,WFAgent4,OLD_LOW_INCOME,84,77.6817260713514,101,77.50931090570127
10,WFAgent5,FEMALE_OLD,57,61.601979748507475,79,50.19535768553036
11,WFAgent6,MALE_OLD_LOW_INCOME,36,32.45358550399023,42,0.0
11,WFAgent7,MALE_HIGH_INCOME,27,29.28164536362123,28,28.446761166552708
11,WFAgent8,MALE_YOUNG_HIGH_INCOME,11,11.22733954869394,11,11.175513315431413
11,WFAgent9,OLD_LOW_INCOME,84,91.64110130785016,94,90.71668086390615
11,SIAgent10,MALE_OLD,53,52.148234267794976,328,51.6872977441477
11,SIAgent11,MALE_HIGH_INCOME,27,27.430805410604385,27,27.239424550613794
11,SIAgent12,MALE_YOUNG,48,47.74517836556904,50,47.6685300506361
11,SIAgent13,FEMALE_LOW_INCOME,88,84.92625442578436,88,84.3684425582196
11,SIAgent14,FEMALE_OLD_HIGH_INCOME,9,7.305139296325134,8,6.493457152289009
11,SIAgent15,YOUNG_LOW_INCOME,77,78.49978785429748,77,78.22713582198362
11,SIAgent16,MALE_OLD_HIGH_INCOME,17,14.892950197466288,19,0.0
11,SIAgent17,FEMALE_YOUNG_HIGH_INCOME,6,6.507644047100462,50,0.0
11,WFAgent11,FEMALE_YOUNG_LOW_INCOME,40,44.92699623627385,44,44.85702163102712
11,WFAgent10,MALE_HIGH_INCOME,27,27.66678490524856,27,26.726215645618726
11,SIAgent9,MALE_OLD_LOW_INCOME,36,37.451615247208395,38,37.38930004106057
11,SIAgent7,MALE_YOUNG_HIGH_INCOME,11,10.516430829472423,11,9.90626332494363
11,SIAgent8,FEMALE_OLD_LOW_INCOME,49,42.45422210121449,56,42.43170468643429
11,SIAgent5,FEMALE_OLD_HIGH_INCOME,9,9.707550101498908,11,8.928503584397388
11,SIAgent6,FEMALE_OLD,57,43.189413698691986,210,0.0
11,SIAgent3,FEMALE_YOUNG_HIGH_INCOME,6,6.653843624405918,6,6.507644047100462
11,SIAgent4,YOUNG_LOW_INCOME,77,68.94153339725062,311,36.70912817256203
11,SIAgent1,MALE_YOUNG_LOW_INCOME,37,35.27471223747074,39,35.12220633389103
11,SIAgent2,MALE_YOUNG,48,43.227330872481296,66,42.97654029958482
11,SIAgent0,FEMALE_YOUNG_LOW_INCOME,40,38.742810567848394,40,38.60284292081105
11,WFAgent0,FEMALE_OLD_HIGH_INCOME,9,8.098305838543297,10,8.06284830858289
11,WFAgent1,FEMALE_YOUNG_LOW_INCOME,40,37.04493442382571,41,36.70912817256203
11,WFAgent2,FEMALE_LOW_INCOME,88,85.33737305859951,89,85.1020584821877
11,WFAgent3,FEMALE_YOUNG_LOW_INCOME,40,35.5272053536992,0,0.0
11,WFAgent4,YOUNG_LOW_INCOME,77,82.18279490233675,83,81.71492693206376
11,WFAgent5,MALE_YOUNG_LOW_INCOME,37,38.44450285571991,37,37.72067728063646
12,WFAgent6,MALE_HIGH_INCOME,27,30.96329994117996,31,30.87812159672757
12,WFAgent7,MALE_YOUNG,48,34.9361412185198,86,34.354890369172715
12,WFAgent8,FEMALE_YOUNG_HIGH_INCOME,6,5.753645012355811,0,0.0
12,WFAgent9,MALE_YOUNG_LOW_INCOME,37,36.183233816325355,38,35.95049168357902
12,SIAgent10,OLD_LOW_INCOME,84,85.2379602171322,137,85.03630351587174
12,SIAgent11,MALE_YOUNG,48,45.411147389784034,79,44.67252989179497
12,SIAgent12,OLD_HIGH_INCOME,25,26.67545432611302,25,26.087753404810098
12,SIAgent13,YOUNG_LOW_INCOME,77,63.639428700473296,88,62.983965676816744
12,SIAgent14,OLD_LOW_INCOME,84,85.60713155049359,84,85.23796021713211
12,SIAgent15,FEMALE_OLD_HIGH_INCOME,9,6.584709363412342,1,0.0
12,SIAgent16,MALE_LOW_INCOME,73,84.69423824366227,81,84.04449332987281
12,SIAgent17,FEMALE_OLD_LOW_INCOME,49,52.62724062922145,50,52.227113146882786
12,WFAgent11,MALE_YOUNG_HIGH_INCOME,11,8.961902610733723,0,0.0
12,WFAgent10,OLD_LOW_INCOME,84,72.52198738507103,221,0.0
12,SIAgent9,FEMALE_LOW_INCOME,88,81.65488683199226,88,81.65488683199213
12,SIAgent7,MALE_YOUNG_LOW_INCOME,37,38.86011350349508,37,38.860113503495064
12,SIAgent8,YOUNG_HIGH_INCOME,16,16.84599285865661,17,16.656459473211847
12,SIAgent5,MALE_YOUNG,48,47.575917647371796,50,47.303278531024986
12,SIAgent6,FEMALE_HIGH_INCOME,14,12.235848290221652,40,11.706149979399722
12,SIAgent3,YOUNG_HIGH_INCOME,16,17.977765565409154,17,17.898867412322648
12,SIAgent4,FEMALE_OLD,57,57.024344710643355,177,56.74391563486538
12,SIAgent1,YOUNG_LOW_INCOME,77,55.1109699672146,161,37.21779789993712
12,SIAgent2,FEMALE_YOUNG_LOW_INCOME,40,34.68370838620709,41,33.885929567784494
12,SIAgent0,FEMALE_OLD_LOW_INCOME,49,51.18257088394516,50,50.95662592291284
12,WFAgent0,FEMALE_HIGH_INCOME,14,14.024052989485416,16,13.983826617396174
12,WFAgent1,MALE_OLD_HIGH_INCOME,17,16.439740303116228,0,0.0
12,WFAgent2,MALE_HIGH_INCOME,27,27.536994361177296,117,0.0
12,WFAgent3,FEMALE_LOW_INCOME,88,90.05689347093485,98,90.02179527045668
12,WFAgent4,FEMALE_OLD_HIGH_INCOME,9,9.022670961794304,9,9.00384390168053
12,WFAgent5,MALE_YOUNG_LOW_INCOME,37,39.658686904256164,38,38.964652650301204
13,WFAgent6,MALE_YOUNG,48,44.931747496491624,50,44.542053462466896
13,WFAgent7,FEMALE_OLD_HIGH_INCOME,9,8.583000238616314,44,0.0
13,WFAgent8,YOUNG_HIGH_INCOME,16,16.53811960210422,34,0.0
13,WFAgent9,FEMALE_YOUNG_HIGH_INCOME,6,5.973450075931196,6,5.309175270854194
13,SIAgent10,MALE_OLD_LOW_INCOME,36,37.26865135135711,35,36.23341103604166
13,SIAgent11,MALE_LOW_INCOME,73,64.30725250775689,144,63.60595812536916
13,SIAgent12,FEMALE_OLD_LOW_INCOME,49,48.517143330988375,49,48.51714333098837
13,SIAgent13,MALE_OLD,53,53.70211311218942,54,52.94688004782472
13,SIAgent14,MALE_OLD,53,50.06727910721147,55,49.67764917677245
13,SIAgent15,MALE_YOUNG_LOW_INCOME,37,35.950579933713065,38,35.569188581123306
13,SIAgent16,MALE_OLD_LOW_INCOME,36,40.830189958411815,39,40.374372297303566
13,SIAgent17,YOUNG_LOW_INCOME,77,79.86939681518334,83,79.85672039295928
13,WFAgent11,YOUNG_HIGH_INCOME,16,15.800094094696744,18,15.639984639085018
13,WFAgent10,MALE_LOW_INCOME,73,78.83154480437399,76,77.97449122463675
13,SIAgent9,MALE_OLD_LOW_INCOME,36,33.743308874788795,38,33.47500815472275
13,SIAgent7,FEMALE_YOUNG,45,39.099961597712564,46,38.37973889897904
13,SIAgent8,FEMALE_LOW_INCOME,88,79.43860101841435,88,79.43860101841416
13,SIAgent5,FEMALE_OLD,57,62.36882336775318,63,62.353316466951284
13,SIAgent6,FEMALE_LOW_INCOME,88,72.96610350909152,235,0.0
13,SIAgent3,YOUNG_LOW_INCOME,77,72.07440844069717,76,71.13837716224661
13,SIAgent4,MALE_YOUNG_LOW_INCOME,37,28.35446326070669,63,0.0
13,SIAgent1,OLD_HIGH_INCOME,25,24.645861991009962,44,24.561306731839593
13,SIAgent2,MALE_LOW_INCOME,73,72.18704119405967,74,71.9011598674261
13,SIAgent0,MALE_HIGH_INCOME,27,31.99432244619481,31,31.797986034032235
13,WFAgent0,FEMALE_OLD,57,55.24493545726282,62,54.717736425945404
13,WFAgent1,OLD_LOW_INCOME,84,85.67542096212695,90,84.82883445812111
13,WFAgent2,YOUNG_HIGH_INCOME,16,14.15780072227785,24,6.951104284037789
13,WFAgent3,FEMALE_YOUNG_LOW_INCOME,40,36.52137117463433,41,36.43616960860241
13,WFAgent4,FEMALE_LOW_INCOME,88,85.611988661354,91,85.17884633900582
13,WFAgent5,MALE_YOUNG,48,55.25859401773358,55,54.31282345052009
14,WFAgent6,MALE_OLD_HIGH_INCOME,17,19.829553882188993,17,19.11002056217994
14,WFAgent7,MALE_OLD_LOW_INCOME,36,34.35881825710706,0,0.0
14,WFAgent8,MALE_OLD_HIGH_INCOME,17,17.511505533139584,17,17.049315789544814
14,WFAgent9,MALE_YOUNG_LOW_INCOME,37,36.327640624888986,209,24.443855196999884
14,SIAgent10,FEMALE_YOUNG,45,39.00597216032646,191,0.0
14,SIAgent11,MALE_YOUNG_LOW_INCOME,37,42.71555925221457,38,42.37282486577194
14,SIAgent12,MALE_LOW_INCOME,73,81.40042671582509,76,80.56284891608055
14,SIAgent13,FEMALE_OLD_LOW_INCOME,49,45.075477313664244,373,0.0
14,SIAgent14,MALE_YOUNG,48,53.057943340955504,53,52.48002776102446
14,SIAgent15,FEMALE_YOUNG_HIGH_INCOME,6,7.0780839232273935,6,6.523513982277897
14,SIAgent16,FEMALE_OLD_HIGH_INCOME,9,9.979265518579357,9,9.347310987076911
14,SIAgent17,FEMALE_YOUNG,45,46.74376129026359,49,46.06726556357673
14,WFAgent11,FEMALE_YOUNG_LOW_INCOME,40,41.26530171267622,43,40.42637590273059
14,WFAgent10,FEMALE_YOUNG_HIGH_INCOME,6,7.075570874769536,6,6.523513982277897
14,SIAgent9,FEMALE_OLD,57,59.1996362514871,63,58.44377081251743
14,SIAgent7,FEMALE_YOUNG,45,48.85847887137457,47,48.82126179205305
14,SIAgent8,FEMALE_YOUNG_HIGH_INCOME,6,6.523513982277898,6,6.303061033238835
14,SIAgent5,OLD_HIGH_INCOME,25,24.52764780368747,66,24.117022556193625
14,SIAgent6,OLD_LOW_INCOME,84,87.68305878602368,84,87.24156921271783
14,SIAgent3,FEMALE_YOUNG_LOW_INCOME,40,34.70267855246438,40,34.67197525362353
14,SIAgent4,MALE_YOUNG,48,47.15928608740265,50,47.00741384038442
14,SIAgent1,MALE_HIGH_INCOME,27,27.078325077512346,27,26.969349994266082
14,SIAgent2,YOUNG_LOW_INCOME,77,72.39141731419198,77,72.2462546881999
14,SIAgent0,MALE_OLD_HIGH_INCOME,17,19.110020562179947,17,18.625148850971676
14,WFAgent0,OLD_LOW_INCOME,84,87.76856519305984,91,86.85145726102074
14,WFAgent1,MALE_HIGH_INCOME,27,25.044600346816473,0,0.0
14,WFAgent2,MALE_OLD_HIGH_INCOME,17,16.606483584401836,52,0.0
14,WFAgent3,MALE_HIGH_INCOME,27,29.002706671214924,62,5.014504643983768
14,WFAgent4,FEMALE_HIGH_INCOME,14,12.73071972624393,28,0.0
14,WFAgent5,MALE_OLD_LOW_INCOME,36,36.512677410663194,203,0.0
15,WFAgent6,YOUNG_HIGH_INCOME,16,16.712277783043174,35,16.19675419473082
15,WFAgent7,FEMALE_YOUNG_LOW_INCOME,40,40.912654663312516,42,40.04256635484462
15,WFAgent8,MALE_OLD_HIGH_INCOME,17,18.041435032522596,17,17.374939005881203
15,WFAgent9,FEMALE_OLD_HIGH_INCOME,9,8.74409707002354,9,8.462372449762285
15,SIAgent10,FEMALE_YOUNG_LOW_INCOME,40,37.09269700646174,41,36.483592239566576
15,SIAgent11,FEMALE_YOUNG_LOW_INCOME,40,38.38120818064973,39,37.4216779761335
15,SIAgent12,YOUNG_LOW_INCOME,77,68.51796591333228,418,0.0
15,SIAgent13,FEMALE_OLD_HIGH_INCOME,9,8.059980826447665,30,0.0
15,SIAgent14,YOUNG_HIGH_INCOME,16,15.244003947981943,53,14.291253701233074
15,SIAgent15,MALE_YOUNG,48,52.139542198984735,51,51.32557591160965
15,SIAgent16,MALE_OLD,53,53.9163988654286,58,53.104127148704436
15,SIAgent17,MALE_OLD,53,47.52238822992424,54,47.09438168553712
15,WFAgent11,MALE_OLD_HIGH_INCOME,17,15.513529958219634,71,0.0
15,WFAgent10,FEMALE_OLD_LOW_INCOME,49,43.68937993853854,50,43.60590896808993
15,SIAgent9,FEMALE_OLD,57,55.27376873307864,60,54.93530394693562
15,SIAgent7,FEMALE_LOW_INCOME,88,95.84704176496629,94,95.09527035866581
15,SIAgent8,MALE_HIGH_INCOME,27,30.799131632128194,27,30.03657800128412
15,SIAgent5,OLD_HIGH_INCOME,25,24.72356710422757,26,24.630744132058172
15,SIAgent6,OLD_LOW_INCOME,84,76.90942552570993,85,76.08943004025436
15,SIAgent3,OLD_HIGH_INCOME,25,23.55019991357399,26,23.312869697698666
15,SIAgent4,MALE_YOUNG_LOW_INCOME,37,37.31719980551311,41,36.483592239566576
15,SIAgent1,OLD_HIGH_INCOME,25,25.603119252675157,24,24.578994482568163
15,SIAgent2,OLD_LOW_INCOME,84,73.25792706639103,407,36.62896353319554
15,SIAgent0,FEMALE_OLD_HIGH_INCOME,9,8.336776296767475,9,8.059980826447665
15,WFAgent0,FEMALE_OLD_HIGH_INCOME,9,9.27507760407961,9,9.14675875908725
15,WFAgent1,FEMALE_YOUNG_LOW_INCOME,40,42.443244343610374,44,42.21932899871471
15,WFAgent2,MALE_OLD_HIGH_INCOME,17,20.00943496043989,17,19.158878224729676
15,WFAgent3,FEMALE_YOUNG_LOW_INCOME,40,43.904216386656785,41,42.93078946836332
15,WFAgent4,FEMALE_OLD,57,51.04578009250601,58,50.58285440298432
15,WFAgent5,FEMALE_HIGH_INCOME,14,15.524844450761655,15,15.361871551605093
16,WFAgent6,MALE_OLD_LOW_INCOME,36,32.7273752005954,36,31.894462479860398
16,WFAgent7,FEMALE_YOUNG,45,44.47825503463828,180,0.0
16,WFAgent8,YOUNG_HIGH_INCOME,16,16.82484126640774,16,16.45884795304826
16,WFAgent9,MALE_YOUNG,48,38.721197785433496,0,0.0
16,SIAgent10,MALE_HIGH_INCOME,27,22.258466700965574,101,22.17867318773628
16,SIAgent11,FEMALE_YOUNG,45,48.69793245893969,47,47.86292951192508
16,SIAgent12,FEMALE_LOW_INCOME,88,99.69333408489892,90,98.99411215106161
16,SIAgent13,MALE_YOUNG_HIGH_INCOME,11,11.723749388071104,11,11.359477920776659
16,SIAgent14,MALE_YOUNG,48,52.44143125220347,56,51.864924463142195
16,SIAgent15,MALE_YOUNG,48,39.42875233375341,226,38.60731999346683
16,SIAgent16,FEMALE_YOUNG,45,45.3062632340181,45,44.47825503463825
16,SIAgent17,FEMALE_OLD,57,58.018175545175204,66,57.371626861559896
16,WFAgent11,MALE_OLD_HIGH_INCOME,17,16.147653710354174,17,15.378388080320438
16,WFAgent10,MALE_OLD,53,51.344695313542225,56,50.65821955870261
16,SIAgent9,OLD_LOW_INCOME,84,73.01843418743995,445,0.0
16,SIAgent7,MALE_OLD,53,54.17610942687581,59,53.47067197387175
16,SIAgent8,FEMALE_LOW_INCOME,88,96.68427321299694,93,96.07613184029054
16,SIAgent5,FEMALE_HIGH_INCOME,14,12.832048781780417,15,0.0
16,SIAgent6,FEMALE_HIGH_INCOME,14,14.542503312712672,14,14.514180771591016
16,SIAgent3,YOUNG_LOW_INCOME,77,84.80493239728264,77,84.22943275412881
16,SIAgent4,MALE_OLD_LOW_INCOME,36,36.80502300612137,36,36.7988667805194
16,SIAgent1,MALE_OLD_LOW_INCOME,36,40.98727676896834,40,40.89447000680149
16,SIAgent2,MALE_OLD,53,47.944386368057835,53,47.14215228848839
16,SIAgent0,FEMALE_HIGH_INCOME,14,14.44337441878688,15,14.10954744140686
16,WFAgent0,MALE_YOUNG,48,46.04492954412871,56,46.00021105604558
16,WFAgent1,FEMALE_OLD,57,68.78230454288314,69,68.7664095132118
16,WFAgent2,FEMALE_YOUNG,45,39.48942871698037,0,0.0
16,WFAgent3,FEMALE_YOUNG,45,44.94895011915349,51,44.754685879244406
16,WFAgent4,YOUNG_HIGH_INCOME,16,16.522876975675143,17,16.307579213545587
16,WFAgent5,MALE_YOUNG_HIGH_INCOME,11,11.315457967720675,13,10.71703952268713
17,WFAgent6,FEMALE_HIGH_INCOME,14,14.366867999800645,14,13.95025300670856
17,WFAgent7,MALE_OLD_HIGH_INCOME,17,17.208549807252393,17,16.93959293671754
17,WFAgent8,MALE_YOUNG_LOW_INCOME,37,34.71616421678587,37,33.9708565188448
17,WFAgent9,OLD_HIGH_INCOME,25,25.52179084920778,40,6.590591256738134
17,SIAgent10,YOUNG_LOW_INCOME,77,72.41572286655618,90,72.14699874273249
17,SIAgent11,MALE_YOUNG_LOW_INCOME,37,40.96640460157523,40,40.21567304206467
17,SIAgent12,OLD_LOW_INCOME,84,79.64597921676122,374,79.09338972458879
17,SIAgent13,MALE_HIGH_INCOME,27,29.36099186347587,29,28.726205212911736
17,SIAgent14,OLD_HIGH_INCOME,25,24.91116608340815,25,24.197029196835313
17,SIAgent15,YOUNG_HIGH_INCOME,16,14.406690825170742,28,0.0
17,SIAgent16,MALE_LOW_INCOME,73,69.10816990128465,75,68.85984429495564
17,SIAgent17,MALE_OLD_LOW_INCOME,36,34.85115168972606,36,34.13399109289768
17,WFAgent11,FEMALE_OLD_HIGH_INCOME,9,11.193618427523816,10,10.262048571286174
17,WFAgent10,FEMALE_HIGH_INCOME,14,14.332656497807315,14,13.549275727938095
17,SIAgent9,MALE_OLD_HIGH_INCOME,17,17.273025965248276,17,16.93959293671754
17,SIAgent7,YOUNG_HIGH_INCOME,16,15.34675642899744,16,15.272740447339313
17,SIAgent8,FEMALE_YOUNG_HIGH_INCOME,6,5.532985715899649,6,5.402509059439028
17,SIAgent5,FEMALE_YOUNG,45,44.52247079791528,47,44.250729173220996
17,SIAgent6,YOUNG_LOW_INCOME,77,61.7257655910045,311,0.0
17,SIAgent3,MALE_YOUNG_LOW_INCOME,37,35.56747433026994,37,35.027428580103155
17,SIAgent4,MALE_HIGH_INCOME,27,24.55367080637476,64,23.64427559132385
17,SIAgent1,OLD_HIGH_INCOME,25,23.537825916921907,25,22.734880376272933
17,SIAgent2,MALE_LOW_INCOME,73,67.0235817804235,166,66.7213246748539
17,SIAgent0,MALE_LOW_INCOME,73,73.39360330176805,73,73.39360330176801
17,WFAgent0,OLD_HIGH_INCOME,25,27.391273594364964,26,26.61779063878502
17,WFAgent1,MALE_OLD_LOW_INCOME,36,38.724780873522974,38,38.09297655261711
17,WFAgent2,FEMALE_OLD_HIGH_INCOME,9,8.589309694755295,0,0.0
17,WFAgent3,MALE_HIGH_INCOME,27,27.601564662391358,29,27.0195630393751
17,WFAgent4,MALE_HIGH_INCOME,27,25.77410209675776,28,25.38227267512598
17,WFAgent5,MALE_YOUNG,48,52.790673276103966,53,52.006613435450326
18,WFAgent6,MALE_HIGH_INCOME,27,31.816831529812667,29,31.754004479634897
18,WFAgent7,FEMALE_YOUNG_HIGH_INCOME,6,6.301280373092478,0,0.0
18,WFAgent8,OLD_LOW_INCOME,84,74.58978209298374,84,74.17121741167244
18,WFAgent9,FEMALE_LOW_INCOME,88,93.42609728108725,101,93.24002462119712
18,SIAgent10,MALE_HIGH_INCOME,27,23.449596289773673,27,23.44959628977366
18,SIAgent11,YOUNG_LOW_INCOME,77,88.00654102458857,721,0.0
18,SIAgent12,OLD_LOW_INCOME,84,74.7134366934188,84,74.17121741167244
18,SIAgent13,MALE_OLD,53,51.755605411096056,53,51.75560541109599
18,SIAgent14,YOUNG_HIGH_INCOME,16,17.643141157412924,16,17.38061787333225
18,SIAgent15,FEMALE_OLD_LOW_INCOME,49,54.79277621851036,55,54.27181583429302
18,SIAgent16,OLD_LOW_INCOME,84,74.1712174116724,241,55.62841305875436
18,SIAgent17,YOUNG_HIGH_INCOME,16,12.90614265724221,51,0.0
18,WFAgent11,MALE_YOUNG_HIGH_INCOME,11,13.010111713076151,11,12.133706816344063
18,WFAgent10,FEMALE_YOUNG_HIGH_INCOME,6,5.594705870850413,0,0.0
18,SIAgent9,MALE_OLD,53,48.28176180147765,54,48.03006644576926
18,SIAgent7,FEMALE_YOUNG_HIGH_INCOME,6,5.717568111854259,7,5.6464374125434675
18,SIAgent8,FEMALE_YOUNG,45,53.17815571153932,46,52.61413089886876
18,SIAgent5,MALE_HIGH_INCOME,27,29.329792661248156,30,29.1621403340958
18,SIAgent6,MALE_HIGH_INCOME,27,29.78273491284452,27,29.776112106371034
18,SIAgent3,OLD_HIGH_INCOME,25,23.348426838741858,65,23.005823438243905
18,SIAgent4,MALE_OLD_HIGH_INCOME,17,17.165450030203292,18,16.810867323894144
18,SIAgent1,MALE_OLD,53,57.78325454002449,59,57.61473055197478
18,SIAgent2,FEMALE_OLD_HIGH_INCOME,9,10.742672574178735,10,9.867602878962359
18,SIAgent0,FEMALE_OLD,57,56.24533641008546,57,55.822750695313
18,WFAgent0,FEMALE_YOUNG,45,46.536984853490615,0,0.0
18,WFAgent1,MALE_HIGH_INCOME,27,25.27502211215579,29,24.629776570456997
18,WFAgent2,MALE_OLD_HIGH_INCOME,17,15.428453962993682,49,0.0
18,WFAgent3,MALE_YOUNG,48,45.91218825279428,0,0.0
18,WFAgent4,MALE_OLD_LOW_INCOME,36,38.31631604469523,39,38.08431341571215
18,WFAgent5,YOUNG_HIGH_INCOME,16,19.302851614062902,17,18.912231061061114
19,WFAgent6,MALE_OLD_HIGH_INCOME,17,14.781598764337112,0,0.0
19,WFAgent7,FEMALE_YOUNG_LOW_INCOME,40,37.3240638251023,41,36.45314743682739
19,WFAgent8,MALE_OLD_HIGH_INCOME,17,14.821253848308647,46,0.0
19,WFAgent9,MALE_YOUNG_LOW_INCOME,37,41.498195505492504,41,41.32981257970225
19,SIAgent10,MALE_LOW_INCOME,73,73.5872272760553,79,72.80924805015623
19,SIAgent11,MALE_YOUNG_LOW_INCOME,37,35.89817034667483,37,35.81540948998806
19,SIAgent12,MALE_HIGH_INCOME,27,31.130376250938312,31,30.630746859969435
19,SIAgent13,FEMALE_YOUNG_LOW_INCOME,40,39.0940159301106,42,38.751735545096096
19,SIAgent14,FEMALE_YOUNG_LOW_INCOME,40,40.670772234565696,41,40.07136632836337
19,SIAgent15,FEMALE_HIGH_INCOME,14,12.924190776921996,85,0.0
19,SIAgent16,FEMALE_YOUNG_HIGH_INCOME,6,5.646103903897391,6,5.538938904395142
19,SIAgent17,FEMALE_OLD_LOW_INCOME,49,52.39688019542107,50,52.39407250507629
19,WFAgent11,OLD_LOW_INCOME,84,74.36159682438064,0,0.0
19,WFAgent10,MALE_YOUNG_HIGH_INCOME,11,11.814839141027196,11,10.848856368922414
19,SIAgent9,MALE_LOW_INCOME,73,84.09104962040452,81,83.17732003381569
19,SIAgent7,FEMALE_YOUNG_HIGH_INCOME,6,6.260660334637761,6,5.646103903897391
19,SIAgent8,MALE_YOUNG_HIGH_INCOME,11,9.892949556176081,15,0.0
19,SIAgent5,MALE_YOUNG,48,46.463233932957515,159,45.867311578634585
19,SIAgent6,OLD_HIGH_INCOME,25,24.750986902561383,26,24.670898506078263
19,SIAgent3,FEMALE_YOUNG_LOW_INCOME,40,43.724204787755234,43,43.72108015215814
19,SIAgent4,FEMALE_OLD_LOW_INCOME,49,51.16849127823602,356,0.0
19,SIAgent1,FEMALE_OLD_LOW_INCOME,49,51.3461910549747,49,51.168491278235976
19,SIAgent2,MALE_HIGH_INCOME,27,26.629011087355014,28,26.246983688859448
19,SIAgent0,MALE_OLD_LOW_INCOME,36,32.4498290125729,262,0.0
19,WFAgent0,FEMALE_LOW_INCOME,88,81.19411257067758,257,0.0
19,WFAgent1,MALE_LOW_INCOME,73,66.49196563011063,50,0.0
19,WFAgent2,MALE_OLD_HIGH_INCOME,17,17.911482628248365,18,17.771573089238768
19,WFAgent3,MALE_OLD,53,50.95845408259484,58,50.4313369606796
19,WFAgent4,YOUNG_LOW_INCOME,77,80.48481653853264,82,80.04981131284109
19,WFAgent5,FEMALE_LOW_INCOME,88,78.24090181562954,0,0.0
20,WFAgent6,MALE_OLD,53,59.3545808355811,63,58.747907698388346
20,WFAgent7,MALE_YOUNG,48,39.881500285746924,0,0.0
20,WFAgent8,MALE_OLD_LOW_INCOME,36,34.04597784486994,194,0.0
20,WFAgent9,MALE_OLD_HIGH_INCOME,17,15.884131689649461,113,0.0
20,SIAgent10,MALE_YOUNG_HIGH_INCOME,11,10.281844605029713,12,9.97037507143673
20,SIAgent11,MALE_YOUNG_LOW_INCOME,37,31.971938205236814,145,0.0
20,SIAgent12,YOUNG_LOW_INCOME,77,86.48582435444133,78,85.58469151741403
20,SIAgent13,FEMALE_OLD_LOW_INCOME,49,45.986372115102476,50,45.540125365594236
20,SIAgent14,FEMALE_YOUNG,45,44.20658966578931,47,43.91224644386113
20,SIAgent15,MALE_LOW_INCOME,73,76.3700283394227,73,75.52835474236153
20,SIAgent16,FEMALE_OLD_HIGH_INCOME,9,9.486687766448599,9,9.21399751065252
20,SIAgent17,YOUNG_HIGH_INCOME,16,12.265877143400202,88,0.0
20,WFAgent11,YOUNG_HIGH_INCOME,16,14.807323374885769,19,14.565729107787734
20,WFAgent10,FEMALE_YOUNG_LOW_INCOME,40,48.635230543739596,43,48.04942785059107
20,SIAgent9,YOUNG_LOW_INCOME,77,72.42874530538393,83,71.720834352288
20,SIAgent7,MALE_YOUNG_LOW_INCOME,37,40.1963045118024,37,39.6710670759323
20,SIAgent8,FEMALE_YOUNG,45,49.985999542500736,47,49.71518808429398
20,SIAgent5,YOUNG_LOW_INCOME,77,82.5587071580213,85,82.0737469465336
20,SIAgent6,FEMALE_LOW_INCOME,88,88.6055362034908,94,88.21875466978842
20,SIAgent3,FEMALE_OLD,57,62.302093303156674,61,62.03328591505715
20,SIAgent4,FEMALE_LOW_INCOME,88,74.75437803922405,366,0.0
20,SIAgent1,FEMALE_HIGH_INCOME,14,14.332885016570588,15,14.091434521245532
20,SIAgent2,MALE_OLD_LOW_INCOME,36,37.246859872945414,39,36.883142665275756
20,SIAgent0,FEMALE_OLD,57,51.915742916777404,60,51.39814068844313
20,WFAgent0,MALE_OLD,53,49.42284298435851,0,0.0
20,WFAgent1,MALE_OLD_LOW_INCOME,36,35.62828273892538,38,35.43524591331365
20,WFAgent2,FEMALE_HIGH_INCOME,14,13.198406904786015,55,10.018827580430726
20,WFAgent3,FEMALE_YOUNG,45,45.117826442417005,45,44.20658966578926
20,WFAgent4,FEMALE_YOUNG_LOW_INCOME,40,40.91691793220555,41,40.27711502883022
20,WFAgent5,MALE_LOW_INCOME,73,67.35295310916761,0,0.0
21,WFAgent6,FEMALE_OLD_HIGH_INCOME,9,7.887079185827723,0,0.0
21,WFAgent7,OLD_HIGH_INCOME,25,20.975264592136604,0,0.0
21,WFAgent8,OLD_HIGH_INCOME,25,22.505750646313285,24,21.16558990016627
21,WFAgent9,OLD_LOW_INCOME,84,78.10063811666686,0,0.0
21,SIAgent10,MALE_YOUNG,48,46.431296175572406,49,46.24058280199353
21,SIAgent11,FEMALE_OLD_HIGH_INCOME,9,8.04760424095784,0,0.0
21,SIAgent12,YOUNG_LOW_INCOME,77,84.04510794748944,84,83.57497690653288
21,SIAgent13,MALE_OLD_LOW_INCOME,36,35.79387092335696,38,35.33124105277784
21,SIAgent14,FEMALE_LOW_INCOME,88,100.51377374805759,94,100.10508671979491
21,SIAgent15,FEMALE_YOUNG,45,50.14672364533704,53,49.117270878402934
21,SIAgent16,MALE_YOUNG_HIGH_INCOME,11,11.137748334655992,11,10.640505373568677
21,SIAgent17,MALE_LOW_INCOME,73,85.55391181685047,82,85.03042954923403
21,WFAgent11,YOUNG_LOW_INCOME,77,63.29410112944383,0,0.0
21,WFAgent10,FEMALE_OLD_HIGH_INCOME,9,9.240045358834822,0,0.0
21,SIAgent9,YOUNG_LOW_INCOME,77,71.60713544141446,320,0.0
21,SIAgent7,FEMALE_OLD,57,58.70439627179372,454,33.98675573630166
21,SIAgent8,MALE_YOUNG_HIGH_INCOME,11,12.156746511016458,12,12.150270910533807
21,SIAgent5,MALE_YOUNG_LOW_INCOME,37,36.15424758732499,37,35.79079080200371
21,SIAgent6,MALE_HIGH_INCOME,27,23.811288637687042,45,13.228493687603915
21,SIAgent3,MALE_OLD_LOW_INCOME,36,31.951780443753286,225,0.0
21,SIAgent4,MALE_HIGH_INCOME,27,25.75289752535357,27,25.75289752535357
21,SIAgent1,YOUNG_HIGH_INCOME,16,18.284547446080712,16,17.728604693831688
21,SIAgent2,FEMALE_YOUNG_LOW_INCOME,40,39.98369504013384,40,39.97739209371856
21,SIAgent0,YOUNG_LOW_INCOME,77,76.48328607828007,78,76.1698834526438
21,WFAgent0,MALE_OLD_HIGH_INCOME,17,16.032817151425782,18,15.8741924251247
21,WFAgent1,YOUNG_HIGH_INCOME,16,16.12920387996978,42,15.477098725190807
21,WFAgent2,FEMALE_YOUNG_LOW_INCOME,40,41.75291433199459,41,40.9832874161372
21,WFAgent3,FEMALE_OLD,57,63.213341311902205,41,42.22596924813237
21,WFAgent4,MALE_OLD,53,56.507585386033426,61,56.46788039154961
21,WFAgent5,OLD_LOW_INCOME,84,78.9099209000008,88,78.10435219584146
22,WFAgent6,FEMALE_YOUNG,45,42.79321406783397,48,42.521573933860886
22,WFAgent7,YOUNG_LOW_INCOME,77,80.48865908551406,81,79.70563410216329
22,WFAgent8,YOUNG_LOW_INCOME,77,68.70316052242332,244,0.0
22,WFAgent9,OLD_LOW_INCOME,84,90.52957482416942,95,90.01449873480098
22,SIAgent10,FEMALE_OLD_HIGH_INCOME,9,8.868434804863035,9,8.868434804863035
22,SIAgent11,FEMALE_YOUNG,45,43.23131028867189,46,42.45325801909787
22,SIAgent12,FEMALE_YOUNG_LOW_INCOME,40,43.704971054591006,42,43.30621426804964
22,SIAgent13,MALE_LOW_INCOME,73,75.33369542239889,88,75.24219340529307
22,SIAgent14,FEMALE_YOUNG_HIGH_INCOME,6,7.12914155592272,6,7.038825088953426
22,SIAgent15,FEMALE_LOW_INCOME,88,84.95083988631491,88,84.95083988631485
22,SIAgent16,FEMALE_YOUNG_LOW_INCOME,40,35.4346449448841,60,0.0
22,SIAgent17,FEMALE_OLD_LOW_INCOME,49,42.69128765997213,221,0.0
22,WFAgent11,OLD_LOW_INCOME,84,98.92911411623626,91,97.91834565617127
22,WFAgent10,MALE_OLD_HIGH_INCOME,17,18.563446803091153,18,18.05173342666036
22,SIAgent9,FEMALE_YOUNG_LOW_INCOME,40,49.573781969449996,42,49.237088588432094
22,SIAgent7,MALE_YOUNG_LOW_INCOME,37,38.60311008321539,37,38.182831926421365
22,SIAgent8,MALE_OLD_LOW_INCOME,36,41.24607655755998,35,40.1003522087389
22,SIAgent5,MALE_OLD_HIGH_INCOME,17,17.02727628047047,20,16.858185239231105
22,SIAgent6,FEMALE_YOUNG,45,46.399515287196046,46,46.23373818302459
22,SIAgent3,MALE_OLD_LOW_INCOME,36,36.44547406773241,198,0.0
22,SIAgent4,MALE_OLD_HIGH_INCOME,17,14.32945745334644,133,0.0
22,SIAgent1,YOUNG_HIGH_INCOME,16,15.350123482102191,79,8.634444458682482
22,SIAgent2,FEMALE_LOW_INCOME,88,103.1634237090958,102,102.15668710208962
22,SIAgent0,FEMALE_YOUNG_HIGH_INCOME,6,7.038825088953425,6,6.186602038292806
22,WFAgent0,MALE_YOUNG_HIGH_INCOME,11,10.974730463411058,11,10.553209893945256
22,WFAgent1,FEMALE_OLD,57,68.45460049438141,69,11.824579739817382
22,WFAgent2,MALE_OLD_HIGH_INCOME,17,17.5599718854059,17,17.027276280470467
22,WFAgent3,YOUNG_LOW_INCOME,77,65.83691922963135,0,0.0
22,WFAgent4,MALE_HIGH_INCOME,27,27.077600139990537,28,26.862716093678813
22,WFAgent5,FEMALE_YOUNG_LOW_INCOME,40,39.26487753929521,40,38.42783136770834
23,WFAgent6,FEMALE_OLD_LOW_INCOME,49,63.9756031774018,60,63.315158760954155
23,WFAgent7,FEMALE_OLD_LOW_INCOME,49,48.40524709406691,50,47.85692162341502
23,WFAgent8,FEMALE_OLD_HIGH_INCOME,9,9.920293421159611,9,9.047065600394866
23,WFAgent9,MALE_YOUNG,48,49.118363819898796,54,48.82340374049457
23,SIAgent10,FEMALE_LOW_INCOME,88,80.05219668895495,286,66.71822170776987
23,SIAgent11,YOUNG_LOW_INCOME,77,67.59609304603002,144,0.0
23,SIAgent12,YOUNG_HIGH_INCOME,16,16.457544270301888,16,15.873079391684
23,SIAgent13,FEMALE_OLD_HIGH_INCOME,9,8.40469317466154,9,8.380848250108587
23,SIAgent14,FEMALE_YOUNG,45,45.058099855549145,48,44.37387205860912
23,SIAgent15,FEMALE_OLD,57,53.078705584021066,66,52.76167509044757
23,SIAgent16,YOUNG_HIGH_INCOME,16,15.144124204374636,65,3.786031051093659
23,SIAgent17,MALE_YOUNG,48,55.54045352373264,49,54.65073910380332
23,WFAgent11,MALE_OLD_HIGH_INCOME,17,16.56455242670953,18,15.848971151603427
23,WFAgent10,FEMALE_LOW_INCOME,88,84.90587239329093,93,84.73561569837203
23,SIAgent9,FEMALE_OLD,57,63.830509150813775,58,63.659354094014596
23,SIAgent7,FEMALE_OLD,57,54.55689065069316,58,54.0152098172671
23,SIAgent8,OLD_HIGH_INCOME,25,25.13073777887463,28,24.653955124716457
23,SIAgent5,YOUNG_LOW_INCOME,77,86.64207169732094,83,85.72047811393668
23,SIAgent6,FEMALE_YOUNG_LOW_INCOME,40,36.567360455341976,39,35.653176443958436
23,SIAgent3,FEMALE_YOUNG,45,46.85364137538563,45,46.71297634336056
23,SIAgent4,MALE_LOW_INCOME,73,66.00200876029815,267,65.82924937674528
23,SIAgent1,YOUNG_HIGH_INCOME,16,17.03329795851167,16,16.59609492067472
23,SIAgent2,MALE_OLD_HIGH_INCOME,17,14.968472754292126,134,7.043987178490412
23,SIAgent0,MALE_YOUNG_HIGH_INCOME,11,13.829443027534607,11,12.728020599188728
23,WFAgent0,YOUNG_HIGH_INCOME,16,15.873079391683994,16,15.144124204374636
23,WFAgent1,FEMALE_YOUNG,45,39.73146198543,0,0.0
23,WFAgent2,FEMALE_OLD_HIGH_INCOME,9,9.550369765044522,9,8.61424589221471
23,WFAgent3,FEMALE_YOUNG,45,48.216653653126585,47,48.018304215264095
23,WFAgent4,MALE_YOUNG_LOW_INCOME,37,37.44731197892373,41,37.06962135852365
23,WFAgent5,FEMALE_YOUNG_HIGH_INCOME,6,5.854883702450366,5,4.732538813867074
24,WFAgent6,FEMALE_OLD_HIGH_INCOME,9,9.0096309417028,9,8.766370698533553
24,WFAgent7,MALE_YOUNG,48,46.795458644908514,156,19.344022916239282
24,WFAgent8,MALE_YOUNG,48,47.35679327227065,60,46.954905386705335
24,WFAgent9,OLD_HIGH_INCOME,25,24.351029718148755,0,0.0
24,SIAgent10,OLD_HIGH_INCOME,25,25.098601701711182,25,24.998528874861485
24,SIAgent11,OLD_LOW_INCOME,84,99.1165394708168,110,99.10957033526482
24,SIAgent12,MALE_YOUNG,48,50.93901735915998,49,50.10290875558267
24,SIAgent13,YOUNG_LOW_INCOME,77,75.6730846938534,77,75.09713574249903
24,SIAgent14,MALE_OLD,53,56.702137209843016,55,56.25212959605834
24,SIAgent15,FEMALE_YOUNG_LOW_INCOME,40,41.90130034322087,42,41.276228014829144
24,SIAgent16,MALE_OLD_LOW_INCOME,36,31.978487932469356,64,0.0
24,SIAgent17,MALE_YOUNG_HIGH_INCOME,11,10.846701435498806,11,10.723959272791538
24,WFAgent11,MALE_OLD,53,49.631774196730085,32,0.0
24,WFAgent10,FEMALE_OLD_LOW_INCOME,49,52.35779003614084,367,41.201053206290105
24,SIAgent9,YOUNG_LOW_INCOME,77,83.67112717714596,78,83.46193235687299
24,SIAgent7,FEMALE_OLD_LOW_INCOME,49,36.05092155550385,49,36.05092155550383
24,SIAgent8,MALE_YOUNG,48,49.08040041363197,49,48.18856368240522
24,SIAgent5,YOUNG_LOW_INCOME,77,74.47448822752125,79,74.40550171009151
24,SIAgent6,MALE_OLD,53,53.308589878321776,54,53.05130147085258
24,SIAgent3,MALE_OLD,53,58.26351984252262,53,57.409178401999824
24,SIAgent4,FEMALE_YOUNG,45,42.02150995474818,171,28.014339969832143
24,SIAgent1,MALE_OLD_LOW_INCOME,36,37.45213464146123,37,37.21543066977183
24,SIAgent2,MALE_OLD_HIGH_INCOME,17,19.04374378148443,17,18.688298817412907
24,SIAgent0,MALE_OLD,53,51.0001458964531,58,50.59622729918911
24,WFAgent0,YOUNG_LOW_INCOME,77,83.72010462057023,78,82.80248985707912
24,WFAgent1,FEMALE_YOUNG,45,44.935512201314666,29,27.080528637504404
24,WFAgent2,MALE_OLD,53,58.28482491385322,53,57.52701860069264
24,WFAgent3,MALE_HIGH_INCOME,27,22.31946008373138,0,0.0
24,WFAgent4,FEMALE_OLD_HIGH_INCOME,9,8.99947039495013,48,0.0
24,WFAgent5,MALE_OLD_LOW_INCOME,36,36.666914235041745,36,35.86116384461576
25,WFAgent6,MALE_OLD_LOW_INCOME,36,28.52584619782839,183,0.0
25,WFAgent7,FEMALE_LOW_INCOME,88,70.29176633324823,126,0.0
25,WFAgent8,MALE_YOUNG,48,52.459989338813024,56,51.988312267374994
25,WFAgent9,MALE_YOUNG,48,42.691002732730006,30,0.0
25,SIAgent10,FEMALE_YOUNG_HIGH_INCOME,6,4.971211275467234,12,0.0
25,SIAgent11,FEMALE_OLD_HIGH_INCOME,9,9.389718600079677,9,9.309120444909574
25,SIAgent12,YOUNG_HIGH_INCOME,16,15.01651172964788,56,14.913633826401702
25,SIAgent13,FEMALE_HIGH_INCOME,14,14.48085402541489,14,13.676177889167867
25,SIAgent14,MALE_OLD,53,50.90974735250063,53,50.90974735250062
25,SIAgent15,FEMALE_OLD,57,55.98308064411522,58,55.53764342446155
25,SIAgent16,FEMALE_YOUNG,45,47.23645313624513,51,46.48448222120355
25,SIAgent17,FEMALE_OLD,57,62.69160380199358,62,62.53703551604566
25,WFAgent11,YOUNG_LOW_INCOME,77,81.09665579416475,212,59.41521401985713
25,WFAgent10,MALE_OLD,53,53.74536369799117,56,53.276254337040235
25,SIAgent9,MALE_HIGH_INCOME,27,28.58305513725166,28,28.320590233883966
25,SIAgent7,OLD_HIGH_INCOME,25,24.83326347589157,25,24.293291430847166
25,SIAgent8,FEMALE_LOW_INCOME,88,77.23467035700205,178,77.23467035700203
25,SIAgent5,FEMALE_OLD_HIGH_INCOME,9,6.6454953784824955,24,0.0
25,SIAgent6,MALE_OLD_HIGH_INCOME,17,16.40125811344013,90,0.0
25,SIAgent3,FEMALE_YOUNG_LOW_INCOME,40,42.39588752806952,40,41.98795834332902
25,SIAgent4,MALE_OLD_HIGH_INCOME,17,17.494805003892715,17,16.886619163606266
25,SIAgent1,MALE_LOW_INCOME,73,67.77047849139961,155,67.77047849139957
25,SIAgent2,FEMALE_OLD,57,57.32052518266811,57,57.308232472884995
25,SIAgent0,FEMALE_OLD,57,63.04107862427922,57,62.691603801993494
25,WFAgent0,FEMALE_OLD,57,55.76627354734382,63,55.29300264194469
25,WFAgent1,MALE_YOUNG_HIGH_INCOME,11,12.67794981046798,11,11.644948389250679
25,WFAgent2,MALE_OLD_HIGH_INCOME,17,19.13780634399449,18,18.93726811129915
25,WFAgent3,FEMALE_OLD_LOW_INCOME,49,49.36681393974265,49,49.20514737429961
25,WFAgent4,FEMALE_YOUNG,45,42.746397602402304,48,42.128002012910216
25,WFAgent5,FEMALE_OLD_LOW_INCOME,49,46.91973323790713,162,15.798000754841334
26,WFAgent6,OLD_HIGH_INCOME,25,27.212223907341674,26,27.088551182881595
26,WFAgent7,MALE_OLD_HIGH_INCOME,17,17.140873561387718,19,16.660145789766254
26,WFAgent8,FEMALE_LOW_INCOME,88,93.67056090475023,98,93.22044125616557
26,WFAgent9,FEMALE_YOUNG_LOW_INCOME,40,37.97756073734546,41,37.771286398700845
26,SIAgent10,YOUNG_HIGH_INCOME,16,15.553568526818182,42,14.906446232948753
26,SIAgent11,MALE_LOW_INCOME,73,63.75118206566749,152,62.96528290074613
26,SIAgent12,FEMALE_LOW_INCOME,88,83.70815133206717,88,83.46832649497381
26,SIAgent13,YOUNG_LOW_INCOME,77,79.65265348206532,80,78.86830163435151
26,SIAgent14,MALE_OLD,53,42.78410248384038,87,0.0
26,SIAgent15,YOUNG_LOW_INCOME,77,75.04722190175518,82,74.58363232020288
26,SIAgent16,MALE_LOW_INCOME,73,83.36918497636762,80,82.65482757515994
26,SIAgent17,MALE_YOUNG_HIGH_INCOME,11,10.996751164612682,11,10.693078362187503
26,WFAgent11,MALE_YOUNG,48,51.97038077207188,51,51.26561591727253
26,WFAgent10,YOUNG_LOW_INCOME,77,85.14438145556535,82,84.85755354936013
26,SIAgent9,FEMALE_LOW_INCOME,88,81.07007812404086,409,58.03880592971104
26,SIAgent7,MALE_YOUNG_HIGH_INCOME,11,11.437817692434164,10,10.398016084031061
26,SIAgent8,MALE_HIGH_INCOME,27,23.674944017036246,38,23.410169283610774
26,SIAgent5,FEMALE_YOUNG_LOW_INCOME,40,41.39392856066347,40,41.37800180886509
26,SIAgent6,MALE_YOUNG_LOW_INCOME,37,39.570312989286236,38,39.30910171842184
26,SIAgent3,MALE_OLD_HIGH_INCOME,17,17.504963690468294,19,16.801039288897325
26,SIAgent4,FEMALE_HIGH_INCOME,14,14.586142944628548,15,14.581470493892052
26,SIAgent1,MALE_OLD_HIGH_INCOME,17,17.773943473639918,17,17.5049636904683
26,SIAgent2,MALE_LOW_INCOME,73,66.51363103386913,76,66.37109365740714
26,SIAgent0,MALE_OLD_LOW_INCOME,36,34.1578376781776,36,34.15783767817758
26,WFAgent0,MALE_OLD,53,56.34471347600043,53,55.412882594289215
26,WFAgent1,MALE_LOW_INCOME,73,76.92578581676123,77,76.66211349485093
26,WFAgent2,FEMALE_HIGH_INCOME,14,14.627962326920503,37,0.0
26,WFAgent3,MALE_OLD,53,55.79525553213093,59,55.56638550751387
26,WFAgent4,OLD_HIGH_INCOME,25,22.106630643285964,0,0.0
26,WFAgent5,MALE_YOUNG_LOW_INCOME,37,41.68737018449755,38,40.63978090791557
27,WFAgent6,FEMALE_LOW_INCOME,88,71.91697588466721,239,71.86765075138668
27,WFAgent7,FEMALE_OLD,57,58.3737335933558,58,57.7849381497819
27,WFAgent8,MALE_YOUNG_LOW_INCOME,37,37.956271954531125,40,37.89483623689773
27,WFAgent9,FEMALE_OLD_HIGH_INCOME,9,8.892271025411832,0,0.0
27,SIAgent10,MALE_LOW_INCOME,73,65.9488707022256,74,65.87775609337093
27,SIAgent11,FEMALE_LOW_INCOME,88,79.54142941187108,99,78.89751152190622
27,SIAgent12,MALE_YOUNG,48,51.63829742927687,53,51.15672884773042
27,SIAgent13,FEMALE_YOUNG_LOW_INCOME,40,45.989842263856026,45,45.127760396943415
27,SIAgent14,MALE_LOW_INCOME,73,84.98488487160387,81,84.13204326057244
27,SIAgent15,FEMALE_OLD,57,56.41304905677777,65,56.205256476046124
27,SIAgent16,OLD_LOW_INCOME,84,84.20514180094405,84,83.2589993516417
27,SIAgent17,MALE_OLD,53,41.308020838860614,278,25.720088446837746
27,WFAgent11,FEMALE_YOUNG_HIGH_INCOME,6,5.586536430059893,46,0.0
27,WFAgent10,FEMALE_OLD,57,46.426751245104924,30,0.0
27,SIAgent9,MALE_YOUNG,48,42.956326468439975,84,42.53391575082072
27,SIAgent7,FEMALE_YOUNG_LOW_INCOME,40,40.11356479728299,41,39.45043117489757
27,SIAgent8,YOUNG_LOW_INCOME,77,56.46743987608951,141,0.0
27,SIAgent5,FEMALE_LOW_INCOME,88,81.1925544121268,88,80.29194077562363
27,SIAgent6,FEMALE_OLD,57,64.94730585387542,64,64.06712167014459
27,SIAgent3,YOUNG_HIGH_INCOME,16,16.104005328600064,17,15.366560621226258
27,SIAgent4,OLD_LOW_INCOME,84,82.78592812699063,87,82.41079500091325
27,SIAgent1,FEMALE_YOUNG_LOW_INCOME,40,38.488225536485395,41,37.828349214740925
27,SIAgent2,MALE_OLD_LOW_INCOME,36,34.4008558511344,38,34.32954913266535
27,SIAgent0,MALE_YOUNG,48,45.4738034842773,49,45.05754100662119
27,WFAgent0,MALE_OLD,53,35.76094579464089,0,0.0
27,WFAgent1,FEMALE_OLD_HIGH_INCOME,9,8.04815280661341,0,0.0
27,WFAgent2,FEMALE_YOUNG,45,42.63098767218083,46,42.36651139723651
27,WFAgent3,MALE_HIGH_INCOME,27,29.5029156745802,37,28.83767492524232
27,WFAgent4,YOUNG_HIGH_INCOME,16,14.419189715303812,0,0.0
27,WFAgent5,FEMALE_YOUNG_LOW_INCOME,40,30.999790084017313,0,0.0
28,WFAgent6,MALE_OLD_HIGH_INCOME,17,18.429855675282898,18,17.856645570935097
28,WFAgent7,MALE_OLD_HIGH_INCOME,17,19.12844230305284,17,18.168959074454563
28,WFAgent8,FEMALE_YOUNG_LOW_INCOME,40,46.096685125982155,43,45.55301157523009
28,WFAgent9,MALE_OLD_HIGH_INCOME,17,18.16895907445456,18,17.840866261317235
28,SIAgent10,YOUNG_LOW_INCOME,77,92.83771717388578,81,92.49543957009989
28,SIAgent11,MALE_OLD,53,47.29702213881316,130,0.0
28,SIAgent12,FEMALE_LOW_INCOME,88,99.12797602572526,95,98.23417543586639
28,SIAgent13,MALE_LOW_INCOME,73,80.43541204476146,80,79.87459956248439
28,SIAgent14,FEMALE_LOW_INCOME,88,102.54269471209146,91,102.507338844784
28,SIAgent15,MALE_OLD_LOW_INCOME,36,35.655741797688194,39,34.86569223176912
28,SIAgent16,MALE_OLD_HIGH_INCOME,17,16.596361442379507,18,16.343814532994102
28,SIAgent17,FEMALE_YOUNG_HIGH_INCOME,6,6.141854715753505,6,6.141854715753504
28,WFAgent11,MALE_OLD_LOW_INCOME,36,34.052216824933225,38,33.97170012326222
28,WFAgent10,MALE_YOUNG,48,58.10079286044719,57,57.77675754616666
28,SIAgent9,FEMALE_OLD_HIGH_INCOME,9,9.324599434527297,9,9.324599434527297
28,SIAgent7,MALE_OLD,53,47.38158175086576,53,47.360840713947205
28,SIAgent8,MALE_YOUNG_LOW_INCOME,37,37.342233723499966,270,0.0
28,SIAgent5,MALE_LOW_INCOME,73,81.43217257687401,73,80.43541204476156
28,SIAgent6,FEMALE_YOUNG_LOW_INCOME,40,33.332850809476,151,0.0
28,SIAgent3,MALE_OLD_HIGH_INCOME,17,15.435824836716648,17,15.170742950185346
28,SIAgent4,YOUNG_HIGH_INCOME,16,18.33400031724206,16,18.27751746779034
28,SIAgent1,MALE_HIGH_INCOME,27,26.78496835640265,43,26.784968356402644
28,SIAgent2,MALE_OLD,53,60.69561207200319,54,59.9549008501983
28,SIAgent0,FEMALE_HIGH_INCOME,14,15.943405291046291,15,15.491302452702364
28,WFAgent0,OLD_HIGH_INCOME,25,24.128963343359075,0,0.0
28,WFAgent1,FEMALE_LOW_INCOME,88,92.5451100586639,341,0.0
28,WFAgent2,FEMALE_YOUNG_HIGH_INCOME,6,6.3861162108796705,31,5.11821226312792
28,WFAgent3,OLD_HIGH_INCOME,25,27.383093419508757,60,10.360666038363663
28,WFAgent4,YOUNG_LOW_INCOME,77,78.5195009631121,94,78.33219940226854
28,WFAgent5,FEMALE_LOW_INCOME,88,88.09154339590184,0,0.0
29,WFAgent6,MALE_OLD,53,54.82618328093407,54,54.30824365009319
29,WFAgent7,MALE_YOUNG_HIGH_INCOME,11,10.248908908211256,0,0.0
29,WFAgent8,FEMALE_OLD,57,60.57720914519415,66,60.566999966683255
29,WFAgent9,MALE_YOUNG_HIGH_INCOME,11,9.948916786278495,0,0.0
29,SIAgent10,MALE_LOW_INCOME,73,67.60512427966572,434,0.0
29,SIAgent11,MALE_HIGH_INCOME,27,26.356006291156746,122,12.073162218319837
29,SIAgent12,FEMALE_YOUNG_HIGH_INCOME,6,5.643282750188042,47,0.0
29,SIAgent13,MALE_YOUNG_LOW_INCOME,37,40.89786489011408,39,39.98653240359889
29,SIAgent14,YOUNG_HIGH_INCOME,16,16.751554541712157,16,16.469760611104004
29,SIAgent15,MALE_OLD,53,49.221353659303944,53,49.083172422223015
29,SIAgent16,OLD_LOW_INCOME,84,84.47949012236727,85,83.71411945459873
29,SIAgent17,MALE_OLD_HIGH_INCOME,17,20.32740425023746,17,19.54769668002609
29,WFAgent11,FEMALE_OLD_LOW_INCOME,49,56.512173397748114,52,56.16976685324319
29,WFAgent10,YOUNG_LOW_INCOME,77,71.89714859118469,0,0.0
29,SIAgent9,MALE_OLD_HIGH_INCOME,17,19.547696680026093,17,19.516228126101918
29,SIAgent7,FEMALE_YOUNG_LOW_INCOME,40,38.51514460487109,343,0.0
29,SIAgent8,OLD_HIGH_INCOME,25,28.700335479561648,25,27.586457343422598
29,SIAgent5,FEMALE_YOUNG,45,46.56319816806897,48,46.21817352584526
29,SIAgent6,MALE_YOUNG,48,49.21419372750635,48,49.169589492412946
29,SIAgent3,FEMALE_OLD_HIGH_INCOME,9,10.162720679353184,9,9.564822496609604
29,SIAgent4,FEMALE_OLD_HIGH_INCOME,9,8.419626607827343,0,0.0
29,SIAgent1,OLD_HIGH_INCOME,25,25.54926999217262,26,25.379857910002798
29,SIAgent2,MALE_YOUNG_LOW_INCOME,37,37.89926640498715,40,37.043903714885296
29,SIAgent0,FEMALE_OLD_LOW_INCOME,49,43.22273722364339,300,0.0
29,WFAgent0,FEMALE_OLD,57,61.5707059737473,48,49.05459838497143
29,WFAgent1,FEMALE_OLD_HIGH_INCOME,9,9.383422702557349,0,0.0
29,WFAgent2,FEMALE_YOUNG_HIGH_INCOME,6,6.601431083720179,6,5.962557851665051
29,WFAgent3,MALE_YOUNG,48,49.43443078396731,50,48.954861022205
29,WFAgent4,FEMALE_OLD_LOW_INCOME,49,55.71168497556255,55,55.313951865835655
29,WFAgent5,OLD_HIGH_INCOME,25,22.974074099471128,0,0.0
30,WFAgent6,MALE_HIGH_INCOME,27,27.136320999244592,0,0.0
30,WFAgent7,FEMALE_YOUNG_LOW_INCOME,40,41.9325895684271,45,41.43227379204927
30,WFAgent8,MALE_HIGH_INCOME,27,27.5794725050899,88,0.0
30,WFAgent9,MALE_OLD,53,57.074652480570634,57,56.35069031867971
30,SIAgent10,FEMALE_OLD,57,49.52760699483547,239,0.0
30,SIAgent11,FEMALE_YOUNG_HIGH_INCOME,6,5.691986876229541,6,5.606218559082882
30,SIAgent12,MALE_HIGH_INCOME,27,31.149729090548245,28,30.71305960586016
30,SIAgent13,MALE_YOUNG_LOW_INCOME,37,35.802326698378515,38,34.98725342439718
30,SIAgent14,MALE_YOUNG_LOW_INCOME,37,38.24238259906757,37,37.25016714023995
30,SIAgent15,FEMALE_OLD_LOW_INCOME,49,46.41710931329553,49,46.417109313295484
30,SIAgent16,FEMALE_OLD,57,50.659578156920446,57,49.90493071553047
30,SIAgent17,MALE_HIGH_INCOME,27,28.619155782751143,27,27.813604454381263
30,WFAgent11,FEMALE_OLD_LOW_INCOME,49,47.09443702901825,50,46.603592849158105
30,WFAgent10,MALE_LOW_INCOME,73,73.22620631259356,84,72.50975433655883
30,SIAgent9,YOUNG_HIGH_INCOME,16,18.126744587481287,17,17.133324918166892
30,SIAgent7,YOUNG_HIGH_INCOME,16,14.949916157554354,105,0.0
30,SIAgent8,MALE_OLD_LOW_INCOME,36,31.07560900138235,35,30.212397640232847
30,SIAgent5,YOUNG_LOW_INCOME,77,70.89522404417322,499,40.5115565966704
30,SIAgent6,FEMALE_OLD_LOW_INCOME,49,58.480761237205996,51,58.03346045976852
30,SIAgent3,OLD_LOW_INCOME,84,95.58452311020702,93,95.15045972968477
30,SIAgent4,MALE_YOUNG,48,50.90424210299812,49,50.64531749606241
30,SIAgent1,MALE_HIGH_INCOME,27,27.81360445438128,28,27.51381917149829
30,SIAgent2,MALE_YOUNG,48,48.324541154905866,49,47.413892114068865
30,SIAgent0,OLD_LOW_INCOME,84,85.94235072358613,88,85.48472695135308
30,WFAgent0,MALE_YOUNG,48,42.00852809507174,0,0.0
30,WFAgent1,FEMALE_YOUNG,45,42.123210751207566,45,41.43227379204927
30,WFAgent2,MALE_OLD_HIGH_INCOME,17,18.750915299292952,17,18.01946845580627
30,WFAgent3,OLD_HIGH_INCOME,25,25.737556405576754,29,25.555720767855412
30,WFAgent4,YOUNG_LOW_INCOME,77,68.23980147595205,0,0.0
30,WFAgent5,MALE_LOW_INCOME,73,70.58469992247099,90,25.033129473335787
31,WFAgent6,MALE_YOUNG_HIGH_INCOME,11,11.254440201432434,11,11.108081111536913
31,WFAgent7,MALE_LOW_INCOME,73,87.27297583837515,285,67.5125961269551
31,WFAgent8,FEMALE_OLD_HIGH_INCOME,9,9.786801458472038,9,9.430429315885116
31,WFAgent9,YOUNG_HIGH_INCOME,16,14.121258181150406,17,13.882598425463605
31,SIAgent10,MALE_YOUNG_LOW_INCOME,37,34.36114468167801,175,0.0
31,SIAgent11,YOUNG_LOW_INCOME,77,72.58833625976489,77,72.58833625976483
31,SIAgent12,FEMALE_OLD,57,57.75433101227936,59,57.164952452716825
31,SIAgent13,FEMALE_LOW_INCOME,88,81.95645242390775,503,0.0
31,SIAgent14,FEMALE_OLD_HIGH_INCOME,9,8.771044038570249,36,0.0
31,SIAgent15,MALE_YOUNG,48,48.471626668524706,49,48.279580071210425
31,SIAgent16,FEMALE_YOUNG_HIGH_INCOME,6,5.549464356878607,6,5.2196752648833975
31,SIAgent17,MALE_YOUNG_HIGH_INCOME,11,11.539845951794401,11,11.285786587082752
31,WFAgent11,FEMALE_OLD_LOW_INCOME,49,52.02583269535852,51,51.674927747828924
31,WFAgent10,MALE_YOUNG,48,49.206836927971544,48,48.47162666852466
31,SIAgent9,MALE_HIGH_INCOME,27,30.465198834850888,29,29.70974637605852
31,SIAgent7,FEMALE_OLD_HIGH_INCOME,9,9.430429315885114,9,9.326654509481973
31,SIAgent8,MALE_YOUNG_LOW_INCOME,37,36.475330044409475,39,36.21850385366059
31,SIAgent5,MALE_OLD,53,51.98628455133208,71,51.00541125791076
31,SIAgent6,FEMALE_OLD_HIGH_INCOME,9,8.938685267702708,9,8.771044038570249
31,SIAgent3,FEMALE_YOUNG_HIGH_INCOME,6,4.899740620751862,6,4.899740620751862
31,SIAgent4,MALE_YOUNG,48,49.63620460321541,48,48.780105712136
31,SIAgent1,FEMALE_OLD_HIGH_INCOME,9,10.107335252622761,9,9.430429315885116
31,SIAgent2,MALE_OLD_HIGH_INCOME,17,16.967934120879047,17,16.674845988163128
31,SIAgent0,OLD_LOW_INCOME,84,81.38738993268161,87,81.02512910090869
31,WFAgent0,FEMALE_LOW_INCOME,88,90.90581670570889,96,90.32900876759399
31,WFAgent1,YOUNG_HIGH_INCOME,16,13.919134039689062,27,5.716364057543839
31,WFAgent2,MALE_YOUNG,48,44.203977271609645,0,0.0
31,WFAgent3,FEMALE_HIGH_INCOME,14,13.232853529523226,0,0.0
31,WFAgent4,FEMALE_OLD_HIGH_INCOME,9,9.124843856711173,9,8.938685267702706
31,WFAgent5,MALE_YOUNG,48,48.78010571213594,48,48.47162666852466
32,WFAgent6,MALE_OLD_HIGH_INCOME,17,16.093726888230506,72,0.0
32,WFAgent7,MALE_OLD_LOW_INCOME,36,35.34982708447923,260,24.17531931234209
32,WFAgent8,YOUNG_LOW_INCOME,77,67.44473648830036,0,0.0
32,WFAgent9,FEMALE_OLD_HIGH_INCOME,9,8.424629111717689,0,0.0
32,SIAgent10,OLD_LOW_INCOME,84,86.07256411554084,89,85.18612730173454
32,SIAgent11,MALE_YOUNG,48,42.10531197152844,49,41.96448250678912
32,SIAgent12,MALE_YOUNG_LOW_INCOME,37,36.4488847124029,37,36.12515173394209
32,SIAgent13,YOUNG_LOW_INCOME,77,78.3907323465114,78,78.32925134805289
32,SIAgent14,MALE_OLD_LOW_INCOME,36,33.47351904785827,35,32.543699074306666
32,SIAgent15,FEMALE_OLD,57,57.471755601200556,461,56.71441093440593
32,SIAgent16,FEMALE_LOW_INCOME,88,110.94744098497986,108,110.31429335744943
32,SIAgent17,MALE_YOUNG_HIGH_INCOME,11,10.460792560602496,11,9.649133993475267
32,WFAgent11,FEMALE_YOUNG,45,44.67796986189539,51,44.50667184819327
32,WFAgent10,MALE_YOUNG_HIGH_INCOME,11,11.069078513838157,11,10.995762583301346
32,SIAgent9,FEMALE_OLD_HIGH_INCOME,9,8.009389648063415,0,0.0
32,SIAgent7,OLD_HIGH_INCOME,25,24.59276191690282,27,24.478750609614572
32,SIAgent8,FEMALE_OLD_HIGH_INCOME,9,7.221491210193301,0,0.0
32,SIAgent5,YOUNG_HIGH_INCOME,16,17.192512778896152,18,16.509520218307884
32,SIAgent6,YOUNG_HIGH_INCOME,16,13.356421681078727,60,6.678210840539363
32,SIAgent3,FEMALE_OLD_HIGH_INCOME,9,8.39175075685286,6,5.339593098708943
32,SIAgent4,MALE_HIGH_INCOME,27,31.551694887252637,29,31.13229745996774
32,SIAgent1,OLD_HIGH_INCOME,25,26.82046011146414,25,25.7877882650255
32,SIAgent2,MALE_YOUNG_HIGH_INCOME,11,10.995762583301342,11,10.89849530644701
32,SIAgent0,YOUNG_LOW_INCOME,77,77.23622166279186,78,76.59384220504933
32,WFAgent0,MALE_OLD_HIGH_INCOME,17,18.92721954527889,18,18.686975785777012
32,WFAgent1,FEMALE_LOW_INCOME,88,102.19738699348747,101,101.59472845367053
32,WFAgent2,OLD_LOW_INCOME,84,83.14604299543727,20,0.0
32,WFAgent3,MALE_OLD_HIGH_INCOME,17,15.412546680127686,0,0.0
32,WFAgent4,YOUNG_LOW_INCOME,77,71.14940101968682,308,22.807043984577895
32,WFAgent5,MALE_YOUNG_LOW_INCOME,37,36.922705498186076,37,36.44888471240289
33,WFAgent6,FEMALE_HIGH_INCOME,14,14.022278159890247,15,13.723430646081496
33,WFAgent7,MALE_OLD_LOW_INCOME,36,30.406606866854396,0,0.0
33,WFAgent8,MALE_OLD_HIGH_INCOME,17,17.642707489137663,18,16.94778346423917
33,WFAgent9,MALE_OLD_LOW_INCOME,36,36.05840287952961,38,35.73291086973401
33,SIAgent10,OLD_HIGH_INCOME,25,20.859850290384987,7,5.840758081307797
33,SIAgent11,FEMALE_OLD_HIGH_INCOME,9,9.391112655494394,9,8.670904926412847
33,SIAgent12,FEMALE_OLD_HIGH_INCOME,9,8.001726514926881,0,0.0
33,SIAgent13,YOUNG_LOW_INCOME,77,91.63033296278392,91,91.55392353746265
33,SIAgent14,FEMALE_OLD,57,52.14903645510971,439,34.2239166003884
33,SIAgent15,FEMALE_YOUNG,45,42.24607365012221,50,42.052793728485234
33,SIAgent16,FEMALE_LOW_INCOME,88,92.58955121784639,100,91.9657592640901
33,SIAgent17,YOUNG_HIGH_INCOME,16,15.434639906138344,16,15.4073695075879
33,WFAgent11,OLD_HIGH_INCOME,25,30.787120928705573,29,30.63206598944709
33,WFAgent10,FEMALE_OLD_HIGH_INCOME,9,8.048734157484,0,0.0
33,SIAgent9,MALE_OLD_HIGH_INCOME,17,18.464566663742705,16,17.378415683522547
33,SIAgent7,MALE_LOW_INCOME,73,61.897490313769595,520,35.612254701072935
33,SIAgent8,MALE_OLD_HIGH_INCOME,17,16.0062399384481,16,15.06469641265704
33,SIAgent5,MALE_HIGH_INCOME,27,23.775550337342764,94,23.363032325231178
33,SIAgent6,FEMALE_YOUNG,45,37.84751435563674,228,0.0
33,SIAgent3,MALE_YOUNG,48,46.22210852276369,49,45.866914624121634
33,SIAgent4,FEMALE_HIGH_INCOME,14,17.43293794382272,15,16.815335715460737
33,SIAgent1,FEMALE_YOUNG,45,42.430878588809065,45,42.24607365012219
33,SIAgent2,FEMALE_HIGH_INCOME,14,15.694313334430017,15,15.400660438304502
33,SIAgent0,MALE_OLD_LOW_INCOME,36,33.85223135027433,36,33.205228815677586
33,WFAgent0,MALE_YOUNG_LOW_INCOME,37,36.558856209180334,38,36.01725374048013
33,WFAgent1,MALE_HIGH_INCOME,27,26.72713915513173,28,25.936445610553072
33,WFAgent2,FEMALE_HIGH_INCOME,14,13.48807432997554,14,12.808535269676064
33,WFAgent3,FEMALE_HIGH_INCOME,14,15.646934765815711,17,15.291834594342811
33,WFAgent4,MALE_OLD_HIGH_INCOME,17,14.836055653293785,10,8.343940116153997
33,WFAgent5,MALE_OLD_LOW_INCOME,36,32.13819189597564,37,31.372700569992823
34,WFAgent6,MALE_LOW_INCOME,73,76.4962320059332,76,75.71946889674518
34,WFAgent7,FEMALE_YOUNG,45,44.512586464657204,45,43.579591076712944
34,WFAgent8,YOUNG_LOW_INCOME,77,77.35411893546852,83,77.19989151547487
34,WFAgent9,FEMALE_OLD,57,67.52164946525694,64,66.65682332120569
34,SIAgent10,MALE_OLD_HIGH_INCOME,17,16.32421863065946,60,0.0
34,SIAgent11,FEMALE_HIGH_INCOME,14,15.731994312197852,14,14.728507038634952
34,SIAgent12,OLD_HIGH_INCOME,25,25.075900108817876,25,25.051708473980728
34,SIAgent13,MALE_OLD,53,58.51445451303241,55,58.16020100881233
34,SIAgent14,OLD_HIGH_INCOME,25,24.95494193463213,50,24.006203868616865
34,SIAgent15,YOUNG_LOW_INCOME,77,71.61917646616345,81,71.31315492748578
34,SIAgent16,MALE_LOW_INCOME,73,80.27018045217234,76,79.93274717580614
34,SIAgent17,FEMALE_YOUNG,45,45.48372286197693,53,44.807541969844436
34,WFAgent11,MALE_OLD_HIGH_INCOME,17,18.1163519872036,18,18.001426481707142
34,WFAgent10,OLD_LOW_INCOME,84,87.48708060908257,264,58.68794690916081
34,SIAgent9,FEMALE_YOUNG,45,46.01365612661589,45,45.48372286197695
34,SIAgent7,MALE_YOUNG,48,37.6239311850636,23,18.028133692842964
34,SIAgent8,MALE_YOUNG,48,49.02971550093104,51,48.76738562761122
34,SIAgent5,OLD_LOW_INCOME,84,83.5557210232121,84,82.66665019287542
34,SIAgent6,FEMALE_YOUNG_LOW_INCOME,40,38.7374142904115,40,38.51833739628677
34,SIAgent3,FEMALE_OLD_HIGH_INCOME,9,9.694018662703883,9,9.027324039174436
34,SIAgent4,FEMALE_LOW_INCOME,88,87.62363762991795,89,87.1783731352545
34,SIAgent1,FEMALE_LOW_INCOME,88,84.7403422718309,264,84.64084491455675
34,SIAgent2,FEMALE_YOUNG_LOW_INCOME,40,33.54431405157443,17,14.25633347191913
34,SIAgent0,MALE_YOUNG,48,51.15704868777086,50,51.072620313469834
34,WFAgent0,MALE_YOUNG,48,40.54177719666093,37,29.0017802884865
34,WFAgent1,MALE_YOUNG_HIGH_INCOME,11,10.058203553835757,0,0.0
34,WFAgent2,OLD_LOW_INCOME,84,92.50292275291388,92,91.60653024945957
34,WFAgent3,FEMALE_YOUNG_HIGH_INCOME,6,5.602676628235069,0,0.0
34,WFAgent4,YOUNG_LOW_INCOME,77,75.06304561349668,51,45.38805606639744
34,WFAgent5,FEMALE_YOUNG,45,38.69272380632886,9,7.547470661604246
35,WFAgent6,YOUNG_HIGH_INCOME,16,16.516135051405133,17,16.100860010496753
35,WFAgent7,FEMALE_OLD_LOW_INCOME,49,48.344402116779285,50,47.645242287875796
35,WFAgent8,FEMALE_LOW_INCOME,88,87.92414489215852,270,0.0
35,WFAgent9,MALE_OLD,53,53.988287266047486,105,0.0
35,SIAgent10,FEMALE_LOW_INCOME,88,99.86111757149776,97,99.65047392040287
35,SIAgent11,FEMALE_YOUNG_HIGH_INCOME,6,6.289233874687296,6,5.804093992477853
35,SIAgent12,FEMALE_HIGH_INCOME,14,16.050289265319567,15,15.234026245216324
35,SIAgent13,FEMALE_OLD_LOW_INCOME,49,57.91994346400753,51,57.874056774390745
35,SIAgent14,MALE_YOUNG_HIGH_INCOME,11,11.52334408585852,10,10.475767350780474
35,SIAgent15,FEMALE_OLD,57,50.851350764777074,185,23.87596205693171
35,SIAgent16,FEMALE_OLD,57,57.60338864294396,59,56.68283325895877
35,SIAgent17,MALE_YOUNG,48,47.85975937444036,47,46.86268105413955
35,WFAgent11,YOUNG_LOW_INCOME,77,77.47347345185817,79,77.25838638182908
35,WFAgent10,MALE_HIGH_INCOME,27,31.0976881774217,29,30.39777965250492
35,SIAgent9,MALE_OLD_HIGH_INCOME,17,17.819388072158063,17,17.7664970285528
35,SIAgent7,FEMALE_OLD_HIGH_INCOME,9,7.674416375442336,0,0.0
35,SIAgent8,YOUNG_HIGH_INCOME,16,15.153750598114598,20,15.08993831227776
35,SIAgent5,MALE_YOUNG,48,45.2698149368333,59,44.32669379231595
35,SIAgent6,FEMALE_YOUNG_HIGH_INCOME,6,7.525915939138027,6,6.878695399422671
35,SIAgent3,OLD_LOW_INCOME,84,80.04400704363137,287,79.49887392201704
35,SIAgent4,FEMALE_YOUNG_LOW_INCOME,40,41.39277668682534,42,40.62865794734499
35,SIAgent1,MALE_OLD_HIGH_INCOME,17,17.766497028552795,18,17.400136847742935
35,SIAgent2,FEMALE_OLD,57,52.37353946242717,58,51.743479725562636
35,SIAgent0,MALE_YOUNG,48,49.50464589057263,49,48.85683769474124
35,WFAgent0,OLD_HIGH_INCOME,25,27.355733781679714,29,26.921441964069107
35,WFAgent1,MALE_HIGH_INCOME,27,30.395136719168402,29,29.874741169491298
35,WFAgent2,MALE_LOW_INCOME,73,72.4108639763777,161,52.81478409297222
35,WFAgent3,FEMALE_YOUNG,45,43.53070494358389,0,0.0
35,WFAgent4,MALE_OLD_HIGH_INCOME,17,16.43346257842388,0,0.0
35,WFAgent5,MALE_YOUNG_HIGH_INCOME,11,11.207145277657245,11,10.468172444122462
36,WFAgent6,FEMALE_OLD_HIGH_INCOME,9,7.3219971745802646,0,0.0
36,WFAgent7,FEMALE_YOUNG_LOW_INCOME,40,34.12395877748432,44,33.532250811664284
36,WFAgent8,FEMALE_OLD,57,57.20638617717615,436,54.008581971747205
36,WFAgent9,MALE_YOUNG_LOW_INCOME,37,36.23986327567938,37,35.32473102135927
36,SIAgent10,MALE_YOUNG,48,44.605336162566644,48,44.293030748610924
36,SIAgent11,MALE_YOUNG_HIGH_INCOME,11,9.782815436960316,14,0.0
36,SIAgent12,FEMALE_OLD,57,52.17778258287435,56,51.26238288843802
36,SIAgent13,MALE_OLD,53,51.94432380264761,57,51.3427895867113
36,SIAgent14,FEMALE_YOUNG,45,47.72360664041982,47,46.872439535554214
36,SIAgent15,FEMALE_HIGH_INCOME,14,14.315982744380877,15,13.586818113306947
36,SIAgent16,FEMALE_HIGH_INCOME,14,15.98368722077264,15,15.660571013859244
36,SIAgent17,YOUNG_LOW_INCOME,77,74.19231243807442,88,73.65090335281995
36,WFAgent11,FEMALE_YOUNG_HIGH_INCOME,6,5.519818138738676,32,0.0
36,WFAgent10,MALE_OLD_HIGH_INCOME,17,16.505544786274402,18,16.308184027656008
36,SIAgent9,YOUNG_LOW_INCOME,77,75.58908365195435,77,75.40768479300893
36,SIAgent7,FEMALE_YOUNG_LOW_INCOME,40,44.14767986035174,40,43.41835765678497
36,SIAgent8,FEMALE_HIGH_INCOME,14,14.501127275337636,14,14.315982744380873
36,SIAgent5,MALE_YOUNG,48,44.29303074861091,138,43.577996037368635
36,SIAgent6,FEMALE_YOUNG_LOW_INCOME,40,30.483864374240234,39,29.721767764884248
36,SIAgent3,OLD_HIGH_INCOME,25,20.898620898984362,41,15.047007047268737
36,SIAgent4,FEMALE_OLD_HIGH_INCOME,9,8.551146882819191,10,8.359448359593744
36,SIAgent1,MALE_OLD,53,47.48672276928315,232,46.81291081372496
36,SIAgent2,MALE_OLD,53,52.437618373043655,53,51.94432380264755
36,SIAgent0,MALE_OLD,53,53.81860709755131,54,53.4270073989501
36,WFAgent0,MALE_OLD_HIGH_INCOME,17,15.47510477524323,17,15.2315903222229
36,WFAgent1,OLD_HIGH_INCOME,25,22.65025559396668,15,12.539172539390615
36,WFAgent2,YOUNG_LOW_INCOME,77,83.5803384893111,85,83.2792359674182
36,WFAgent3,YOUNG_LOW_INCOME,77,83.70271415630954,78,82.7209181767277
36,WFAgent4,FEMALE_YOUNG,45,35.273434135939304,82,29.721767764884248
36,WFAgent5,FEMALE_LOW_INCOME,88,79.55686878352537,0,0.0
37,WFAgent6,YOUNG_HIGH_INCOME,16,15.894594600301744,17,15.788915723005047
37,WFAgent7,FEMALE_OLD,57,59.554004598512634,64,58.86290089279285
37,WFAgent8,YOUNG_HIGH_INCOME,16,14.848762865859436,0,0.0
37,WFAgent9,FEMALE_YOUNG,45,43.75006092868562,46,43.71860772838686
37,SIAgent10,FEMALE_HIGH_INCOME,14,14.556328166381332,14,14.09473853440243
37,SIAgent11,FEMALE_OLD,57,63.8090086129046,65,63.546726268259256
37,SIAgent12,MALE_YOUNG,48,50.560901872472726,51,50.51011839799757
37,SIAgent13,FEMALE_LOW_INCOME,88,75.7577197528299,496,0.0
37,SIAgent14,MALE_YOUNG_HIGH_INCOME,11,11.841594539450092,11,11.586873345774999
37,SIAgent15,MALE_YOUNG,48,45.834634768557315,210,43.21731925409585
37,SIAgent16,FEMALE_YOUNG_HIGH_INCOME,6,5.340751408973953,5,0.0
37,SIAgent17,MALE_YOUNG_LOW_INCOME,37,36.222392231528566,37,35.97494365973166
37,WFAgent11,FEMALE_HIGH_INCOME,14,13.195821434110117,0,0.0
37,WFAgent10,YOUNG_HIGH_INCOME,16,15.644161654803234,16,15.27821158951911
37,SIAgent9,FEMALE_HIGH_INCOME,14,15.422901539047478,14,14.556328166381332
37,SIAgent7,MALE_OLD_HIGH_INCOME,17,15.448408709366328,98,0.0
37,SIAgent8,YOUNG_HIGH_INCOME,16,16.211460600418125,16,16.211460600418125
37,SIAgent5,MALE_YOUNG,48,46.67019718019243,48,45.834634768557294
37,SIAgent6,FEMALE_OLD_HIGH_INCOME,9,9.002860099353645,53,8.002542310536574
37,SIAgent3,FEMALE_YOUNG_LOW_INCOME,40,40.51227201868622,42,40.43244087839465
37,SIAgent4,YOUNG_LOW_INCOME,77,67.91618175436753,78,67.14888796273573
37,SIAgent1,MALE_LOW_INCOME,73,78.7909923846144,130,77.94805705339557
37,SIAgent2,FEMALE_LOW_INCOME,88,84.7155904118745,87,83.7529132481033
37,SIAgent0,MALE_HIGH_INCOME,27,25.087803085296343,27,24.944667309522867
37,WFAgent0,FEMALE_OLD_HIGH_INCOME,9,9.1309717277338,9,9.002860099353645
37,WFAgent1,MALE_YOUNG,48,42.33474641040065,0,0.0
37,WFAgent2,YOUNG_HIGH_INCOME,16,16.752478407879313,16,15.884096496907803
37,WFAgent3,MALE_HIGH_INCOME,27,26.084392387925323,28,26.016980977344367
37,WFAgent4,FEMALE_YOUNG_HIGH_INCOME,6,6.219480064039497,6,6.0083853569549355
37,WFAgent5,MALE_OLD_HIGH_INCOME,17,18.07387336691406,19,17.654379948912247
38,WFAgent6,MALE_OLD_LOW_INCOME,36,38.464505011686235,36,38.105521372912136
38,WFAgent7,MALE_HIGH_INCOME,27,30.194894352297275,28,29.923195495630885
38,WFAgent8,FEMALE_OLD_LOW_INCOME,49,43.50359570143136,0,0.0
38,WFAgent9,FEMALE_YOUNG_HIGH_INCOME,6,6.12207243262301,41,0.0
38,SIAgent10,OLD_HIGH_INCOME,25,21.531580251835404,117,0.0
38,SIAgent11,FEMALE_YOUNG_HIGH_INCOME,6,6.523998728512343,6,6.0311836636322935
38,SIAgent12,YOUNG_LOW_INCOME,77,85.56988116683831,89,85.46149976699611
38,SIAgent13,FEMALE_YOUNG_LOW_INCOME,40,35.54540331898324,353,0.0
38,SIAgent14,MALE_OLD_LOW_INCOME,36,35.95201786562186,37,35.08797413521868
38,SIAgent15,MALE_HIGH_INCOME,27,23.754949632268538,27,23.353849778842502
38,SIAgent16,OLD_LOW_INCOME,84,79.65918452319912,84,79.65918452319909
38,SIAgent17,MALE_OLD_LOW_INCOME,36,38.10552137291211,36,37.709258636077635
38,WFAgent11,MALE_YOUNG,48,50.044963461790545,53,49.99662377851792
38,WFAgent10,MALE_LOW_INCOME,73,75.05666001675839,75,74.90003722004558
38,SIAgent9,OLD_HIGH_INCOME,25,22.475607950686353,26,22.39284346190882
38,SIAgent7,MALE_HIGH_INCOME,27,28.77359368323461,29,27.956409053577048
38,SIAgent8,MALE_YOUNG,48,51.151787159124346,49,50.38049781946793
38,SIAgent5,FEMALE_OLD_LOW_INCOME,49,52.150123545041794,54,51.20947576491376
38,SIAgent6,MALE_OLD,53,59.361011891065324,55,58.49744754996936
38,SIAgent3,MALE_HIGH_INCOME,27,29.00015920838112,27,28.815550261965434
38,SIAgent4,MALE_OLD_LOW_INCOME,36,29.752222239222473,77,0.0
38,SIAgent1,FEMALE_OLD_LOW_INCOME,49,59.93870941267296,56,59.600141194333496
38,SIAgent2,MALE_YOUNG_HIGH_INCOME,11,9.573638417667839,49,0.0
38,SIAgent0,FEMALE_HIGH_INCOME,14,15.471651938417592,15,14.615217590759428
38,WFAgent0,MALE_YOUNG_HIGH_INCOME,11,11.783219299773677,11,11.722575204280764
38,WFAgent1,MALE_LOW_INCOME,73,68.86327426097756,0,0.0
38,WFAgent2,FEMALE_HIGH_INCOME,14,14.072761881808685,0,0.0
38,WFAgent3,OLD_LOW_INCOME,84,84.1577303614478,326,66.38265376933265
38,WFAgent4,MALE_OLD_LOW_INCOME,36,35.20632437027833,42,34.71092594575955
38,WFAgent5,MALE_YOUNG,48,49.156001786168396,202,0.0
39,WFAgent6,MALE_OLD_HIGH_INCOME,17,14.416179510503145,0,0.0
39,WFAgent7,OLD_LOW_INCOME,84,86.56572776588541,88,86.36027574012067
39,WFAgent8,FEMALE_OLD_HIGH_INCOME,9,10.421087534765379,9,9.828021887041514
39,WFAgent9,MALE_OLD_HIGH_INCOME,17,16.625196397173802,6,5.304545124779343
39,SIAgent10,MALE_OLD,53,46.63448790039309,98,0.0
39,SIAgent11,FEMALE_OLD_HIGH_INCOME,9,8.14792193257921,9,7.956817687169016
39,SIAgent12,OLD_HIGH_INCOME,25,27.49080464469162,25,26.769792901693172
39,SIAgent13,MALE_LOW_INCOME,73,68.94845242408931,76,68.93940306211374
39,SIAgent14,OLD_LOW_INCOME,84,82.43480866102436,142,82.25047155352979
39,SIAgent15,MALE_LOW_INCOME,73,74.53453604987489,77,74.09054441264949
39,SIAgent16,OLD_HIGH_INCOME,25,26.632457331598236,25,26.47153422745702
39,SIAgent17,MALE_LOW_INCOME,73,85.76568388556575,81,85.25177065986516
39,WFAgent11,OLD_LOW_INCOME,84,71.61132661431513,220,0.0
39,WFAgent10,FEMALE_YOUNG_HIGH_INCOME,6,4.731983969187876,0,0.0
39,SIAgent9,FEMALE_OLD,57,61.89990440729781,63,61.826106495768215
39,SIAgent7,FEMALE_YOUNG,45,44.675681596004665,425,43.8659104580021
39,SIAgent8,YOUNG_HIGH_INCOME,16,13.24253900618932,19,10.759562942528826
39,SIAgent5,MALE_YOUNG_HIGH_INCOME,11,8.936962821570285,0,0.0
39,SIAgent6,OLD_HIGH_INCOME,25,26.471534227457013,25,26.13082501506217
39,SIAgent3,OLD_HIGH_INCOME,25,22.102271353247264,26,3.536363416519562
39,SIAgent4,OLD_HIGH_INCOME,25,26.130825015062186,26,26.046491769036727
39,SIAgent1,MALE_LOW_INCOME,73,76.83184269345865,73,75.82811080388278
39,SIAgent2,MALE_LOW_INCOME,73,75.30533377806186,73,74.53453604987486
39,SIAgent0,OLD_HIGH_INCOME,25,25.04470362407377,26,24.845746399823074
39,WFAgent0,MALE_LOW_INCOME,73,80.11569401874999,77,80.03807478708603
39,WFAgent1,MALE_YOUNG,48,47.7149153553572,144,33.184091915188525
39,WFAgent2,MALE_YOUNG,48,49.770163664395284,60,49.65952127320992
39,WFAgent3,FEMALE_YOUNG_LOW_INCOME,40,37.79231821201265,37,0.0
39,WFAgent4,MALE_OLD,53,52.372806006635635,59,52.16136039366348
39,WFAgent5,MALE_YOUNG_HIGH_INCOME,11,11.579881562313465,11,10.934668102269361
40,WFAgent6,MALE_OLD,53,64.78495140020843,61,64.7123753469589
40,WFAgent7,FEMALE_LOW_INCOME,88,99.22059393101485,390,75.11196703513362
40,WFAgent8,FEMALE_YOUNG,45,44.75692425540735,50,43.96832107046032
40,WFAgent9,MALE_LOW_INCOME,73,72.22558838037071,129,61.16987386780233
40,SIAgent10,MALE_OLD,53,53.06157177670597,53,52.41845648856337
40,SIAgent11,MALE_OLD,53,54.893647610954616,54,54.13212612292225
40,SIAgent12,OLD_HIGH_INCOME,25,26.349102610654825,26,25.80365789212253
40,SIAgent13,MALE_HIGH_INCOME,27,24.516792366916093,63,0.0
40,SIAgent14,FEMALE_YOUNG,45,39.571488963414254,45,39.52968877222348
40,SIAgent15,YOUNG_LOW_INCOME,77,65.41778177528866,234,65.41778177528862
40,SIAgent16,FEMALE_OLD_HIGH_INCOME,9,8.10881372523897,32,0.0
40,SIAgent17,MALE_HIGH_INCOME,27,26.191960859407658,28,25.63085640715818
40,WFAgent11,MALE_HIGH_INCOME,27,30.282682112102588,29,30.218495848189068
40,WFAgent10,MALE_YOUNG,48,50.25611374865605,51,49.65207616531758
40,SIAgent9,FEMALE_LOW_INCOME,88,76.85875696618318,88,76.50155620576994
40,SIAgent7,FEMALE_OLD_HIGH_INCOME,9,9.566508541521973,9,9.485676939835736
40,SIAgent8,MALE_HIGH_INCOME,27,27.343633519782646,27,27.147021111804914
40,SIAgent5,FEMALE_HIGH_INCOME,14,12.719886232746813,14,12.719886232746811
40,SIAgent6,MALE_YOUNG,48,52.66270260409373,53,52.6516101941799
40,SIAgent3,MALE_OLD_LOW_INCOME,36,38.73846670314166,36,38.73846670314164
40,SIAgent4,MALE_OLD,53,48.51554962783513,53,48.37574037165417
40,SIAgent1,MALE_YOUNG_HIGH_INCOME,11,12.387483234324678,11,12.068536013438147
40,SIAgent2,MALE_OLD,53,52.41845648856333,56,52.41009562182036
40,SIAgent0,YOUNG_HIGH_INCOME,16,17.541099920682598,18,17.395778092706035
40,WFAgent0,FEMALE_HIGH_INCOME,14,12.332554615813043,0,0.0
40,WFAgent1,OLD_HIGH_INCOME,25,23.8582106215962,26,23.49371786872514
40,WFAgent2,FEMALE_YOUNG_LOW_INCOME,40,36.75383678306643,41,36.05402327777744
40,WFAgent3,MALE_YOUNG_LOW_INCOME,37,30.666514106396832,0,0.0
40,WFAgent4,MALE_OLD,53,49.0398630431778,139,42.107835526045584
40,WFAgent5,YOUNG_LOW_INCOME,77,79.46820452523687,93,79.0110870792448
41,WFAgent6,FEMALE_HIGH_INCOME,14,15.653684652745756,15,14.783076105897198
41,WFAgent7,FEMALE_YOUNG,45,43.89917015018644,47,43.79001398856671
41,WFAgent8,YOUNG_LOW_INCOME,77,75.84655048091926,80,75.84625009843344
41,WFAgent9,FEMALE_YOUNG_HIGH_INCOME,6,6.2372670073072625,40,0.0
41,SIAgent10,FEMALE_YOUNG_LOW_INCOME,40,37.26809701154613,41,37.0188570673834
41,SIAgent11,MALE_YOUNG_LOW_INCOME,37,36.300490441085465,39,35.60175421141945
41,SIAgent12,MALE_OLD_LOW_INCOME,36,39.97562649133829,343,0.0
41,SIAgent13,YOUNG_LOW_INCOME,77,79.40081739826753,78,79.20603454386423
41,SIAgent14,FEMALE_LOW_INCOME,88,75.49463039341892,191,49.23052589468288
41,SIAgent15,FEMALE_OLD_LOW_INCOME,49,56.79354797744153,56,56.22841556532072
41,SIAgent16,FEMALE_LOW_INCOME,88,78.04851768308217,89,77.53791621408452
41,SIAgent17,MALE_YOUNG,48,49.14286134858692,50,49.014580875324256
41,WFAgent11,FEMALE_LOW_INCOME,88,83.43087510827672,91,82.65933917805286
41,WFAgent10,OLD_HIGH_INCOME,25,26.468886446658978,28,25.743654997311822
41,SIAgent9,FEMALE_OLD,57,49.65911487868337,82,48.89993105028274
41,SIAgent7,MALE_YOUNG_LOW_INCOME,37,33.776023226218435,36,32.86315773361796
41,SIAgent8,MALE_HIGH_INCOME,27,29.761391901115022,28,29.016127584383685
41,SIAgent5,FEMALE_LOW_INCOME,88,88.35893874550403,92,87.46890303457644
41,SIAgent6,FEMALE_YOUNG_LOW_INCOME,40,39.89298301606142,40,39.021484577943504
41,SIAgent3,MALE_YOUNG_HIGH_INCOME,11,10.736850785390118,63,0.0
41,SIAgent4,FEMALE_YOUNG_HIGH_INCOME,6,6.303280854196662,5,5.252734045163885
41,SIAgent1,MALE_OLD_HIGH_INCOME,17,19.060183204728304,17,18.73865415996131
41,SIAgent2,YOUNG_LOW_INCOME,77,58.31923836754736,166,0.0
41,SIAgent0,FEMALE_OLD,57,52.406726244527675,56,51.48730999462369
41,WFAgent0,MALE_YOUNG_LOW_INCOME,37,34.25165050264546,38,33.60057921311977
41,WFAgent1,MALE_HIGH_INCOME,27,28.552052378074535,0,0.0
41,WFAgent2,MALE_OLD_HIGH_INCOME,17,18.454791164285396,124,0.0
41,WFAgent3,MALE_YOUNG_HIGH_INCOME,11,10.526522867113966,0,0.0
41,WFAgent4,FEMALE_YOUNG_LOW_INCOME,40,37.28452319169856,40,37.268097011546125
41,WFAgent5,FEMALE_OLD_HIGH_INCOME,9,9.288583311894804,10,9.194162499039942
42,WFAgent6,MALE_YOUNG_LOW_INCOME,37,46.87322126421183,39,45.99478874919043
42,WFAgent7,FEMALE_YOUNG_HIGH_INCOME,6,6.284657381229852,6,5.71699413240528
42,WFAgent8,YOUNG_HIGH_INCOME,16,17.872593921118995,18,17.44367714710369
42,WFAgent9,FEMALE_YOUNG_HIGH_INCOME,6,5.814559049034564,6,5.667644328794334
42,SIAgent10,OLD_HIGH_INCOME,25,22.09234892982858,176,0.0
42,SIAgent11,FEMALE_YOUNG_LOW_INCOME,40,42.425899592099086,40,42.425899592099086
42,SIAgent12,MALE_YOUNG,48,48.28087085458956,52,47.62589529734053
42,SIAgent13,YOUNG_LOW_INCOME,77,76.39987370615047,87,75.74081413863296
42,SIAgent14,MALE_OLD_LOW_INCOME,36,42.51204448631802,38,41.81930828426138
42,SIAgent15,FEMALE_YOUNG_HIGH_INCOME,6,5.389729051452531,5,0.0
42,SIAgent16,FEMALE_HIGH_INCOME,14,12.819336369843473,14,12.371715400704007
42,SIAgent17,FEMALE_YOUNG_HIGH_INCOME,6,5.530334545801152,6,5.389729051452531
42,WFAgent11,FEMALE_LOW_INCOME,88,81.38359892941251,185,42.22175425742132
42,WFAgent10,MALE_LOW_INCOME,73,70.80949549989519,296,0.0
42,SIAgent9,FEMALE_OLD_LOW_INCOME,49,52.40549878376714,55,51.806243618711186
42,SIAgent7,FEMALE_YOUNG_LOW_INCOME,40,28.624918140624644,39,27.909295187109038
42,SIAgent8,FEMALE_HIGH_INCOME,14,13.33965297561232,14,12.819336369843477
42,SIAgent5,MALE_YOUNG_HIGH_INCOME,11,11.59779138611005,11,11.064366237510107
42,SIAgent6,MALE_YOUNG_HIGH_INCOME,11,13.695035470397961,11,12.972889134387055
42,SIAgent3,MALE_YOUNG,48,56.60897076823441,49,56.06622241456037
42,SIAgent4,FEMALE_OLD_LOW_INCOME,49,43.013755221703505,317,0.0
42,SIAgent1,MALE_OLD_LOW_INCOME,36,39.61829205877396,41,39.14197584477156
42,SIAgent2,FEMALE_LOW_INCOME,88,82.88998978993796,94,82.51618348653314
42,SIAgent0,FEMALE_YOUNG_HIGH_INCOME,6,5.667644328794334,6,5.530334545801152
42,WFAgent0,MALE_YOUNG_LOW_INCOME,37,36.46009588125676,192,0.0
42,WFAgent1,MALE_LOW_INCOME,73,69.69181065044695,0,0.0
42,WFAgent2,FEMALE_LOW_INCOME,88,102.68652045858381,99,101.85579995281614
42,WFAgent3,OLD_HIGH_INCOME,25,24.849477916479774,28,24.743430801408
42,WFAgent4,MALE_HIGH_INCOME,27,25.202580364124962,61,0.0
42,WFAgent5,FEMALE_HIGH_INCOME,14,14.72707659348546,15,14.292485331013197
43,WFAgent6,FEMALE_YOUNG_HIGH_INCOME,6,5.881159420280616,6,5.263767966883188
43,WFAgent7,FEMALE_YOUNG_LOW_INCOME,40,38.102863055581324,40,37.218667705522506
43,WFAgent8,MALE_YOUNG,48,41.122056955216046,58,0.0
43,WFAgent9,MALE_YOUNG_LOW_INCOME,37,38.018017345221935,39,37.36170391444912
43,SIAgent10,FEMALE_OLD_LOW_INCOME,49,54.4133779547607,50,54.16780057872535
43,SIAgent11,MALE_YOUNG_HIGH_INCOME,11,11.22044685345542,11,10.537916488690783
43,SIAgent12,MALE_HIGH_INCOME,27,28.85631931575163,27,28.756800721198104
43,SIAgent13,FEMALE_YOUNG_HIGH_INCOME,6,4.814025554452183,0,0.0
43,SIAgent14,OLD_HIGH_INCOME,25,20.23179486165447,110,18.613251272722106
43,SIAgent15,MALE_YOUNG,48,45.98363558701432,58,45.42238467264014
43,SIAgent16,FEMALE_YOUNG,45,44.022609932640194,47,43.86939465616389
43,SIAgent17,MALE_OLD_LOW_INCOME,36,40.08045735564404,348,0.0
43,WFAgent11,FEMALE_OLD_HIGH_INCOME,9,9.593134770159544,11,8.901989739127966
43,WFAgent10,MALE_YOUNG_LOW_INCOME,37,32.961558893315576,203,0.0
43,SIAgent9,FEMALE_OLD_HIGH_INCOME,9,10.514161689706453,9,9.750204104170557
43,SIAgent7,YOUNG_LOW_INCOME,77,80.64694953186554,82,80.03638778551486
43,SIAgent8,FEMALE_YOUNG_LOW_INCOME,40,35.428381768556974,40,35.0917864458879
43,SIAgent5,MALE_YOUNG_LOW_INCOME,37,45.473605509636315,43,45.03660818013273
43,SIAgent6,MALE_YOUNG_HIGH_INCOME,11,11.787670208686139,11,11.756278239750664
43,SIAgent3,MALE_OLD_HIGH_INCOME,17,17.870037717825763,22,17.80397947825593
43,SIAgent4,FEMALE_YOUNG,45,39.47825975162391,214,30.488828511530507
43,SIAgent1,FEMALE_YOUNG_LOW_INCOME,40,37.21866770552249,42,37.199800856984815
43,SIAgent2,YOUNG_HIGH_INCOME,16,16.96734961659625,17,16.71428455696287
43,SIAgent0,FEMALE_OLD,57,61.75129265974685,61,61.44067157807846
43,WFAgent0,FEMALE_LOW_INCOME,88,94.91038461572094,101,94.27252894196933
43,WFAgent1,FEMALE_LOW_INCOME,88,82.13844105834939,236,0.0
43,WFAgent2,FEMALE_OLD_LOW_INCOME,49,49.66848814392904,56,49.00315579680485
43,WFAgent3,OLD_HIGH_INCOME,25,23.709698929400112,29,23.46888203951917
43,WFAgent4,MALE_HIGH_INCOME,27,31.17070882425632,29,30.78293791465746
43,WFAgent5,FEMALE_OLD,57,49.87821215031919,0,0.0
44,WFAgent6,OLD_HIGH_INCOME,25,24.247034445265484,12,11.303965308493998
44,WFAgent7,OLD_HIGH_INCOME,25,22.286608623519307,11,9.764479330166187
44,WFAgent8,MALE_OLD,53,59.847116459477284,60,58.91790385885428
44,WFAgent9,MALE_OLD,53,57.27774790873705,60,57.23924973738533
44,SIAgent10,OLD_LOW_INCOME,84,91.39199274391257,102,91.11671838178066
44,SIAgent11,MALE_YOUNG,48,46.847064295667586,48,46.37514253346371
44,SIAgent12,MALE_YOUNG,48,46.30772513886315,328,45.505023941793404
44,SIAgent13,YOUNG_LOW_INCOME,77,87.90245028559056,91,87.26684183457974
44,SIAgent14,MALE_OLD,53,46.310989318365785,53,46.310989318365785
44,SIAgent15,FEMALE_YOUNG_HIGH_INCOME,6,5.903405545727839,6,5.68330319953533
44,SIAgent16,FEMALE_HIGH_INCOME,14,14.045392737187747,14,13.26104079891577
44,SIAgent17,FEMALE_OLD_HIGH_INCOME,9,10.099233170406618,10,10.032423383705533
44,WFAgent11,YOUNG_HIGH_INCOME,16,17.983093748629038,17,17.31472384708513
44,WFAgent10,MALE_YOUNG_HIGH_INCOME,11,11.122249580383217,11,10.735785567757155
44,SIAgent9,FEMALE_HIGH_INCOME,14,13.261040798915769,14,12.963089750009805
44,SIAgent7,FEMALE_HIGH_INCOME,14,12.427519147484237,22,4.438399695530085
44,SIAgent8,MALE_OLD_HIGH_INCOME,17,16.013950853699832,9,8.4779739813705
44,SIAgent5,MALE_HIGH_INCOME,27,23.627608585161944,7,0.0
44,SIAgent6,MALE_OLD_HIGH_INCOME,17,16.693406093342045,17,16.693406093342045
44,SIAgent3,FEMALE_YOUNG_HIGH_INCOME,6,6.191903084516707,6,6.191903084516707
44,SIAgent4,OLD_HIGH_INCOME,25,23.148374553588948,26,23.079678416756447
44,SIAgent1,FEMALE_LOW_INCOME,88,79.96585793839658,204,79.96585793839655
44,SIAgent2,FEMALE_YOUNG_LOW_INCOME,40,49.0328167642611,42,47.94679106486761
44,SIAgent0,FEMALE_YOUNG_HIGH_INCOME,6,6.077402304993936,6,5.903405545727839
44,WFAgent0,YOUNG_LOW_INCOME,77,70.68161145733252,13,0.0
44,WFAgent1,MALE_YOUNG_HIGH_INCOME,11,11.913465993043754,11,11.035502620344804
44,WFAgent2,MALE_LOW_INCOME,73,73.28635088246682,266,54.17511957997507
44,WFAgent3,FEMALE_YOUNG_HIGH_INCOME,6,5.7495665285615525,6,5.326079634636102
44,WFAgent4,FEMALE_LOW_INCOME,88,92.5453371377278,322,61.791799316033696
44,WFAgent5,MALE_YOUNG_HIGH_INCOME,11,11.035502620344802,11,10.634659475856324
45,WFAgent6,OLD_LOW_INCOME,84,84.57019455564604,250,69.81423662707239
45,WFAgent7,FEMALE_OLD,57,60.85380276415873,61,60.42252216243325
45,WFAgent8,MALE_LOW_INCOME,73,79.92262052248591,81,79.27141618580353
45,WFAgent9,MALE_OLD,53,55.50846945489609,57,55.323048415147035
45,SIAgent10,OLD_LOW_INCOME,84,87.410799658076,85,86.94629249794504
45,SIAgent11,OLD_LOW_INCOME,84,80.3341900914257,83,79.37783068557546
45,SIAgent12,YOUNG_LOW_INCOME,77,83.1998851746307,82,82.23221127763246
45,SIAgent13,YOUNG_HIGH_INCOME,16,15.098211709392672,32,14.87756017810552
45,SIAgent14,MALE_OLD,53,39.25348862435605,185,0.0
45,SIAgent15,FEMALE_OLD,57,58.30516085156314,60,57.98040772755982
45,SIAgent16,FEMALE_YOUNG_HIGH_INCOME,6,6.588155441822835,6,6.565450340383329
45,SIAgent17,FEMALE_YOUNG_HIGH_INCOME,6,6.565450340383329,6,6.4095124483691475
45,WFAgent11,MALE_LOW_INCOME,73,80.41835760006448,76,79.59705053909629
45,WFAgent10,FEMALE_YOUNG_HIGH_INCOME,6,6.409512448369148,0,0.0
45,SIAgent9,FEMALE_OLD_HIGH_INCOME,9,8.828034192620875,0,0.0
45,SIAgent7,MALE_YOUNG_HIGH_INCOME,11,10.824196694071981,11,10.77342959197215
45,SIAgent8,FEMALE_YOUNG_LOW_INCOME,40,42.96995867441955,46,42.16435156163016
45,SIAgent5,FEMALE_YOUNG_LOW_INCOME,40,44.750598141471556,41,44.30123756051765
45,SIAgent6,MALE_OLD_LOW_INCOME,36,35.23174052702377,40,34.58700796878445
45,SIAgent3,MALE_OLD_HIGH_INCOME,17,16.96751378603046,17,16.967513786030455
45,SIAgent4,MALE_YOUNG,48,45.65152478080733,55,45.524045066570544
45,SIAgent1,MALE_YOUNG,48,47.011329128605745,49,46.6025982137408
45,SIAgent2,YOUNG_LOW_INCOME,77,61.24255218391868,316,50.1075426959335
45,SIAgent0,MALE_OLD_HIGH_INCOME,17,16.183500175847023,21,15.553269077575035
45,WFAgent0,FEMALE_LOW_INCOME,88,83.63426377674004,105,83.51257115988919
45,WFAgent1,FEMALE_YOUNG,45,49.07788018799406,45,48.14267226287936
45,WFAgent2,YOUNG_HIGH_INCOME,16,14.958921723820096,51,0.0
45,WFAgent3,MALE_YOUNG,48,39.673493808281385,49,38.972533207948274
45,WFAgent4,FEMALE_LOW_INCOME,88,80.66223777007514,0,0.0
45,WFAgent5,MALE_LOW_INCOME,73,83.13005333131332,75,82.1122813587184
46,WFAgent6,OLD_HIGH_INCOME,25,24.130446378608752,25,24.045430227366953
46,WFAgent7,YOUNG_HIGH_INCOME,16,18.022230919783237,19,17.884377656189855
46,WFAgent8,OLD_LOW_INCOME,84,80.82714154761379,87,80.67941960371346
46,WFAgent9,FEMALE_LOW_INCOME,88,91.03957464853171,94,90.44942030328198
46,SIAgent10,MALE_HIGH_INCOME,27,25.11991516575747,27,24.526278933417736
46,SIAgent11,OLD_HIGH_INCOME,25,24.104204437916962,25,23.898494700991932
46,SIAgent12,FEMALE_OLD_HIGH_INCOME,9,8.7559960835015,9,8.7067796178223
46,SIAgent13,MALE_LOW_INCOME,73,81.89933156755644,78,81.80543289040557
46,SIAgent14,MALE_OLD,53,49.49109215441559,53,49.49109215441556
46,SIAgent15,FEMALE_OLD_HIGH_INCOME,9,8.919585064775871,9,8.7559960835015
46,SIAgent16,YOUNG_HIGH_INCOME,16,14.203158168235374,94,0.0
46,SIAgent17,OLD_LOW_INCOME,84,75.66831765568132,248,0.0
46,WFAgent11,FEMALE_OLD_HIGH_INCOME,9,8.424514176068039,7,6.3898404086365845
46,WFAgent10,MALE_YOUNG,48,37.61671953536167,0,0.0
46,SIAgent9,MALE_OLD_HIGH_INCOME,17,14.408679050769056,3,0.0
46,SIAgent7,OLD_HIGH_INCOME,25,23.736865621979405,27,23.589611736874375
46,SIAgent8,FEMALE_OLD_LOW_INCOME,49,46.5421919229442,49,45.86428093731722
46,SIAgent5,FEMALE_OLD_HIGH_INCOME,9,8.215509096818465,4,3.651337376363762
46,SIAgent6,MALE_YOUNG_HIGH_INCOME,11,10.396996904158007,11,10.396996904158007
46,SIAgent3,MALE_YOUNG_HIGH_INCOME,11,9.992187713614634,11,9.76467124066182
46,SIAgent4,FEMALE_HIGH_INCOME,14,13.543879405501354,14,12.580704981209886
46,SIAgent1,YOUNG_LOW_INCOME,77,77.94148484687081,104,77.68847587341484
46,SIAgent2,FEMALE_LOW_INCOME,88,82.36850454048803,306,82.03758286626773
46,SIAgent0,MALE_OLD_HIGH_INCOME,17,14.61980562900213,17,14.408679050769056
46,WFAgent0,FEMALE_OLD,57,57.66988771511205,60,56.990439089319416
46,WFAgent1,FEMALE_OLD,57,54.06381861658804,57,53.35232680463433
46,WFAgent2,MALE_LOW_INCOME,73,84.64311770021223,86,84.06858967732862
46,WFAgent3,MALE_OLD_HIGH_INCOME,17,16.902886375674047,17,16.39085901778353
46,WFAgent4,FEMALE_OLD_HIGH_INCOME,9,8.166575934051007,0,0.0
46,WFAgent5,MALE_OLD,53,64.3775503198622,66,63.704378439527176
47,WFAgent6,YOUNG_LOW_INCOME,77,70.98071788126113,220,0.0
47,WFAgent7,FEMALE_LOW_INCOME,88,90.52143206399626,95,90.37825311554207
47,WFAgent8,FEMALE_OLD_HIGH_INCOME,9,9.074884444289655,9,8.75060108700145
47,WFAgent9,FEMALE_OLD_LOW_INCOME,49,41.48477996041106,54,41.302509837518244
47,SIAgent10,YOUNG_LOW_INCOME,77,84.9072887988232,78,83.8787201722483
47,SIAgent11,MALE_LOW_INCOME,73,76.1460358202676,74,75.78587228622489
47,SIAgent12,FEMALE_YOUNG_LOW_INCOME,40,37.64702233744392,49,37.47820337108137
47,SIAgent13,YOUNG_HIGH_INCOME,16,14.759724911395205,15,13.837242104433008
47,SIAgent14,MALE_OLD_HIGH_INCOME,17,16.683425944623217,96,0.0
47,SIAgent15,MALE_OLD_LOW_INCOME,36,34.13110674829707,231,0.0
47,SIAgent16,MALE_OLD_HIGH_INCOME,17,16.999462863607143,17,16.68342594462322
47,SIAgent17,MALE_OLD_LOW_INCOME,36,35.53077544177906,37,35.0791930468609
47,WFAgent11,MALE_LOW_INCOME,73,83.55894818122772,78,83.51680797979408
47,WFAgent10,OLD_LOW_INCOME,84,79.65724505185293,94,79.58304727099264
47,SIAgent9,YOUNG_LOW_INCOME,77,81.81092893004805,99,81.20317636255565
47,SIAgent7,FEMALE_YOUNG_HIGH_INCOME,6,6.2878703293873945,6,5.534896841773202
47,SIAgent8,FEMALE_OLD,57,60.488620140967704,61,59.73973904156301
47,SIAgent5,MALE_YOUNG_HIGH_INCOME,11,12.965676248360525,14,12.914759297470807
47,SIAgent6,FEMALE_YOUNG_LOW_INCOME,40,39.134060897617175,40,39.13406089761717
47,SIAgent3,MALE_YOUNG_HIGH_INCOME,11,8.419467098941684,55,0.0
47,SIAgent4,FEMALE_OLD,57,55.09894910828744,64,54.306634497269954
47,SIAgent1,FEMALE_OLD,57,55.82237910441134,57,55.162407879877264
47,SIAgent2,FEMALE_LOW_INCOME,88,67.30779380928902,136,56.599735703265736
47,SIAgent0,FEMALE_OLD_LOW_INCOME,49,53.68050493854701,50,53.060193106112045
47,WFAgent0,MALE_HIGH_INCOME,27,27.623448894220857,33,27.300398488584385
47,WFAgent1,FEMALE_YOUNG,45,46.74624741600613,25,0.9224828069622003
47,WFAgent2,MALE_HIGH_INCOME,27,24.21127579175269,0,0.0
47,WFAgent3,MALE_OLD,53,60.96210427185146,60,59.99810422449584
47,WFAgent4,MALE_OLD_LOW_INCOME,36,40.60864963385409,38,39.637662481783146
47,WFAgent5,FEMALE_OLD,57,51.59130277240651,67,51.245706650254114
48,WFAgent6,OLD_HIGH_INCOME,25,26.840526162049397,28,26.13029357320442
48,WFAgent7,MALE_OLD,53,49.389220097872716,58,48.67772288462108
48,WFAgent8,OLD_LOW_INCOME,84,85.28214342387368,86,84.46320763176391
48,WFAgent9,MALE_OLD_LOW_INCOME,36,41.44528534366176,37,41.2299908566272
48,SIAgent10,FEMALE_HIGH_INCOME,14,13.065146786602217,14,12.353280780148797
48,SIAgent11,FEMALE_OLD_LOW_INCOME,49,43.96392830218632,52,43.64209637931544
48,SIAgent12,OLD_LOW_INCOME,84,78.76322510949402,87,78.03128247287745
48,SIAgent13,FEMALE_YOUNG,45,53.536492508555185,49,52.508606636394155
48,SIAgent14,MALE_OLD,53,47.45014866020942,53,47.00334751302362
48,SIAgent15,MALE_YOUNG,48,46.91311077491699,48,46.77954809080805
48,SIAgent16,OLD_HIGH_INCOME,25,22.171390336331886,132,0.0
48,SIAgent17,OLD_LOW_INCOME,84,70.49877107427872,80,44.648764015806584
48,WFAgent11,MALE_YOUNG_LOW_INCOME,37,34.509837600179836,86,0.0
48,WFAgent10,OLD_HIGH_INCOME,25,24.030358990410388,26,23.277431418215933
48,SIAgent9,OLD_LOW_INCOME,84,83.77889793513118,85,83.10840128764258
48,SIAgent7,FEMALE_YOUNG_HIGH_INCOME,6,5.083284317893039,3,0.0
48,SIAgent8,OLD_LOW_INCOME,84,94.79404970351995,86,93.82861706357411
48,SIAgent5,FEMALE_OLD_LOW_INCOME,49,46.31710631041727,49,46.241210052618804
48,SIAgent6,MALE_LOW_INCOME,73,69.72200998019377,247,69.38665069169716
48,SIAgent3,MALE_YOUNG_HIGH_INCOME,11,11.121845558555373,12,10.75238210699748
48,SIAgent4,FEMALE_OLD_LOW_INCOME,49,39.067668513830746,0,0.0
48,SIAgent1,YOUNG_HIGH_INCOME,16,14.022495660060262,50,13.555424847714768
48,SIAgent2,YOUNG_HIGH_INCOME,16,15.906578555678546,17,15.864821098016971
48,SIAgent0,FEMALE_LOW_INCOME,88,95.0756016754893,92,94.77221231979529
48,WFAgent0,YOUNG_LOW_INCOME,77,82.25027475918694,0,0.0
48,WFAgent1,MALE_YOUNG,48,52.210547879453145,51,51.564920316938526
48,WFAgent2,FEMALE_YOUNG_LOW_INCOME,40,44.69264789777151,316,22.68849585437812
48,WFAgent3,FEMALE_OLD_LOW_INCOME,49,49.9759113874075,50,49.86839162805421
48,WFAgent4,FEMALE_OLD_LOW_INCOME,49,48.60648928925998,51,48.20760044553631
48,WFAgent5,MALE_YOUNG,48,48.84684406464361,49,47.89046724939448
49,WFAgent6,FEMALE_YOUNG_LOW_INCOME,40,38.49519356749024,44,38.374943806150824
49,WFAgent7,OLD_HIGH_INCOME,25,25.601208695759034,26,25.558081123863975
49,WFAgent8,OLD_HIGH_INCOME,25,23.15639147837551,0,0.0
49,WFAgent9,MALE_LOW_INCOME,73,79.10317827476203,256,0.0
49,SIAgent10,YOUNG_HIGH_INCOME,16,18.269405579632945,16,17.776147451470518
49,SIAgent11,FEMALE_LOW_INCOME,88,76.76869171160146,88,76.76063281190153
49,SIAgent12,FEMALE_OLD_HIGH_INCOME,9,10.805120805644803,10,10.240483478303616
49,SIAgent13,FEMALE_YOUNG,45,50.78990992648178,50,50.415376679016454
49,SIAgent14,FEMALE_OLD_LOW_INCOME,49,51.082577998884425,55,50.191736063087056
49,SIAgent15,MALE_HIGH_INCOME,27,31.16847299460416,30,30.934742274171178
49,SIAgent16,MALE_OLD_LOW_INCOME,36,44.12971004676655,37,43.40578934272478
49,SIAgent17,MALE_YOUNG_HIGH_INCOME,11,12.710823834776402,11,12.69826677557947
49,WFAgent11,MALE_YOUNG,48,49.59993192613936,60,0.0
49,WFAgent10,MALE_YOUNG_HIGH_INCOME,11,10.451566760507777,11,9.889185021986403
49,SIAgent9,FEMALE_LOW_INCOME,88,76.650494516003,438,0.0
49,SIAgent7,FEMALE_YOUNG_HIGH_INCOME,6,6.348257206613063,6,6.049845201481978
49,SIAgent8,YOUNG_HIGH_INCOME,16,14.384269122889313,52,3.596067280722328
49,SIAgent5,OLD_HIGH_INCOME,25,24.34746675452923,120,0.0
49,SIAgent6,MALE_LOW_INCOME,73,85.63844924375428,74,84.62514281164574
49,SIAgent3,OLD_HIGH_INCOME,25,25.087203314384194,25,24.495414066500214
49,SIAgent4,MALE_YOUNG,48,50.81038247400627,241,50.31492809904843
49,SIAgent1,MALE_LOW_INCOME,73,83.48155980067756,154,82.5668715202602
49,SIAgent2,MALE_YOUNG_HIGH_INCOME,11,12.532394075885058,11,11.64404598362644
49,SIAgent0,FEMALE_YOUNG,45,45.37383901111484,52,45.363317829582634
49,WFAgent0,FEMALE_YOUNG_HIGH_INCOME,6,5.679963665166263,0,0.0
49,WFAgent1,FEMALE_OLD,57,56.904541552319095,65,56.704147286978284
49,WFAgent2,FEMALE_YOUNG_HIGH_INCOME,6,5.671819116961579,0,0.0
49,WFAgent3,FEMALE_OLD_LOW_INCOME,49,44.71627394711391,51,44.49094633285989
49,WFAgent4,MALE_YOUNG_HIGH_INCOME,11,10.442720926217612,2,1.798033640361164
49,WFAgent5,FEMALE_HIGH_INCOME,14,15.324129811657603,15,15.05232198863052
50,WFAgent6,MALE_YOUNG_HIGH_INCOME,11,11.669340483952077,11,11.23501700853548
50,WFAgent7,FEMALE_OLD_HIGH_INCOME,9,8.873509317158215,9,8.740517511310859
50,WFAgent8,MALE_YOUNG,48,47.21186961926356,259,29.24176029230169
50,WFAgent9,MALE_HIGH_INCOME,27,17.087269469254878,0,0.0
50,SIAgent10,FEMALE_YOUNG_HIGH_INCOME,6,5.147562565441584,2,0.0
50,SIAgent11,OLD_LOW_INCOME,84,74.58613742928253,83,73.6982072217911
50,SIAgent12,FEMALE_OLD_HIGH_INCOME,9,8.318178748020465,0,0.0
50,SIAgent13,FEMALE_HIGH_INCOME,14,13.14463461074266,15,12.868906413603957
50,SIAgent14,MALE_OLD_HIGH_INCOME,17,17.313064075866702,17,16.50986641025384
50,SIAgent15,MALE_OLD_HIGH_INCOME,17,18.91668503184932,18,18.33147960974121
50,SIAgent16,FEMALE_HIGH_INCOME,14,13.87883566875142,14,13.878835668751417
50,SIAgent17,FEMALE_OLD_HIGH_INCOME,9,8.503050205336086,1,0.924242083113385
50,WFAgent11,MALE_LOW_INCOME,73,75.60238848111324,90,75.19309789448998
50,WFAgent10,YOUNG_HIGH_INCOME,16,16.55019993725791,17,16.066227892760196
50,SIAgent9,MALE_OLD_LOW_INCOME,36,40.285108581113924,37,40.169150919349164
50,SIAgent7,MALE_YOUNG,48,40.10298554372802,48,40.102985543728
50,SIAgent8,MALE_YOUNG_HIGH_INCOME,11,11.23501700853548,11,11.059364611334143
50,SIAgent5,OLD_LOW_INCOME,84,84.17507339140612,94,83.4654395041972
50,SIAgent6,FEMALE_YOUNG_LOW_INCOME,40,36.40065726948187,364,0.0
50,SIAgent3,OLD_HIGH_INCOME,25,24.279215309196832,154,23.988977490783228
50,SIAgent4,MALE_OLD_LOW_INCOME,36,39.08349819179921,41,39.03068049677887
50,SIAgent1,FEMALE_OLD_HIGH_INCOME,9,9.7528990265969,9,8.922108644197342
50,SIAgent2,MALE_YOUNG_HIGH_INCOME,11,11.059364611334141,11,10.707723364442025
50,SIAgent0,MALE_YOUNG_HIGH_INCOME,11,10.707723364442023,12,10.025746385932008
50,WFAgent0,FEMALE_LOW_INCOME,88,81.19697753572193,332,59.49132390192769
50,WFAgent1,FEMALE_HIGH_INCOME,14,15.163710077010784,15,14.789473903490464
50,WFAgent2,YOUNG_HIGH_INCOME,16,16.75538905090912,16,15.861526478573047
50,WFAgent3,MALE_YOUNG_HIGH_INCOME,11,10.705578601977017,70,5.012873192966003
50,WFAgent4,MALE_OLD_LOW_INCOME,36,32.003922779977,204,23.086185394777925
50,WFAgent5,FEMALE_YOUNG_LOW_INCOME,40,42.29078255776842,46,41.860755859904195
51,WFAgent6,FEMALE_HIGH_INCOME,14,14.626923793979895,14,14.475920691050568
51,WFAgent7,FEMALE_OLD_LOW_INCOME,49,47.484688952544474,50,47.24707567368427
51,WFAgent8,FEMALE_YOUNG_LOW_INCOME,40,40.544041837421446,244,37.50332143984859
51,WFAgent9,OLD_LOW_INCOME,84,83.79277669335809,88,83.09878764774191
51,SIAgent10,YOUNG_LOW_INCOME,77,80.88496439916929,78,80.10981988633922
51,SIAgent11,FEMALE_YOUNG_LOW_INCOME,40,40.94428179722255,43,40.31607054783723
51,SIAgent12,FEMALE_OLD,57,64.41670696517897,58,63.6701422657131
51,SIAgent13,OLD_HIGH_INCOME,25,24.802792078983003,29,24.797197003552423
51,SIAgent14,MALE_LOW_INCOME,73,69.72520095647033,73,69.07116895238349
51,SIAgent15,FEMALE_HIGH_INCOME,14,14.583071877347999,13,13.54142388610886
51,SIAgent16,FEMALE_OLD,57,54.53982066470616,57,54.53982066470613
51,SIAgent17,YOUNG_HIGH_INCOME,16,15.576431207464209,16,15.102626440570901
51,WFAgent11,MALE_YOUNG_HIGH_INCOME,11,12.937515798395683,13,12.655850356064667
51,WFAgent10,MALE_YOUNG_LOW_INCOME,37,40.005574116892014,38,39.91725515803164
51,SIAgent9,MALE_OLD_HIGH_INCOME,17,18.519234040860788,18,17.858010296867768
51,SIAgent7,MALE_HIGH_INCOME,27,23.087045486066057,41,23.08704548606605
51,SIAgent8,MALE_YOUNG_LOW_INCOME,37,33.91668892714056,187,0.0
51,SIAgent5,OLD_LOW_INCOME,84,77.87600899170229,367,0.0
51,SIAgent6,FEMALE_OLD,57,62.57238119216632,62,61.86510974775046
51,SIAgent3,MALE_LOW_INCOME,73,73.85735169875498,77,73.54575991298917
51,SIAgent4,FEMALE_OLD_HIGH_INCOME,9,9.023560611429064,41,0.0
51,SIAgent1,FEMALE_OLD,57,56.298706386385874,58,55.49665962373606
51,SIAgent2,FEMALE_YOUNG_LOW_INCOME,40,37.50332143984859,40,37.50332143984859
51,SIAgent0,MALE_YOUNG_LOW_INCOME,37,36.49354806684041,38,36.295310086929746
51,WFAgent0,MALE_OLD_HIGH_INCOME,17,14.946846528595934,86,14.536287898634182
51,WFAgent1,MALE_YOUNG,48,50.99362636217353,49,50.19483527571
51,WFAgent2,FEMALE_HIGH_INCOME,14,13.651081422046916,19,0.0
51,WFAgent3,FEMALE_HIGH_INCOME,14,14.949094129584347,14,14.583071877348003
51,WFAgent4,MALE_YOUNG_LOW_INCOME,37,38.48765250836293,39,38.46617228666965
51,WFAgent5,MALE_YOUNG_HIGH_INCOME,11,11.64207164144672,11,10.708796455131642
52,WFAgent6,FEMALE_LOW_INCOME,88,82.84980742286622,93,82.064374493093
52,WFAgent7,FEMALE_LOW_INCOME,88,75.92321103131376,0,0.0
52,WFAgent8,MALE_LOW_INCOME,73,61.23330517157572,0,0.0
52,WFAgent9,MALE_YOUNG,48,40.779655812213846,54,40.4453079729433
52,SIAgent10,MALE_OLD,53,51.933366841170034,56,51.0905824736197
52,SIAgent11,FEMALE_YOUNG_LOW_INCOME,40,40.47870959548637,41,40.37262335488645
52,SIAgent12,MALE_OLD_LOW_INCOME,36,32.84394587589841,36,32.8088520743511
52,SIAgent13,MALE_YOUNG_LOW_INCOME,37,34.24373756880316,40,33.552495984425086
52,SIAgent14,FEMALE_YOUNG_LOW_INCOME,40,39.38792522427946,44,39.38243304839168
52,SIAgent15,FEMALE_OLD,57,63.457780762004134,57,63.03432823500471
52,SIAgent16,FEMALE_OLD,57,54.3592836740024,67,53.7700631218532
52,SIAgent17,FEMALE_YOUNG_LOW_INCOME,40,35.29650515831954,154,31.766854642487612
52,WFAgent11,FEMALE_OLD_LOW_INCOME,49,56.015444336365306,50,55.276555150254154
52,WFAgent10,YOUNG_HIGH_INCOME,16,18.90621618298801,19,18.32923553503455
52,SIAgent9,FEMALE_OLD,57,61.446381258757015,63,61.11669172083105
52,SIAgent7,OLD_LOW_INCOME,84,76.55398817348586,453,0.0
52,SIAgent8,FEMALE_HIGH_INCOME,14,14.961991297616592,14,14.386781194056992
52,SIAgent5,MALE_OLD,53,57.18799818915436,58,56.83274107146915
52,SIAgent6,MALE_YOUNG_LOW_INCOME,37,27.712525833313002,268,0.0
52,SIAgent3,MALE_OLD_HIGH_INCOME,17,18.46761230013533,17,18.467612300135322
52,SIAgent4,FEMALE_YOUNG_HIGH_INCOME,6,6.401408335454645,7,6.2653870758805
52,SIAgent1,MALE_OLD_LOW_INCOME,36,40.44103279719465,37,39.92369684903229
52,SIAgent2,MALE_OLD_HIGH_INCOME,17,16.036564410668728,101,0.0
52,SIAgent0,MALE_YOUNG_HIGH_INCOME,11,11.739480436129067,11,11.739480436129064
52,WFAgent0,YOUNG_HIGH_INCOME,16,13.958729739668133,16,0.0
52,WFAgent1,MALE_OLD,53,63.132035831230645,62,62.93531753144443
52,WFAgent2,FEMALE_YOUNG_HIGH_INCOME,6,6.276254504532734,20,6.1069442611048075
52,WFAgent3,MALE_YOUNG,48,48.8154120653282,57,48.42584127700391
52,WFAgent4,FEMALE_YOUNG,45,40.27748834494607,45,39.708568303109494
52,WFAgent5,FEMALE_HIGH_INCOME,14,15.105689752936993,14,14.954742198124471
53,WFAgent6,MALE_LOW_INCOME,73,66.55284098031137,35,31.539241267367444
53,WFAgent7,OLD_HIGH_INCOME,25,25.340798118299077,58,0.0
53,WFAgent8,FEMALE_YOUNG,45,51.8683803895321,55,51.12549820479036
53,WFAgent9,FEMALE_LOW_INCOME,88,91.65739657941148,96,91.30530272746988
53,SIAgent10,OLD_LOW_INCOME,84,76.57683427152018,192,75.694179041682
53,SIAgent11,YOUNG_HIGH_INCOME,16,17.811109536062315,16,17.149850370317687
53,SIAgent12,MALE_YOUNG,48,50.18008324343114,48,50.1180342802414
53,SIAgent13,YOUNG_LOW_INCOME,77,71.5756974867065,79,70.77020769241803
53,SIAgent14,FEMALE_OLD_LOW_INCOME,49,49.974308975745785,49,49.97430897574577
53,SIAgent15,OLD_HIGH_INCOME,25,26.179894006672924,25,26.075797558014898
53,SIAgent16,FEMALE_YOUNG,45,36.833830289301915,258,0.0
53,SIAgent17,MALE_HIGH_INCOME,27,28.161861362656083,27,27.422807957081417
53,WFAgent11,MALE_YOUNG_LOW_INCOME,37,38.8454567817113,38,38.103804801116745
53,WFAgent10,OLD_LOW_INCOME,84,73.08762336899201,0,0.0
53,SIAgent9,FEMALE_YOUNG_HIGH_INCOME,6,6.205457753560502,6,5.7551793572445185
53,SIAgent7,FEMALE_YOUNG_HIGH_INCOME,6,6.283021923846502,6,6.205457753560502
53,SIAgent8,MALE_HIGH_INCOME,27,27.422807957081424,40,26.64724968011863
53,SIAgent5,OLD_HIGH_INCOME,25,26.56488427338906,25,26.287691281353435
53,SIAgent6,MALE_OLD,53,52.307564186899526,53,51.754585093331784
53,SIAgent3,MALE_YOUNG,48,52.371510004427236,48,51.68668914161596
53,SIAgent4,MALE_LOW_INCOME,73,65.78184607193784,200,47.75942249058504
53,SIAgent1,FEMALE_YOUNG_HIGH_INCOME,6,5.042833015626287,6,4.9111773719069225
53,SIAgent2,MALE_OLD_LOW_INCOME,36,34.62479135977466,37,33.73027223864577
53,SIAgent0,MALE_OLD_HIGH_INCOME,17,18.190242259265055,17,18.064121305904564
53,WFAgent0,FEMALE_YOUNG_HIGH_INCOME,6,5.914649106375808,7,5.883305184897335
53,WFAgent1,OLD_HIGH_INCOME,25,27.548754673113592,69,22.160506682960353
53,WFAgent2,YOUNG_LOW_INCOME,77,98.38975956203556,91,97.41581069170937
53,WFAgent3,MALE_OLD_LOW_INCOME,36,36.127583925808516,36,35.52966624015817
53,WFAgent4,YOUNG_LOW_INCOME,77,78.6085977963053,87,78.39754257888494
53,WFAgent5,FEMALE_YOUNG,45,43.16384517933389,46,42.75950758946103
54,WFAgent6,YOUNG_LOW_INCOME,77,58.955817927450866,0,0.0
54,WFAgent7,MALE_OLD_LOW_INCOME,36,38.74518989540446,37,38.441014321365174
54,WFAgent8,FEMALE_OLD_LOW_INCOME,49,51.403257354729,55,51.183811209971466
54,WFAgent9,FEMALE_YOUNG_HIGH_INCOME,6,6.6128179516311825,6,6.389635927891478
54,SIAgent10,MALE_YOUNG,48,47.15467960858198,50,46.972322505619395
54,SIAgent11,FEMALE_YOUNG_HIGH_INCOME,6,6.147960053451494,6,6.111592459561284
54,SIAgent12,OLD_LOW_INCOME,84,77.3262275675657,87,76.96066142217315
54,SIAgent13,FEMALE_YOUNG,45,45.836943446709626,55,45.01217619917529
54,SIAgent14,FEMALE_OLD,57,53.045040708515856,56,52.114425959243675
54,SIAgent15,FEMALE_YOUNG_LOW_INCOME,40,38.308235063127924,210,0.0
54,SIAgent16,FEMALE_OLD,57,52.26583541452532,67,52.24044934605985
54,SIAgent17,FEMALE_OLD_LOW_INCOME,49,40.906337991627005,147,0.0
54,WFAgent11,FEMALE_YOUNG_LOW_INCOME,40,42.101183314359375,40,41.54149171882179
54,WFAgent10,MALE_HIGH_INCOME,27,23.543804920596422,0,0.0
54,SIAgent9,MALE_OLD,53,53.50088654476639,55,53.00299367222916
54,SIAgent7,FEMALE_YOUNG,45,47.65483116227964,45,46.734178183674516
54,SIAgent8,FEMALE_OLD_LOW_INCOME,49,44.9084564553848,53,44.245630888902646
54,SIAgent5,OLD_LOW_INCOME,84,89.88677236191877,91,88.86991840629001
54,SIAgent6,YOUNG_HIGH_INCOME,16,17.03902914104394,17,16.78515739549903
54,SIAgent3,MALE_OLD_HIGH_INCOME,17,20.075666618068993,19,19.179563100954
54,SIAgent4,MALE_OLD,53,50.58028149352449,54,49.709717722006545
54,SIAgent1,MALE_LOW_INCOME,73,60.51863102431086,453,0.0
54,SIAgent2,OLD_HIGH_INCOME,25,24.501151234782768,24,23.521105185391463
54,SIAgent0,FEMALE_YOUNG_LOW_INCOME,40,41.54149171882176,40,41.40192187084946
54,WFAgent0,MALE_YOUNG,48,53.873775366140165,54,53.04901455965477
54,WFAgent1,MALE_YOUNG_HIGH_INCOME,11,11.698662322471575,12,11.126291600094174
54,WFAgent2,FEMALE_OLD_HIGH_INCOME,9,9.667817162381887,9,8.820414444521795
54,WFAgent3,FEMALE_HIGH_INCOME,14,15.005192043578486,15,14.448284467130751
54,WFAgent4,YOUNG_HIGH_INCOME,16,14.519557082955203,60,0.0
54,WFAgent5,MALE_OLD_HIGH_INCOME,17,17.037410200346272,112,13.720644691478347
55,WFAgent6,FEMALE_LOW_INCOME,88,78.35624318796928,0,0.0
55,WFAgent7,MALE_YOUNG_LOW_INCOME,37,36.674499933014616,240,0.0
55,WFAgent8,FEMALE_OLD,57,58.002954449854656,65,57.87677053656817
55,WFAgent9,OLD_HIGH_INCOME,25,21.21235879835451,44,0.0
55,SIAgent10,OLD_HIGH_INCOME,25,25.97840406371608,29,25.90496862057576
55,SIAgent11,FEMALE_HIGH_INCOME,14,14.968721576667477,14,14.314073164224071
55,SIAgent12,FEMALE_LOW_INCOME,88,92.74152265001682,90,92.34024236280683
55,SIAgent13,OLD_HIGH_INCOME,25,22.33186950049634,34,22.27764978202285
55,SIAgent14,OLD_LOW_INCOME,84,86.36441232767606,95,85.71318868030379
55,SIAgent15,MALE_YOUNG_HIGH_INCOME,11,9.023251304818032,21,0.0
55,SIAgent16,MALE_YOUNG_HIGH_INCOME,11,10.352347723441785,11,10.352347723441785
55,SIAgent17,MALE_LOW_INCOME,73,80.63061769631693,74,79.73950660445158
55,WFAgent11,FEMALE_HIGH_INCOME,14,13.398310901232545,0,0.0
55,WFAgent10,YOUNG_HIGH_INCOME,16,18.727975694548217,19,17.8813278859449
55,SIAgent9,MALE_OLD_LOW_INCOME,36,33.15927531754912,214,0.0
55,SIAgent7,MALE_OLD_HIGH_INCOME,17,17.83319302164092,17,17.833193021640916
55,SIAgent8,YOUNG_LOW_INCOME,77,78.23829327346384,78,77.40482414006607
55,SIAgent5,FEMALE_YOUNG,45,44.656629311576545,314,0.0
55,SIAgent6,MALE_OLD_LOW_INCOME,36,39.869289016617536,36,39.76304434338917
55,SIAgent3,FEMALE_YOUNG,45,51.59085839381943,48,50.58628508182741
55,SIAgent4,MALE_LOW_INCOME,73,77.07740483284167,76,76.41610811664745
55,SIAgent1,FEMALE_OLD_LOW_INCOME,49,41.894258652751226,192,0.0
55,SIAgent2,MALE_OLD_HIGH_INCOME,17,15.148801851775538,87,0.0
55,SIAgent0,FEMALE_HIGH_INCOME,14,16.076275279384895,14,15.432336305843048
55,WFAgent0,MALE_YOUNG_LOW_INCOME,37,35.11355706085686,0,0.0
55,WFAgent1,MALE_HIGH_INCOME,27,28.100761912356553,32,27.57855475991256
55,WFAgent2,FEMALE_OLD,57,51.4279132081823,60,51.29909222785871
55,WFAgent3,MALE_LOW_INCOME,73,85.59085234750026,79,84.87275846162653
55,WFAgent4,OLD_LOW_INCOME,84,68.1304383412698,0,0.0
55,WFAgent5,MALE_OLD_HIGH_INCOME,17,18.3478263618262,17,17.823317829975387
56,WFAgent6,YOUNG_LOW_INCOME,77,75.64259643470436,90,75.60549281154137
56,WFAgent7,MALE_YOUNG_LOW_INCOME,37,36.53111509374368,43,36.12262434329197
56,WFAgent8,OLD_HIGH_INCOME,25,24.997137379158897,26,24.978958504749787
56,WFAgent9,MALE_YOUNG,48,55.853255359781244,53,55.2831646222883
56,SIAgent10,YOUNG_HIGH_INCOME,16,17.313790618740818,16,16.775130762458545
56,SIAgent11,MALE_YOUNG,48,49.06474302202109,49,48.136197731175486
56,SIAgent12,FEMALE_YOUNG,45,46.00173683379718,45,45.04208854814893
56,SIAgent13,MALE_YOUNG,48,49.63205077459572,48,49.06474302202104
56,SIAgent14,OLD_HIGH_INCOME,25,22.927567142124822,80,0.0
56,SIAgent15,FEMALE_YOUNG_LOW_INCOME,40,40.43947332090273,41,40.27722667302439
56,SIAgent16,MALE_HIGH_INCOME,27,25.87706866854062,26,24.918658717853933
56,SIAgent17,MALE_YOUNG_HIGH_INCOME,11,9.17256272793256,10,8.082839962789404
56,WFAgent11,FEMALE_HIGH_INCOME,14,12.314801909242945,0,0.0
56,WFAgent10,MALE_OLD,53,53.85529698749937,267,25.76356332021751
56,SIAgent9,MALE_OLD,53,60.11547470553667,58,59.75558389374239
56,SIAgent7,FEMALE_OLD_LOW_INCOME,49,53.32188931274611,49,52.79210010963374
56,SIAgent8,YOUNG_LOW_INCOME,77,64.68469940542982,169,37.80274640577067
56,SIAgent5,MALE_YOUNG_HIGH_INCOME,11,8.891123959068343,0,0.0
56,SIAgent6,MALE_LOW_INCOME,73,76.8404944495111,74,75.85689732433234
56,SIAgent3,MALE_OLD,53,52.51803292198184,53,51.54314299617769
56,SIAgent4,FEMALE_LOW_INCOME,88,94.81030223770954,169,94.04799530465193
56,SIAgent1,MALE_HIGH_INCOME,27,25.592504189806778,27,24.91428034832823
56,SIAgent2,FEMALE_HIGH_INCOME,14,13.450208425634496,14,12.991945434423334
56,SIAgent0,YOUNG_HIGH_INCOME,16,15.080330530515704,49,15.009648100253287
56,WFAgent0,OLD_HIGH_INCOME,25,24.169805450508843,25,23.949709342028953
56,WFAgent1,FEMALE_YOUNG_LOW_INCOME,40,39.7452138861927,41,39.21383456305853
56,WFAgent2,MALE_LOW_INCOME,73,70.69010575950489,0,0.0
56,WFAgent3,FEMALE_YOUNG,45,43.03957452043011,42,35.282563312052616
56,WFAgent4,MALE_YOUNG_HIGH_INCOME,11,11.69149360988404,12,11.458761707687115
56,WFAgent5,YOUNG_LOW_INCOME,77,84.52686606128658,81,84.49842389024717
57,WFAgent6,MALE_YOUNG,48,49.15114919026279,0,0.0
57,WFAgent7,FEMALE_YOUNG_HIGH_INCOME,6,5.8169268916049175,6,5.734445744098518
57,WFAgent8,OLD_HIGH_INCOME,25,22.013500946143502,26,21.9255801603851
57,WFAgent9,MALE_OLD,53,49.04851583026332,0,0.0
57,SIAgent10,MALE_YOUNG,48,49.34723015232768,47,48.319162857487555
57,SIAgent11,FEMALE_YOUNG,45,39.5639454539192,229,33.40955393886512
57,SIAgent12,FEMALE_OLD_LOW_INCOME,49,53.762682595846776,402,0.0
57,SIAgent13,FEMALE_LOW_INCOME,88,101.35320050574289,94,100.59035513605788
57,SIAgent14,FEMALE_OLD_HIGH_INCOME,9,9.66366430047111,9,9.026830611719447
57,SIAgent15,MALE_OLD,53,65.63467570226176,56,65.33764248976965
57,SIAgent16,OLD_HIGH_INCOME,25,25.074529476998464,26,24.8745709921052
57,SIAgent17,YOUNG_HIGH_INCOME,16,17.892090461652106,17,17.759528003763027
57,WFAgent11,FEMALE_YOUNG,45,42.407448035964826,48,42.20154181751385
57,WFAgent10,FEMALE_OLD_LOW_INCOME,49,44.181024785856465,0,0.0
57,SIAgent9,MALE_HIGH_INCOME,27,30.11775801038663,29,29.387487582440873
57,SIAgent7,MALE_OLD_HIGH_INCOME,17,20.296687769359757,18,20.078505340257752
57,SIAgent8,OLD_HIGH_INCOME,25,22.883627108650238,27,22.579870919097843
57,SIAgent5,FEMALE_YOUNG_LOW_INCOME,40,50.2020515874315,43,49.524859338033444
57,SIAgent6,MALE_HIGH_INCOME,27,26.78868638990955,37,26.545007446034255
57,SIAgent3,MALE_OLD_HIGH_INCOME,17,14.5501571494198,16,13.694265552395107
57,SIAgent4,MALE_YOUNG,48,54.83549734704785,51,54.43315320606666
57,SIAgent1,OLD_HIGH_INCOME,25,20.767287305892467,63,9.137606414592689
57,SIAgent2,MALE_OLD_LOW_INCOME,36,41.539293388845095,327,0.0
57,SIAgent0,FEMALE_OLD_HIGH_INCOME,9,9.933969652645091,9,9.663664300471108
57,WFAgent0,FEMALE_YOUNG_HIGH_INCOME,6,5.322723831320237,0,0.0
57,WFAgent1,FEMALE_YOUNG,45,43.00834308073889,48,42.20154181751385
57,WFAgent2,FEMALE_YOUNG,45,43.42654875169211,46,43.22345787756203
57,WFAgent3,MALE_YOUNG_HIGH_INCOME,11,11.469805847442814,11,11.093377894180701
57,WFAgent4,MALE_YOUNG_LOW_INCOME,37,40.075682463390336,38,39.06655720392609
57,WFAgent5,MALE_YOUNG,48,50.394732260178046,232,30.84201884520479
58,WFAgent6,MALE_OLD_HIGH_INCOME,17,14.560810823522761,42,13.358999334551402
58,WFAgent7,FEMALE_OLD_HIGH_INCOME,9,8.918149900485822,9,8.800566662730706
58,WFAgent8,MALE_YOUNG_HIGH_INCOME,11,10.781307773884043,0,0.0
58,WFAgent9,FEMALE_YOUNG,45,50.02512718761288,47,44.62436893363955
58,SIAgent10,FEMALE_LOW_INCOME,88,90.89990968129842,103,90.85824300599486
58,SIAgent11,FEMALE_OLD_HIGH_INCOME,9,8.790314133622832,53,0.0
58,SIAgent12,FEMALE_HIGH_INCOME,14,13.689770364247765,14,13.677239495338137
58,SIAgent13,FEMALE_YOUNG,45,42.42624873694747,47,42.39928727955643
58,SIAgent14,FEMALE_YOUNG,45,48.869671947329614,47,48.760972161306135
58,SIAgent15,YOUNG_LOW_INCOME,77,87.78213712078941,80,87.66455670148525
58,SIAgent16,MALE_OLD_HIGH_INCOME,17,14.193936792960862,16,13.358999334551402
58,SIAgent17,FEMALE_YOUNG_HIGH_INCOME,6,5.558997149867312,0,0.0
58,WFAgent11,YOUNG_HIGH_INCOME,16,16.03483097078206,103,0.0
58,WFAgent10,YOUNG_LOW_INCOME,77,73.29444789359273,57,51.42041223265352
58,SIAgent9,YOUNG_LOW_INCOME,77,91.43646031811005,80,91.20222038523585
58,SIAgent7,OLD_LOW_INCOME,84,89.18558397201552,88,88.62213819295667
58,SIAgent8,MALE_OLD,53,47.603657494307996,57,47.591435129339395
58,SIAgent5,MALE_OLD_LOW_INCOME,36,33.863618187792675,37,33.03302530697545
58,SIAgent6,OLD_LOW_INCOME,84,69.29915762170951,289,0.0
58,SIAgent3,YOUNG_LOW_INCOME,77,69.46266213884783,265,59.539424690440896
58,SIAgent4,OLD_HIGH_INCOME,25,26.33878884589295,28,25.627053213042647
58,SIAgent1,MALE_YOUNG_LOW_INCOME,37,40.89027115879481,37,40.75510318344699
58,SIAgent2,MALE_LOW_INCOME,73,70.80813765344655,74,70.37082761554475
58,SIAgent0,OLD_LOW_INCOME,84,73.92219673942712,84,73.42687111967173
58,WFAgent0,OLD_LOW_INCOME,84,82.21255262819253,94,81.8418793764604
58,WFAgent1,OLD_LOW_INCOME,84,83.93888570594697,86,83.41780600269061
58,WFAgent2,FEMALE_YOUNG_HIGH_INCOME,6,6.100965346291903,0,0.0
58,WFAgent3,FEMALE_YOUNG,45,43.19788560810673,45,42.42624873694745
58,WFAgent4,MALE_YOUNG_LOW_INCOME,37,41.1078955651727,37,40.890271158794825
58,WFAgent5,MALE_LOW_INCOME,73,75.02285409157116,81,74.15690400958516
59,WFAgent6,YOUNG_HIGH_INCOME,16,16.704571718216908,60,0.0
59,WFAgent7,MALE_LOW_INCOME,73,69.27551795701811,78,68.88244211959014
59,WFAgent8,YOUNG_LOW_INCOME,77,77.69067003268927,258,65.68964940325479
59,WFAgent9,FEMALE_LOW_INCOME,88,87.10126523155664,91,86.7500330448412
59,SIAgent10,FEMALE_OLD_LOW_INCOME,49,51.03251294567868,51,50.479142350106706
59,SIAgent11,OLD_HIGH_INCOME,25,27.84259076220176,29,27.274622776477838
59,SIAgent12,FEMALE_LOW_INCOME,88,67.44489846005106,23,0.0
59,SIAgent13,FEMALE_YOUNG_HIGH_INCOME,6,6.947917856159432,6,6.264214394331341
59,SIAgent14,OLD_LOW_INCOME,84,73.82507956310344,89,73.08632886992191
59,SIAgent15,FEMALE_YOUNG_HIGH_INCOME,6,7.020926811377916,6,6.947917856159431
59,SIAgent16,FEMALE_YOUNG,45,41.7733924235255,45,40.957708292716774
59,SIAgent17,MALE_YOUNG_LOW_INCOME,37,36.39787543523035,37,36.39787543523034
59,WFAgent11,YOUNG_HIGH_INCOME,16,17.669480147145872,19,17.637654578821877
59,WFAgent10,MALE_OLD,53,51.87204303951122,130,9.405042336716491
59,SIAgent9,YOUNG_LOW_INCOME,77,75.11947428364682,79,74.86650040154727
59,SIAgent7,FEMALE_LOW_INCOME,88,83.39559538400187,88,83.143660442808
59,SIAgent8,OLD_LOW_INCOME,84,68.98035533790389,156,42.153061537531926
59,SIAgent5,YOUNG_LOW_INCOME,77,75.29603567149601,77,75.11947428364697
59,SIAgent6,MALE_YOUNG,48,50.58898988273233,72,49.74723216700602
59,SIAgent3,MALE_LOW_INCOME,73,64.50225996810791,73,64.5022599681079
59,SIAgent4,FEMALE_YOUNG_LOW_INCOME,40,36.96436458804002,48,36.78812643275512
59,SIAgent1,FEMALE_YOUNG_HIGH_INCOME,6,5.202544577936032,6,0.0
59,SIAgent2,FEMALE_OLD,57,51.19832811136475,123,50.91407179702426
59,SIAgent0,OLD_HIGH_INCOME,25,23.512605841791224,25,23.005150429597705
59,WFAgent0,FEMALE_LOW_INCOME,88,90.90983474742262,94,90.90496326452636
59,WFAgent1,FEMALE_OLD_LOW_INCOME,49,46.71155625491439,49,45.842652541958
59,WFAgent2,FEMALE_YOUNG_LOW_INCOME,40,38.62288203342727,40,37.907088810909954
59,WFAgent3,FEMALE_OLD_LOW_INCOME,49,47.38662978682759,50,47.38386101363747
59,WFAgent4,FEMALE_YOUNG_LOW_INCOME,40,46.49047155697029,47,45.95991787740664
59,WFAgent5,MALE_YOUNG_LOW_INCOME,37,42.30466231479913,40,42.157491568943605
60,WFAgent6,MALE_OLD,53,53.11046615492537,60,52.83711967836438
60,WFAgent7,FEMALE_OLD,57,54.27767045145685,61,53.717738339670454
60,WFAgent8,OLD_LOW_INCOME,84,74.21099527913768,84,73.92706232950502
60,WFAgent9,FEMALE_OLD_HIGH_INCOME,9,7.316916976603282,0,0.0
60,SIAgent10,OLD_LOW_INCOME,84,73.97196754971009,283,73.09134888840406
60,SIAgent11,FEMALE_YOUNG_HIGH_INCOME,6,5.974925449047714,6,5.826852860538564
60,SIAgent12,FEMALE_LOW_INCOME,88,87.99157187948343,94,87.63007767437918
60,SIAgent13,FEMALE_OLD,57,57.969760607515965,57,56.99454087648364
60,SIAgent14,MALE_YOUNG_HIGH_INCOME,11,9.772359319687968,57,0.0
60,SIAgent15,FEMALE_YOUNG_HIGH_INCOME,6,5.826852860538564,6,5.505392916159196
60,SIAgent16,MALE_LOW_INCOME,73,75.21684999315448,83,74.50275967851901
60,SIAgent17,MALE_YOUNG_HIGH_INCOME,11,12.295446289441866,11,11.295654771770035
60,WFAgent11,YOUNG_LOW_INCOME,77,68.98705189253391,0,0.0
60,WFAgent10,YOUNG_HIGH_INCOME,16,16.076260196550272,18,15.991133432216671
60,SIAgent9,FEMALE_YOUNG,45,41.29044687119397,268,0.0
60,SIAgent7,MALE_OLD_LOW_INCOME,36,29.286814075792613,3,0.0
60,SIAgent8,MALE_YOUNG_LOW_INCOME,37,41.445486058431094,40,41.21471232501619
60,SIAgent5,FEMALE_OLD,57,58.25054248451688,57,58.019020585937156
60,SIAgent6,MALE_OLD_LOW_INCOME,36,30.085683879634654,36,29.28681407579264
60,SIAgent3,MALE_HIGH_INCOME,27,30.599525127399335,28,30.11592785223985
60,SIAgent4,MALE_YOUNG_LOW_INCOME,37,38.04914328897324,239,0.0
60,SIAgent1,FEMALE_OLD_LOW_INCOME,49,57.98103324638602,56,57.22860314268325
60,SIAgent2,FEMALE_YOUNG_LOW_INCOME,40,41.34611611193816,41,40.996073262032084
60,SIAgent0,MALE_HIGH_INCOME,27,27.725698076162818,31,26.925839578871233
60,WFAgent0,FEMALE_YOUNG,45,46.46762582439039,46,45.995594391548195
60,WFAgent1,FEMALE_YOUNG_LOW_INCOME,40,33.30884680121939,0,0.0
60,WFAgent2,FEMALE_OLD,57,67.61458813073908,70,13.255655456784453
60,WFAgent3,MALE_OLD,53,45.756675072176066,0,0.0
60,WFAgent4,YOUNG_LOW_INCOME,77,82.76084887174453,80,82.28250601079799
60,WFAgent5,MALE_HIGH_INCOME,27,25.50377222500829,116,0.0
61,WFAgent6,MALE_LOW_INCOME,73,74.07545605944122,75,73.7821891868371
61,WFAgent7,YOUNG_HIGH_INCOME,16,14.601139804620956,0,0.0
61,WFAgent8,MALE_OLD,53,51.23807108751657,58,51.21166214112311
61,WFAgent9,MALE_OLD_HIGH_INCOME,17,17.1401230410172,18,16.26390860805439
61,SIAgent10,YOUNG_LOW_INCOME,77,79.41915516987693,78,78.7220712233945
61,SIAgent11,FEMALE_HIGH_INCOME,14,16.50481350393311,15,16.150115883383002
61,SIAgent12,YOUNG_LOW_INCOME,77,85.72015271920596,83,85.60766076752965
61,SIAgent13,FEMALE_YOUNG_HIGH_INCOME,6,6.07497478217683,6,5.9564726887358015
61,SIAgent14,YOUNG_LOW_INCOME,77,76.64546931962742,77,76.4732025933677
61,SIAgent15,MALE_OLD,53,46.79686368068148,139,46.79686368068147
61,SIAgent16,FEMALE_OLD_LOW_INCOME,49,49.36961905115849,49,48.968005130123906
61,SIAgent17,MALE_YOUNG_LOW_INCOME,37,36.25317533896122,162,0.0
61,WFAgent11,OLD_HIGH_INCOME,25,29.058127523006924,32,28.677115264212286
61,WFAgent10,YOUNG_HIGH_INCOME,16,15.249290043134508,70,0.0
61,SIAgent9,MALE_OLD_HIGH_INCOME,17,19.1305197389327,18,18.778484635744626
61,SIAgent7,MALE_OLD_HIGH_INCOME,17,17.735235489314366,18,17.401609048590533
61,SIAgent8,FEMALE_OLD_HIGH_INCOME,9,7.717531570467533,0,0.0
61,SIAgent5,YOUNG_HIGH_INCOME,16,17.465297284593643,16,16.95208227940824
61,SIAgent6,FEMALE_OLD,57,51.08111156437816,436,31.295346067816133
61,SIAgent3,MALE_YOUNG_HIGH_INCOME,11,11.654556567093163,11,10.99273702465128
61,SIAgent4,FEMALE_YOUNG,45,44.67354516551851,237,0.0
61,SIAgent1,OLD_LOW_INCOME,84,83.94515165164105,94,83.20941361499584
61,SIAgent2,MALE_YOUNG_LOW_INCOME,37,38.006247846866856,38,37.82503680708886
61,SIAgent0,FEMALE_OLD_LOW_INCOME,49,49.60455406393167,49,49.36961905115849
61,WFAgent0,YOUNG_HIGH_INCOME,16,18.29528732949062,17,17.370599116016276
61,WFAgent1,FEMALE_OLD_HIGH_INCOME,9,9.600629401660386,10,8.961598520066344
61,WFAgent2,MALE_YOUNG_HIGH_INCOME,11,11.740222623969949,11,11.654556567093167
61,WFAgent3,MALE_OLD_HIGH_INCOME,17,15.360358129829148,56,10.59551630505996
61,WFAgent4,MALE_HIGH_INCOME,27,25.03281331731524,28,24.722871378473247
61,WFAgent5,MALE_YOUNG_LOW_INCOME,37,34.40984850966002,0,0.0
62,WFAgent6,FEMALE_OLD_HIGH_INCOME,9,9.70671769546373,0,0.0
62,WFAgent7,MALE_YOUNG,48,48.564046279081744,237,0.0
62,WFAgent8,OLD_HIGH_INCOME,25,21.902791061055055,0,0.0
62,WFAgent9,MALE_HIGH_INCOME,27,24.13670419390942,27,23.65501434593945
62,SIAgent10,MALE_HIGH_INCOME,27,27.74521634146112,28,27.644444218825925
62,SIAgent11,MALE_OLD_HIGH_INCOME,17,15.76333317834502,17,15.197184122091121
62,SIAgent12,MALE_HIGH_INCOME,27,26.657142639582126,29,25.669841060338356
62,SIAgent13,FEMALE_HIGH_INCOME,14,15.418642797153888,14,15.104321189339748
62,SIAgent14,MALE_YOUNG,48,59.511330019602454,52,59.07088959517257
62,SIAgent15,FEMALE_YOUNG_LOW_INCOME,40,40.1709766828561,40,40.17097668285609
62,SIAgent16,FEMALE_LOW_INCOME,88,74.51440321804884,295,57.57931157758314
62,SIAgent17,MALE_LOW_INCOME,73,80.07861648730929,75,80.02881199368306
62,WFAgent11,MALE_HIGH_INCOME,27,23.726223909831305,17,14.855540300165298
62,WFAgent10,FEMALE_OLD,57,59.18138996595478,69,58.42606615960642
62,SIAgent9,MALE_YOUNG,48,54.526975010928496,120,54.24727719695561
62,SIAgent7,FEMALE_OLD,57,62.12516824470833,57,61.549159552210185
62,SIAgent8,FEMALE_LOW_INCOME,88,103.20542311806253,97,102.63870818873208
62,SIAgent5,FEMALE_YOUNG_HIGH_INCOME,6,6.407069625254248,49,0.0
62,SIAgent6,FEMALE_OLD,57,61.54915955221015,57,61.54724572688647
62,SIAgent3,FEMALE_OLD_HIGH_INCOME,9,8.362716788336993,9,7.864697805969864
62,SIAgent4,FEMALE_OLD,57,61.54724572688653,59,61.16381782816788
62,SIAgent1,MALE_YOUNG_HIGH_INCOME,11,11.124085802604226,11,10.860317371681607
62,SIAgent2,OLD_HIGH_INCOME,25,21.846382794360736,43,0.0
62,SIAgent0,OLD_LOW_INCOME,84,89.63226943292503,297,88.9092311124445
62,WFAgent0,FEMALE_YOUNG_HIGH_INCOME,6,5.666557595038297,0,0.0
62,WFAgent1,MALE_OLD_HIGH_INCOME,17,15.67966356652359,17,14.938733572856751
62,WFAgent2,FEMALE_OLD_HIGH_INCOME,9,7.341003050738586,0,0.0
62,WFAgent3,YOUNG_LOW_INCOME,77,79.46165808968212,86,79.2792072909751
62,WFAgent4,FEMALE_OLD_HIGH_INCOME,9,9.413021784438866,0,0.0
62,WFAgent5,MALE_HIGH_INCOME,27,26.883106577886515,27,26.65714263958214
63,WFAgent6,MALE_OLD_LOW_INCOME,36,32.708971717905726,37,32.69391513978294
63,WFAgent7,YOUNG_HIGH_INCOME,16,16.11288869870866,17,15.588684070403485
63,WFAgent8,FEMALE_OLD_LOW_INCOME,49,48.59749301347063,390,0.0
63,WFAgent9,MALE_YOUNG_LOW_INCOME,37,30.146342964667486,0,0.0
63,SIAgent10,YOUNG_LOW_INCOME,77,81.3285395121302,81,80.72762837292412
63,SIAgent11,MALE_OLD,53,52.749176067544326,57,52.599264599233635
63,SIAgent12,FEMALE_HIGH_INCOME,14,12.908968298478136,14,12.660674989874067
63,SIAgent13,MALE_OLD,53,46.831824389418784,78,45.948205061316564
63,SIAgent14,FEMALE_HIGH_INCOME,14,12.412381681269999,57,0.0
63,SIAgent15,FEMALE_YOUNG_HIGH_INCOME,6,7.201282420953426,6,7.0677943638757
63,SIAgent16,MALE_YOUNG_LOW_INCOME,37,32.96746499464554,222,0.0
63,SIAgent17,FEMALE_OLD_LOW_INCOME,49,51.12799700057033,49,50.243594670648875
63,WFAgent11,MALE_HIGH_INCOME,27,26.641415602946896,37,2.853485942523718
63,WFAgent10,FEMALE_OLD,57,54.196603612870526,0,0.0
63,SIAgent9,YOUNG_HIGH_INCOME,16,15.218591693459828,16,15.218591693459821
63,SIAgent7,FEMALE_YOUNG_LOW_INCOME,40,38.469520160489544,292,0.0
63,SIAgent8,OLD_LOW_INCOME,84,86.13187657825524,87,85.87707229694337
63,SIAgent5,FEMALE_YOUNG,45,53.00845772906776,48,52.59970922663595
63,SIAgent6,FEMALE_OLD_LOW_INCOME,49,54.651901484813806,52,54.258282531217475
63,SIAgent3,MALE_YOUNG,48,47.838594591362494,53,47.22366607341121
63,SIAgent4,FEMALE_YOUNG_HIGH_INCOME,6,6.505362423901319,6,5.706971885047436
63,SIAgent1,FEMALE_YOUNG_HIGH_INCOME,6,6.601929190857314,6,6.563363448424795
63,SIAgent2,FEMALE_YOUNG,45,49.31222739997118,47,48.79180439274581
63,SIAgent0,MALE_YOUNG_HIGH_INCOME,11,11.705630746338377,11,11.077610980362206
63,WFAgent0,FEMALE_OLD_HIGH_INCOME,9,8.31640621518599,9,8.298622477593087
63,WFAgent1,MALE_OLD_HIGH_INCOME,17,17.26816571619843,17,16.919547040533082
63,WFAgent2,FEMALE_YOUNG,45,38.599409328150664,0,0.0
63,WFAgent3,FEMALE_OLD_HIGH_INCOME,9,8.669559248188735,9,8.298622477593087
63,WFAgent4,MALE_YOUNG,48,51.06868954192919,52,50.870160604587696
63,WFAgent5,MALE_OLD,53,51.905515490195285,99,22.97410253065828
64,WFAgent6,MALE_YOUNG_LOW_INCOME,37,37.19305253790246,37,36.37225971983886
64,WFAgent7,MALE_YOUNG,48,50.0007832490014,51,49.12359997216619
64,WFAgent8,MALE_YOUNG_LOW_INCOME,37,31.066763522637707,0,0.0
64,WFAgent9,FEMALE_HIGH_INCOME,14,12.932155331044152,0,0.0
64,SIAgent10,FEMALE_OLD_HIGH_INCOME,9,8.205749540858784,0,0.0
64,SIAgent11,FEMALE_YOUNG_HIGH_INCOME,6,6.7027884740244765,6,5.779247055548959
64,SIAgent12,YOUNG_HIGH_INCOME,16,15.41132548146389,16,15.013868260512782
64,SIAgent13,FEMALE_HIGH_INCOME,14,12.935035238164252,0,0.0
64,SIAgent14,YOUNG_LOW_INCOME,77,71.94828628771599,82,71.5075867721431
64,SIAgent15,MALE_HIGH_INCOME,27,31.27716742160974,29,30.86863726693356
64,SIAgent16,MALE_LOW_INCOME,73,80.9723472515192,74,80.92619778488519
64,SIAgent17,MALE_LOW_INCOME,73,71.76148539319556,218,71.68209188447665
64,WFAgent11,FEMALE_OLD,57,57.967770873620175,0,0.0
64,WFAgent10,YOUNG_HIGH_INCOME,16,15.509247619416184,15,14.291010622267642
64,SIAgent9,YOUNG_LOW_INCOME,77,67.14736806652465,387,29.6494871982057
64,SIAgent7,FEMALE_YOUNG_HIGH_INCOME,6,6.957241836555272,6,6.7027884740244765
64,SIAgent8,MALE_HIGH_INCOME,27,28.361946532467865,33,28.182454564290076
64,SIAgent5,MALE_YOUNG,48,52.19202725216717,51,51.68512997730566
64,SIAgent6,FEMALE_OLD_HIGH_INCOME,9,9.110738271349911,0,0.0
64,SIAgent3,FEMALE_OLD,57,63.69924745493698,62,63.253767496966454
64,SIAgent4,MALE_HIGH_INCOME,27,22.961075558689615,27,22.42949676141031
64,SIAgent1,MALE_LOW_INCOME,73,79.41047209752283,73,79.38018263114378
64,SIAgent2,MALE_HIGH_INCOME,27,22.429496761410306,106,0.0
64,SIAgent0,FEMALE_OLD_HIGH_INCOME,9,10.218048187768815,9,10.057775913937418
64,WFAgent0,FEMALE_OLD,57,63.83196857453744,62,62.76286364707708
64,WFAgent1,MALE_LOW_INCOME,73,81.4082674835166,74,81.03317553515886
64,WFAgent2,MALE_YOUNG_LOW_INCOME,37,32.834274839402816,37,32.26561842157679
64,WFAgent3,MALE_OLD_LOW_INCOME,36,39.40062170894726,39,39.386134210656174
64,WFAgent4,FEMALE_YOUNG_HIGH_INCOME,6,5.577315576598957,0,0.0
64,WFAgent5,FEMALE_OLD_LOW_INCOME,49,51.63017282613085,412,0.0
65,WFAgent6,MALE_YOUNG_LOW_INCOME,37,38.97739890355361,40,38.63975828568717
65,WFAgent7,FEMALE_OLD,57,60.78296553724014,59,56.47033120241542
65,WFAgent8,MALE_OLD,53,59.631287349925884,59,58.88640957312359
65,WFAgent9,MALE_HIGH_INCOME,27,26.069846906048028,50,9.950238282100685
65,SIAgent10,MALE_OLD,53,57.15680367380581,53,56.56435279228789
65,SIAgent11,OLD_LOW_INCOME,84,95.32203322686252,88,94.29382100948806
65,SIAgent12,MALE_YOUNG,48,46.36770994282462,49,46.31426076872848
65,SIAgent13,MALE_YOUNG_HIGH_INCOME,11,10.868720691492593,11,10.625933528563976
65,SIAgent14,FEMALE_OLD_HIGH_INCOME,9,9.635018029972397,9,8.804398128807039
65,SIAgent15,MALE_YOUNG_HIGH_INCOME,11,9.907085975462548,20,0.0
65,SIAgent16,FEMALE_OLD_HIGH_INCOME,9,8.614118319012531,0,0.0
65,SIAgent17,FEMALE_OLD_LOW_INCOME,49,40.038684313193116,22,0.0
65,WFAgent11,FEMALE_OLD,57,55.70807954177891,58,55.13692576437683
65,WFAgent10,FEMALE_HIGH_INCOME,14,11.915733000055369,0,0.0
65,SIAgent9,FEMALE_HIGH_INCOME,14,16.32277437974549,15,15.364152102231628
65,SIAgent7,YOUNG_HIGH_INCOME,16,15.067544026184077,18,14.473073864873724
65,SIAgent8,OLD_LOW_INCOME,84,89.2785134072841,87,88.23268042986575
65,SIAgent5,MALE_HIGH_INCOME,27,24.4233121469744,27,24.35662221853365
65,SIAgent6,FEMALE_LOW_INCOME,88,83.65602529767511,122,83.22770692022343
65,SIAgent3,FEMALE_LOW_INCOME,88,91.76607676394052,90,91.7319968753471
65,SIAgent4,OLD_LOW_INCOME,84,76.11695539003578,317,75.45196555373862
65,SIAgent1,FEMALE_YOUNG,45,43.71230334307535,46,43.55989811106212
65,SIAgent2,YOUNG_LOW_INCOME,77,86.7005596046782,82,85.93517427262653
65,SIAgent0,FEMALE_OLD_LOW_INCOME,49,51.48564738807117,49,51.09702001628508
65,WFAgent0,FEMALE_OLD_LOW_INCOME,49,45.52381368688658,50,45.307711541687944
65,WFAgent1,OLD_HIGH_INCOME,25,24.456661468908447,27,24.423312146974393
65,WFAgent2,MALE_YOUNG,48,49.08906274136662,210,5.795963742853077
65,WFAgent3,FEMALE_YOUNG_LOW_INCOME,40,37.88515705477389,131,0.0
65,WFAgent4,FEMALE_LOW_INCOME,88,96.39209054837357,95,95.70929606996746
65,WFAgent5,MALE_LOW_INCOME,73,80.15834535438199,78,79.76972695472081
66,WFAgent6,MALE_YOUNG_LOW_INCOME,37,33.27519090277492,0,0.0
66,WFAgent7,MALE_YOUNG,48,50.98401556893831,50,50.25516326903383
66,WFAgent8,YOUNG_LOW_INCOME,77,71.18388319560077,0,0.0
66,WFAgent9,MALE_OLD_LOW_INCOME,36,37.70818878931345,36,37.572081066143085
66,SIAgent10,YOUNG_LOW_INCOME,77,80.1070606515068,79,79.1910030703314
66,SIAgent11,MALE_YOUNG_HIGH_INCOME,11,11.43596576223906,11,11.43596576223906
66,SIAgent12,OLD_LOW_INCOME,84,71.15964214334394,84,71.15964214334387
66,SIAgent13,FEMALE_LOW_INCOME,88,94.08079934376225,91,93.91303767100077
66,SIAgent14,FEMALE_YOUNG,45,48.94133721431011,45,48.04165124629607
66,SIAgent15,FEMALE_HIGH_INCOME,14,14.221696595788247,14,14.0820596244375
66,SIAgent16,FEMALE_YOUNG,45,42.84688138817466,55,41.89472846843748
66,SIAgent17,FEMALE_OLD_LOW_INCOME,49,47.1096643275611,49,46.175616813926595
66,WFAgent11,FEMALE_YOUNG,45,48.547882010805566,46,47.96367930617254
66,WFAgent10,FEMALE_OLD_HIGH_INCOME,9,9.12611867525456,9,8.806783892959457
66,SIAgent9,OLD_LOW_INCOME,84,86.50782752902458,89,85.87312870122234
66,SIAgent7,FEMALE_OLD,57,54.997397033367065,57,54.81826256357535
66,SIAgent8,MALE_HIGH_INCOME,27,25.268289868682526,127,0.0
66,SIAgent5,FEMALE_YOUNG_HIGH_INCOME,6,6.211054700873046,6,5.961986109648166
66,SIAgent6,OLD_HIGH_INCOME,25,25.146535043638387,25,25.146535043638377
66,SIAgent3,OLD_LOW_INCOME,84,79.15820025244565,93,78.78388951584505
66,SIAgent4,MALE_YOUNG,48,48.01894228620874,322,26.20415245641152
66,SIAgent1,MALE_OLD_LOW_INCOME,36,37.47423027817338,39,36.752021545778334
66,SIAgent2,MALE_OLD_LOW_INCOME,36,41.43999815980418,39,40.70308782165501
66,SIAgent0,MALE_OLD_LOW_INCOME,36,37.57208106614306,36,37.56936298869948
66,WFAgent0,FEMALE_YOUNG_LOW_INCOME,40,42.67524427288364,44,42.24752253761884
66,WFAgent1,OLD_HIGH_INCOME,25,25.999043882372874,26,25.45240830521841
66,WFAgent2,FEMALE_HIGH_INCOME,14,13.59820111491854,41,1.9297332292409497
66,WFAgent3,MALE_YOUNG_HIGH_INCOME,11,11.739771461517519,11,11.43596576223906
66,WFAgent4,FEMALE_LOW_INCOME,88,88.92449567759948,205,39.990422628963046
66,WFAgent5,OLD_LOW_INCOME,84,77.0706626128081,239,49.134038622785056
67,WFAgent6,MALE_OLD_LOW_INCOME,36,39.779006883520644,39,39.533918827181175
67,WFAgent7,OLD_HIGH_INCOME,25,23.701814796327035,27,22.88410671447135
67,WFAgent8,MALE_HIGH_INCOME,27,27.459584694859917,29,27.4560294243485
67,WFAgent9,MALE_OLD,53,51.46919127182839,0,0.0
67,SIAgent10,MALE_HIGH_INCOME,27,29.425108147599257,27,28.41525964780132
67,SIAgent11,FEMALE_YOUNG,45,46.54658774074407,47,45.61788722940231
67,SIAgent12,FEMALE_OLD_LOW_INCOME,49,43.859453627556064,277,0.0
67,SIAgent13,YOUNG_LOW_INCOME,77,80.20538742963879,77,79.84965763554763
67,SIAgent14,MALE_OLD,53,53.72558199591293,53,53.69544599636986
67,SIAgent15,MALE_HIGH_INCOME,27,28.2749245715909,28,28.223917262594064
67,SIAgent16,YOUNG_LOW_INCOME,77,68.48657911123776,91,67.80021787364333
67,SIAgent17,FEMALE_YOUNG,45,55.92346949855634,53,55.63587797359947
67,WFAgent11,MALE_YOUNG_LOW_INCOME,37,42.77390610213059,41,42.554572419438834
67,WFAgent10,FEMALE_YOUNG,45,43.946439207525344,49,43.582368525333166
67,SIAgent9,MALE_OLD_HIGH_INCOME,17,14.252739778730465,63,0.0
67,SIAgent7,FEMALE_HIGH_INCOME,14,16.587468635467957,14,15.941992422264686
67,SIAgent8,FEMALE_OLD,57,53.24329412919654,74,53.08728617279137
67,SIAgent5,MALE_OLD_HIGH_INCOME,17,14.778469793766796,16,13.90914804119228
67,SIAgent6,FEMALE_OLD_HIGH_INCOME,9,10.504543559630521,10,9.840213349804095
67,SIAgent3,MALE_OLD_LOW_INCOME,36,35.40795216461901,248,0.0
67,SIAgent4,MALE_YOUNG_LOW_INCOME,37,27.56712155301977,211,0.0
67,SIAgent1,YOUNG_HIGH_INCOME,16,15.038603981732853,53,14.098691232874547
67,SIAgent2,OLD_HIGH_INCOME,25,26.47285045654104,25,26.180485714436028
67,SIAgent0,MALE_HIGH_INCOME,27,27.16468158629339,30,26.216430142671875
67,WFAgent0,FEMALE_OLD_LOW_INCOME,49,56.30793877839971,60,56.04557276757535
67,WFAgent1,MALE_HIGH_INCOME,27,26.577001041100864,12,11.278952986299638
67,WFAgent2,FEMALE_YOUNG,45,43.25671704582045,213,0.0
67,WFAgent3,YOUNG_HIGH_INCOME,16,17.16780525123289,17,16.356340201001856
67,WFAgent4,FEMALE_OLD_LOW_INCOME,49,52.952769911402285,56,52.30920124973699
67,WFAgent5,FEMALE_YOUNG_LOW_INCOME,40,35.07677682007778,0,0.0
68,WFAgent6,MALE_YOUNG,48,46.00128278814413,0,0.0
68,WFAgent7,FEMALE_HIGH_INCOME,14,14.225059777489083,23,0.0
68,WFAgent8,OLD_HIGH_INCOME,25,26.40517351128518,25,25.447886663575964
68,WFAgent9,FEMALE_LOW_INCOME,88,87.59750583919477,91,86.87332840826127
68,SIAgent10,MALE_HIGH_INCOME,27,26.283619473247356,27,26.26348881598476
68,SIAgent11,OLD_LOW_INCOME,84,79.66086393532987,85,79.31468855884214
68,SIAgent12,MALE_HIGH_INCOME,27,26.241809646625054,27,26.197041480005097
68,SIAgent13,YOUNG_HIGH_INCOME,16,16.863930712617616,16,15.962620205774613
68,SIAgent14,FEMALE_LOW_INCOME,88,72.00233738945224,266,0.0
68,SIAgent15,MALE_HIGH_INCOME,27,26.19704148000508,71,25.37481906318533
68,SIAgent16,FEMALE_LOW_INCOME,88,87.06644453860389,90,86.8696941315421
68,SIAgent17,FEMALE_YOUNG,45,41.67745234613413,50,41.59184354776649
68,WFAgent11,MALE_OLD,53,47.647058302112896,92,0.0
68,WFAgent10,MALE_YOUNG_HIGH_INCOME,11,11.349700753515943,11,10.706592754781429
68,SIAgent9,FEMALE_OLD,57,61.75305815742218,61,61.09809710391105
68,SIAgent7,MALE_OLD_LOW_INCOME,36,35.08469351065489,35,34.11011869091448
68,SIAgent8,MALE_YOUNG_LOW_INCOME,37,39.22822376046224,40,38.33440232345342
68,SIAgent5,FEMALE_HIGH_INCOME,14,14.12126961163464,15,13.892484115378043
68,SIAgent6,FEMALE_OLD_LOW_INCOME,49,56.25722124926904,51,55.252736246114644
68,SIAgent3,OLD_HIGH_INCOME,25,25.97682000697714,26,25.638179147254494
68,SIAgent4,OLD_LOW_INCOME,84,76.1133892291051,173,76.09337928658023
68,SIAgent1,OLD_LOW_INCOME,84,78.38157457579678,86,77.92561278217897
68,SIAgent2,YOUNG_HIGH_INCOME,16,13.9999001727919,48,0.0
68,SIAgent0,MALE_OLD_HIGH_INCOME,17,19.844251705324986,19,19.742383205302637
68,WFAgent0,MALE_OLD,53,61.79545443891658,63,61.398213643645995
68,WFAgent1,FEMALE_YOUNG,45,47.731850760385484,48,47.490787930147576
68,WFAgent2,MALE_YOUNG_LOW_INCOME,37,36.50353594029368,360,0.0
68,WFAgent3,FEMALE_HIGH_INCOME,14,14.438435853183465,14,14.12126961163464
68,WFAgent4,OLD_LOW_INCOME,84,83.86106605682276,87,83.15662690439902
68,WFAgent5,FEMALE_OLD_HIGH_INCOME,9,8.32463048720382,0,0.0
69,WFAgent6,FEMALE_OLD_HIGH_INCOME,9,8.436964850426877,26,0.0
69,WFAgent7,MALE_OLD,53,59.41025514431772,58,58.86159667831512
69,WFAgent8,YOUNG_LOW_INCOME,77,80.81195352815702,79,79.89817133737446
69,WFAgent9,FEMALE_OLD,57,53.55993606120876,195,0.0
69,SIAgent10,MALE_OLD,53,54.56616587090151,54,53.80590380212121
69,SIAgent11,MALE_YOUNG_HIGH_INCOME,11,11.859037564709064,11,11.463371269312168
69,SIAgent12,FEMALE_YOUNG_HIGH_INCOME,6,5.793954313630332,6,5.458728084438556
69,SIAgent13,OLD_LOW_INCOME,84,87.03881211956036,87,86.15095609415529
69,SIAgent14,YOUNG_HIGH_INCOME,16,16.673994573544967,15,15.631869912698411
69,SIAgent15,FEMALE_OLD,57,65.58857164785077,61,64.55313541002266
69,SIAgent16,YOUNG_LOW_INCOME,77,76.59418606903466,78,76.06593035629066
69,SIAgent17,MALE_LOW_INCOME,73,84.19482095851691,79,84.0644202476821
69,WFAgent11,YOUNG_LOW_INCOME,77,78.50650098448567,80,78.03331748250493
69,WFAgent10,MALE_YOUNG_LOW_INCOME,37,35.9806573644199,0,0.0
69,SIAgent9,FEMALE_YOUNG_HIGH_INCOME,6,5.458728084438556,6,5.458728084438556
69,SIAgent7,YOUNG_LOW_INCOME,77,79.40581088914844,78,78.83041243205933
69,SIAgent8,OLD_HIGH_INCOME,25,25.12995699353051,25,24.6459265004419
69,SIAgent5,YOUNG_LOW_INCOME,77,74.89462264946482,295,0.0
69,SIAgent6,MALE_OLD,53,49.71560392704066,210,0.0
69,SIAgent3,MALE_YOUNG_LOW_INCOME,37,40.57918642392158,39,40.218527593205046
69,SIAgent4,FEMALE_LOW_INCOME,88,93.54265487492597,90,93.06727481897755
69,SIAgent1,OLD_LOW_INCOME,84,79.3229756809568,85,78.79454207304558
69,SIAgent2,FEMALE_OLD_LOW_INCOME,49,46.458058055338455,49,46.4580580553384
69,SIAgent0,OLD_LOW_INCOME,84,87.41875050686562,84,87.03881211956038
69,WFAgent0,MALE_YOUNG_HIGH_INCOME,11,11.475100389113669,78,5.2106233042328025
69,WFAgent1,MALE_HIGH_INCOME,27,23.171272949209193,0,0.0
69,WFAgent2,FEMALE_OLD_HIGH_INCOME,9,9.293212685760286,9,9.046784517670984
69,WFAgent3,FEMALE_HIGH_INCOME,14,13.104714930199835,27,4.548940070365464
69,WFAgent4,FEMALE_YOUNG_HIGH_INCOME,6,6.628281840289746,6,5.946885530780008
69,WFAgent5,FEMALE_LOW_INCOME,88,85.31785644334127,90,85.16001477786419
70,WFAgent6,OLD_LOW_INCOME,84,84.61943870430565,294,0.0
70,WFAgent7,MALE_HIGH_INCOME,27,27.433794790177988,27,27.322373626976674
70,WFAgent8,FEMALE_HIGH_INCOME,14,13.975015130409592,0,0.0
70,WFAgent9,OLD_HIGH_INCOME,25,21.289805532793025,0,0.0
70,SIAgent10,OLD_HIGH_INCOME,25,27.42178677526197,27,27.100372857012
70,SIAgent11,MALE_OLD_HIGH_INCOME,17,16.1676653254356,17,15.780055266248322
70,SIAgent12,MALE_HIGH_INCOME,27,24.397169092723743,56,0.0
70,SIAgent13,MALE_OLD_HIGH_INCOME,17,18.72117822399919,17,18.64681500717814
70,SIAgent14,FEMALE_YOUNG_LOW_INCOME,40,47.438487733683644,41,46.93455779021156
70,SIAgent15,FEMALE_YOUNG_LOW_INCOME,40,45.789812478255186,42,44.86299743403428
70,SIAgent16,MALE_OLD_HIGH_INCOME,17,16.38577936998862,17,16.167665325435603
70,SIAgent17,MALE_OLD_HIGH_INCOME,17,17.044222166890577,17,16.707795133524588
70,WFAgent11,MALE_LOW_INCOME,73,70.97061213526206,390,0.0
70,WFAgent10,FEMALE_HIGH_INCOME,14,14.424875935631153,71,0.0
70,SIAgent9,FEMALE_YOUNG_LOW_INCOME,40,32.83945991156958,272,0.0
70,SIAgent7,MALE_OLD,53,47.98999981098237,74,19.879174816293414
70,SIAgent8,MALE_OLD,53,49.35752863261311,54,48.89547150552924
70,SIAgent5,FEMALE_YOUNG_HIGH_INCOME,6,5.998763499235114,41,0.0
70,SIAgent6,MALE_OLD,53,52.08900835745902,55,51.51343412895454
70,SIAgent3,MALE_HIGH_INCOME,27,27.39748878231328,28,26.634243365605155
70,SIAgent4,FEMALE_LOW_INCOME,88,93.99866129035757,92,93.68550200881475
70,SIAgent1,MALE_OLD,53,53.59067941345328,53,53.46252555357247
70,SIAgent2,MALE_OLD_LOW_INCOME,36,40.76355371018397,35,39.63123277378998
70,SIAgent0,YOUNG_HIGH_INCOME,16,17.0264248253349,16,16.160909456971716
70,WFAgent0,FEMALE_LOW_INCOME,88,82.93383053890231,0,0.0
70,WFAgent1,FEMALE_YOUNG_LOW_INCOME,40,37.78646568969073,46,37.765378898305016
70,WFAgent2,MALE_OLD_LOW_INCOME,36,43.06383553127433,38,42.7858434993709
70,WFAgent3,FEMALE_OLD,57,60.25587899360875,63,59.37308322671407
70,WFAgent4,FEMALE_OLD,57,62.52322967156375,58,61.95366312319019
70,WFAgent5,MALE_OLD,53,59.41594907222262,59,58.977546793393905
71,WFAgent6,FEMALE_HIGH_INCOME,14,13.08789749696308,0,0.0
71,WFAgent7,MALE_YOUNG_HIGH_INCOME,11,13.253028151907495,12,12.590898057370458
71,WFAgent8,MALE_OLD,53,54.147668617586675,56,53.96863990821723
71,WFAgent9,FEMALE_HIGH_INCOME,14,16.583139700125248,17,16.183914093119213
71,SIAgent10,YOUNG_LOW_INCOME,77,71.90951381841859,406,0.0
71,SIAgent11,MALE_OLD_HIGH_INCOME,17,18.543852262953934,18,18.51536029841964
71,SIAgent12,MALE_OLD,53,37.94821211278861,90,37.23220811066055
71,SIAgent13,FEMALE_YOUNG,45,46.942230734376494,46,46.1545412296285
71,SIAgent14,FEMALE_LOW_INCOME,88,102.78804979303592,93,102.63378370022829
71,SIAgent15,MALE_LOW_INCOME,73,79.9205534886998,81,79.51704799547437
71,SIAgent16,FEMALE_LOW_INCOME,88,83.5613077169273,90,83.00958371918485
71,SIAgent17,MALE_YOUNG_HIGH_INCOME,11,10.112539695258194,11,10.112539695258192
71,WFAgent11,MALE_YOUNG_HIGH_INCOME,11,11.368026676788388,68,10.112539695258192
71,WFAgent10,MALE_OLD_HIGH_INCOME,17,13.595994584207737,18,12.888072038305571
71,SIAgent9,MALE_OLD_HIGH_INCOME,17,17.48672917072966,21,17.04828274823503
71,SIAgent7,MALE_YOUNG_HIGH_INCOME,11,12.256214981255283,10,11.142013619322986
71,SIAgent8,FEMALE_YOUNG,45,45.151181637680054,46,44.70645481759598
71,SIAgent5,FEMALE_OLD_LOW_INCOME,49,50.81809469903429,53,50.45573217266572
71,SIAgent6,FEMALE_YOUNG,45,43.73457536503954,60,43.679774488393825
71,SIAgent3,OLD_LOW_INCOME,84,77.18004990024427,185,76.61242822770538
71,SIAgent4,FEMALE_OLD_HIGH_INCOME,9,7.721542222240235,37,0.0
71,SIAgent1,FEMALE_OLD_LOW_INCOME,49,51.32007818853951,49,50.818094699034326
71,SIAgent2,FEMALE_OLD,57,54.26371195928208,58,53.53901990744531
71,SIAgent0,MALE_LOW_INCOME,73,71.663512390983,72,70.68182044042166
71,WFAgent0,FEMALE_HIGH_INCOME,14,13.031553693087778,0,0.0
71,WFAgent1,YOUNG_HIGH_INCOME,16,13.792957454546572,0,0.0
71,WFAgent2,FEMALE_OLD,57,68.145116030846,61,68.11267260909902
71,WFAgent3,MALE_OLD,53,43.02661836459318,77,23.628132070226886
71,WFAgent4,MALE_OLD_HIGH_INCOME,17,17.180623048387165,23,16.46809204894601
71,WFAgent5,MALE_YOUNG,48,50.00032720091897,51,49.540465710802
72,WFAgent6,MALE_YOUNG_HIGH_INCOME,11,11.384284965390531,11,11.337169775563716
72,WFAgent7,OLD_HIGH_INCOME,25,24.79415363537553,115,0.0
72,WFAgent8,FEMALE_OLD_LOW_INCOME,49,54.0116039813818,49,53.434855073859104
72,WFAgent9,YOUNG_HIGH_INCOME,16,15.138977389414697,41,0.0
72,SIAgent10,FEMALE_OLD,57,58.68133687798644,60,58.335868923954216
72,SIAgent11,FEMALE_LOW_INCOME,88,93.90758050449577,92,93.80513721842398
72,SIAgent12,MALE_YOUNG,48,49.05532984822133,48,48.347866932268566
72,SIAgent13,FEMALE_OLD_LOW_INCOME,49,45.370475122862366,182,0.0
72,SIAgent14,FEMALE_HIGH_INCOME,14,12.481794597734552,75,0.0
72,SIAgent15,YOUNG_LOW_INCOME,77,86.64658268409242,80,86.06439444970484
72,SIAgent16,MALE_HIGH_INCOME,27,27.998901170071743,27,27.899480570194072
72,SIAgent17,YOUNG_HIGH_INCOME,16,16.490428764456315,16,16.09970189854124
72,WFAgent11,YOUNG_LOW_INCOME,77,78.46565196856956,184,19.976034685096053
72,WFAgent10,YOUNG_HIGH_INCOME,16,18.370013926237817,17,17.546458729649903
72,SIAgent9,FEMALE_YOUNG_LOW_INCOME,40,39.420872013769454,238,0.0
72,SIAgent7,FEMALE_YOUNG,45,48.34774976297274,45,47.729083457982085
72,SIAgent8,FEMALE_LOW_INCOME,88,96.78746055533308,89,96.74148004063913
72,SIAgent5,OLD_HIGH_INCOME,25,25.800632740960097,28,25.077276499315673
72,SIAgent6,FEMALE_HIGH_INCOME,14,15.104367435498284,14,14.702569112170263
72,SIAgent3,MALE_YOUNG,48,45.6595078516481,50,45.419274037815335
72,SIAgent4,MALE_YOUNG_LOW_INCOME,37,38.71707151015049,37,37.813483424670586
72,SIAgent1,FEMALE_OLD_LOW_INCOME,49,48.40217440816433,52,48.148259314058066
72,SIAgent2,FEMALE_HIGH_INCOME,14,13.061581138196525,14,12.48179459773455
72,SIAgent0,OLD_LOW_INCOME,84,87.09475925364444,107,86.34313575777578
72,WFAgent0,MALE_YOUNG_LOW_INCOME,37,33.35881135142521,0,0.0
72,WFAgent1,MALE_OLD_LOW_INCOME,36,29.050026983924553,0,0.0
72,WFAgent2,MALE_HIGH_INCOME,27,22.46940320507489,0,0.0
72,WFAgent3,MALE_YOUNG_LOW_INCOME,37,38.022994501496875,37,37.813483424670586
72,WFAgent4,MALE_OLD_LOW_INCOME,36,35.59984099622326,292,0.0
72,WFAgent5,FEMALE_OLD_HIGH_INCOME,9,7.644756271488761,0,0.0
73,WFAgent6,FEMALE_LOW_INCOME,88,93.38818133795732,101,93.07613553465279
73,WFAgent7,MALE_YOUNG_HIGH_INCOME,11,10.134541555231468,11,9.389618108298889
73,WFAgent8,OLD_HIGH_INCOME,25,23.683751282280333,25,22.852964387173984
73,WFAgent9,FEMALE_YOUNG_LOW_INCOME,40,42.33530351183954,41,41.44222953170192
73,SIAgent10,MALE_OLD,53,55.19703653816231,58,55.13827060228755
73,SIAgent11,FEMALE_OLD_HIGH_INCOME,9,9.281289440762794,9,9.259805679970519
73,SIAgent12,FEMALE_OLD_HIGH_INCOME,9,8.389493171183066,9,8.00984592937545
73,SIAgent13,FEMALE_OLD_LOW_INCOME,49,45.15574892275244,48,44.23420302636975
73,SIAgent14,FEMALE_YOUNG_HIGH_INCOME,6,6.433742707196749,6,6.433742707196749
73,SIAgent15,MALE_YOUNG_HIGH_INCOME,11,9.38961810829889,11,9.377574961690927
73,SIAgent16,FEMALE_HIGH_INCOME,14,14.40414216884303,15,13.93325683373737
73,SIAgent17,MALE_OLD_HIGH_INCOME,17,17.896169613104664,18,17.202670765086022
73,WFAgent11,FEMALE_YOUNG_LOW_INCOME,40,47.62625469591855,46,47.06934581677415
73,WFAgent10,FEMALE_LOW_INCOME,88,90.0457050407854,329,35.018744062542716
73,SIAgent9,FEMALE_YOUNG_LOW_INCOME,40,40.43144344556289,41,39.60080679130634
73,SIAgent7,FEMALE_HIGH_INCOME,14,12.45976033458403,20,0.0
73,SIAgent8,OLD_HIGH_INCOME,25,26.795797003365184,25,26.34715780401332
73,SIAgent5,MALE_HIGH_INCOME,27,23.000792310726304,117,0.0
73,SIAgent6,FEMALE_YOUNG,45,41.01199688442935,169,23.139554907084634
73,SIAgent3,MALE_OLD,53,48.44828450080883,167,47.80646860646102
73,SIAgent4,YOUNG_LOW_INCOME,77,74.37224690074606,203,73.82159439197275
73,SIAgent1,FEMALE_OLD_HIGH_INCOME,9,9.503704050503044,9,9.281289440762794
73,SIAgent2,FEMALE_YOUNG,45,53.66561557643701,48,53.21301353394259
73,SIAgent0,MALE_OLD,53,50.38497141243512,53,49.90993500014946
73,WFAgent0,MALE_YOUNG_HIGH_INCOME,11,11.08528813427286,12,10.243219754507878
73,WFAgent1,FEMALE_OLD_HIGH_INCOME,9,8.782061961697055,9,8.52615046162092
73,WFAgent2,FEMALE_OLD_HIGH_INCOME,9,8.540016641221344,9,8.389493171183068
73,WFAgent3,YOUNG_LOW_INCOME,77,86.09837880763146,89,85.96272693722591
73,WFAgent4,MALE_LOW_INCOME,73,71.30005692439873,76,70.38654329909673
73,WFAgent5,FEMALE_YOUNG_HIGH_INCOME,6,6.852478724202364,6,6.346896400346837
74,WFAgent6,YOUNG_HIGH_INCOME,16,15.397766635657945,16,15.353377929531353
74,WFAgent7,FEMALE_LOW_INCOME,88,87.2094716584747,106,87.14800195553055
74,WFAgent8,MALE_OLD,53,57.20321652033734,54,56.333165260300746
74,WFAgent9,FEMALE_OLD,57,53.81311460305392,57,53.38245473211219
74,SIAgent10,FEMALE_YOUNG_LOW_INCOME,40,43.64031923013734,44,43.60473582923738
74,SIAgent11,MALE_YOUNG_LOW_INCOME,37,39.82552572985649,44,39.33952294220875
74,SIAgent12,MALE_OLD_LOW_INCOME,36,37.12804773124102,37,36.237488964633066
74,SIAgent13,MALE_LOW_INCOME,73,80.09869745592262,75,79.99451127769045
74,SIAgent14,MALE_OLD_LOW_INCOME,36,37.806852786647184,36,37.806852786647184
74,SIAgent15,MALE_OLD,53,48.724266728987274,64,34.869122607866835
74,SIAgent16,FEMALE_OLD,57,56.75305074990699,74,56.645383792688285
74,SIAgent17,MALE_OLD,53,51.907754462852814,53,51.90775446285276
74,WFAgent11,OLD_LOW_INCOME,84,84.47584686203169,89,83.87879827918239
74,WFAgent10,YOUNG_HIGH_INCOME,16,14.827123453506195,45,0.0
74,SIAgent9,OLD_LOW_INCOME,84,78.15609163690559,87,77.57037304686024
74,SIAgent7,YOUNG_HIGH_INCOME,16,15.353377929531357,62,15.126008157569954
74,SIAgent8,FEMALE_OLD_HIGH_INCOME,9,9.487227815881146,9,9.107885503678679
74,SIAgent5,OLD_LOW_INCOME,84,78.66888065784961,84,78.58341582102548
74,SIAgent6,MALE_OLD,53,59.65788227945133,54,58.84025668857448
74,SIAgent3,FEMALE_YOUNG_HIGH_INCOME,6,4.966212795202848,15,0.0
74,SIAgent4,MALE_LOW_INCOME,73,65.26784488139177,282,0.0
74,SIAgent1,MALE_HIGH_INCOME,27,28.93226228031133,28,28.344701381908767
74,SIAgent2,FEMALE_OLD,57,57.68327485663163,57,56.75305074990704
74,SIAgent0,OLD_LOW_INCOME,84,74.37095039087502,40,0.0
74,WFAgent0,FEMALE_YOUNG_LOW_INCOME,40,41.40373296440301,42,40.861502868145855
74,WFAgent1,MALE_OLD,53,54.65565799713166,56,53.76474473038067
74,WFAgent2,YOUNG_LOW_INCOME,77,72.7327667900426,221,0.0
74,WFAgent3,MALE_YOUNG_HIGH_INCOME,11,12.187988426899112,11,11.675238817007314
74,WFAgent4,FEMALE_LOW_INCOME,88,85.61457743801991,91,85.22462071267043
74,WFAgent5,FEMALE_YOUNG_LOW_INCOME,40,32.886038473785135,0,0.0
75,WFAgent6,FEMALE_YOUNG,45,46.65125644881301,51,46.05260943823869
75,WFAgent7,MALE_LOW_INCOME,73,73.69120749450927,87,73.55806876625435
75,WFAgent8,MALE_YOUNG,48,54.9288022659904,58,54.69089003217657
75,WFAgent9,MALE_LOW_INCOME,73,76.50599043762098,73,75.83326286996328
75,SIAgent10,MALE_YOUNG_HIGH_INCOME,11,12.88805569068888,11,12.032115324575955
75,SIAgent11,FEMALE_OLD_LOW_INCOME,49,45.59333642652462,296,0.0
75,SIAgent12,FEMALE_HIGH_INCOME,14,16.892689124567983,17,16.774598606186885
75,SIAgent13,OLD_LOW_INCOME,84,82.21478064780625,88,81.88191031702388
75,SIAgent14,FEMALE_OLD_LOW_INCOME,49,59.53615512680727,58,58.65005579755802
75,SIAgent15,FEMALE_OLD_LOW_INCOME,49,49.54918507035071,50,48.93736943321799
75,SIAgent16,FEMALE_OLD_HIGH_INCOME,9,7.530795636868749,0,0.0
75,SIAgent17,FEMALE_YOUNG_LOW_INCOME,40,44.91870097949093,47,44.24951524023179
75,WFAgent11,OLD_LOW_INCOME,84,83.37274284466862,97,83.19552915063825
75,WFAgent10,MALE_YOUNG_HIGH_INCOME,11,10.042012487394532,0,0.0
75,SIAgent9,FEMALE_YOUNG_LOW_INCOME,40,37.659161906580245,40,37.65916190658023
75,SIAgent7,MALE_LOW_INCOME,73,75.9655804093051,73,75.71039658343145
75,SIAgent8,OLD_HIGH_INCOME,25,22.484492860298722,24,21.585113145886787
75,SIAgent5,MALE_LOW_INCOME,73,75.27563895416526,80,74.88479159745864
75,SIAgent6,MALE_YOUNG,48,42.48730939037639,48,42.487309390376375
75,SIAgent3,MALE_OLD_LOW_INCOME,36,36.17765657472136,36,35.23490599191695
75,SIAgent4,MALE_OLD_LOW_INCOME,36,30.87669123116468,67,0.0
75,SIAgent1,MALE_YOUNG,48,52.50377596178599,50,52.44716471304085
75,SIAgent2,YOUNG_LOW_INCOME,77,63.04780583053342,305,27.839290886209536
75,SIAgent0,YOUNG_HIGH_INCOME,16,15.08714207784183,38,0.0
75,WFAgent0,MALE_LOW_INCOME,73,59.915656838748205,33,27.020488213085727
75,WFAgent1,MALE_YOUNG_LOW_INCOME,37,39.35893879089606,37,38.50310239923684
75,WFAgent2,FEMALE_OLD,57,53.713265393112636,52,43.5112636796861
75,WFAgent3,MALE_HIGH_INCOME,27,27.607327300048038,130,15.289455145003139
75,WFAgent4,FEMALE_YOUNG,45,48.57637692920667,44,41.48964071406499
75,WFAgent5,FEMALE_OLD_HIGH_INCOME,9,9.111719150125634,10,8.99379714411949
76,WFAgent6,MALE_OLD_LOW_INCOME,36,40.19795480962115,41,39.307148250302426
76,WFAgent7,MALE_OLD_HIGH_INCOME,17,15.867781019076306,53,0.0
76,WFAgent8,FEMALE_YOUNG_HIGH_INCOME,6,5.3370225944881815,0,0.0
76,WFAgent9,FEMALE_YOUNG,45,44.321750139630424,49,44.20682491607611
76,SIAgent10,MALE_LOW_INCOME,73,82.53070533696757,79,81.69673474159175
76,SIAgent11,MALE_HIGH_INCOME,27,27.6245085562057,27,27.350856733665232
76,SIAgent12,MALE_HIGH_INCOME,27,26.39307535477363,27,25.787106237108777
76,SIAgent13,YOUNG_LOW_INCOME,77,69.46786772526251,138,68.90145315194867
76,SIAgent14,MALE_OLD_HIGH_INCOME,17,19.63653284158062,19,19.439468983996598
76,SIAgent15,MALE_YOUNG_LOW_INCOME,37,38.180013346912325,42,37.89156421377954
76,SIAgent16,OLD_LOW_INCOME,84,97.2893477256358,90,96.65676112309194
76,SIAgent17,YOUNG_LOW_INCOME,77,79.98233129435162,82,79.29696647084076
76,WFAgent11,FEMALE_YOUNG_HIGH_INCOME,6,5.184621275701781,0,0.0
76,WFAgent10,OLD_LOW_INCOME,84,78.24480430816905,99,0.0
76,SIAgent9,FEMALE_OLD_HIGH_INCOME,9,8.624796682748435,10,8.595376757845361
76,SIAgent7,FEMALE_YOUNG_HIGH_INCOME,6,7.253532984721698,7,7.199788701574078
76,SIAgent8,FEMALE_YOUNG,45,48.63468565550047,46,47.781652461560675
76,SIAgent5,FEMALE_OLD,57,54.923982227832084,57,54.642921463590255
76,SIAgent6,MALE_OLD,53,50.61913446543572,56,50.07495155582845
76,SIAgent3,FEMALE_YOUNG_LOW_INCOME,40,35.379185796481124,40,35.3791857964811
76,SIAgent4,YOUNG_HIGH_INCOME,16,15.342429505046704,20,14.61214048833711
76,SIAgent1,FEMALE_HIGH_INCOME,14,12.033527460983505,82,0.0
76,SIAgent2,FEMALE_OLD,57,58.51678072705953,60,57.81471813456004
76,SIAgent0,OLD_LOW_INCOME,84,80.5317183664733,273,80.41546479359651
76,WFAgent0,MALE_OLD,53,47.39236486533767,0,0.0
76,WFAgent1,FEMALE_LOW_INCOME,88,78.91208426499927,133,42.455022955777316
76,WFAgent2,MALE_YOUNG,48,52.56908074684058,53,52.091500424656964
76,WFAgent3,FEMALE_OLD_HIGH_INCOME,9,7.408312447025995,0,0.0
76,WFAgent4,OLD_LOW_INCOME,84,74.54901733755432,0,0.0
76,WFAgent5,MALE_OLD,53,54.312690247054135,56,53.68781224431547
77,WFAgent6,YOUNG_HIGH_INCOME,16,17.11953152945561,16,16.488000867144404
77,WFAgent7,MALE_OLD_HIGH_INCOME,17,19.018775878018747,19,18.501634584692813
77,WFAgent8,FEMALE_HIGH_INCOME,14,14.786087917924894,14,13.485871684532475
77,WFAgent9,MALE_YOUNG_HIGH_INCOME,11,9.638621314130292,0,0.0
77,SIAgent10,MALE_YOUNG_HIGH_INCOME,11,9.456848949786318,34,0.0
77,SIAgent11,YOUNG_LOW_INCOME,77,70.15143280959443,445,43.73076330987702
77,SIAgent12,MALE_YOUNG,48,50.280156215871976,49,49.88998328816919
77,SIAgent13,MALE_YOUNG_HIGH_INCOME,11,10.50161266873386,12,10.31656249067598
77,SIAgent14,YOUNG_LOW_INCOME,77,91.54415621717423,94,91.09723890350492
77,SIAgent15,MALE_LOW_INCOME,73,73.1179350412104,73,72.55323198125515
77,SIAgent16,FEMALE_HIGH_INCOME,14,13.485871684532471,61,12.522595135637298
77,SIAgent17,MALE_HIGH_INCOME,27,31.099403796017693,29,31.02490157489404
77,WFAgent11,MALE_LOW_INCOME,73,70.11467685543707,0,0.0
77,WFAgent10,YOUNG_HIGH_INCOME,16,18.988856514727914,19,18.302254429008357
77,SIAgent9,MALE_YOUNG_HIGH_INCOME,11,11.540580167939023,10,10.491436516308205
77,SIAgent7,MALE_YOUNG_LOW_INCOME,37,34.02708587641617,37,33.70913005136356
77,SIAgent8,MALE_OLD,53,57.27756042658149,56,56.32775013289779
77,SIAgent5,FEMALE_OLD,57,61.69801926156685,65,60.96972287270081
77,SIAgent6,MALE_OLD_LOW_INCOME,36,35.127054043677234,162,0.0
77,SIAgent3,MALE_OLD_HIGH_INCOME,17,15.493621179316092,119,0.0
77,SIAgent4,MALE_YOUNG_LOW_INCOME,37,36.256159401846716,39,35.8663878156819
77,SIAgent1,FEMALE_OLD,57,52.6285777656702,56,51.705269383816386
77,SIAgent2,MALE_YOUNG_HIGH_INCOME,11,11.175994262557253,11,10.501612668733857
77,SIAgent0,MALE_YOUNG_LOW_INCOME,37,37.67202819718896,37,37.05977529486009
77,WFAgent0,OLD_HIGH_INCOME,25,30.28627388534378,29,29.58607815383812
77,WFAgent1,MALE_YOUNG,48,43.555784913507495,0,0.0
77,WFAgent2,OLD_LOW_INCOME,84,87.36494830243856,88,87.00415018781135
77,WFAgent3,FEMALE_OLD,57,57.226884313016186,365,48.01203585640093
77,WFAgent4,FEMALE_OLD_HIGH_INCOME,9,9.221966737781457,9,8.66948894005659
77,WFAgent5,FEMALE_YOUNG,45,47.726723227665886,52,47.374993585700096
78,WFAgent6,OLD_LOW_INCOME,84,58.422125400234506,0,0.0
78,WFAgent7,FEMALE_YOUNG,45,45.51287230045397,55,45.097070475104786
78,WFAgent8,MALE_YOUNG,48,51.234026592471814,55,50.70491230555395
78,WFAgent9,MALE_YOUNG,48,58.87845125382398,60,58.84887454382917
78,SIAgent10,FEMALE_OLD,57,54.92789227978327,64,54.89779381750064
78,SIAgent11,MALE_HIGH_INCOME,27,24.7324532905268,108,24.51229638763672
78,SIAgent12,MALE_LOW_INCOME,73,70.60186042532098,77,70.42489781101172
78,SIAgent13,FEMALE_HIGH_INCOME,14,14.062196449457929,14,13.793611724090395
78,SIAgent14,FEMALE_OLD_LOW_INCOME,49,41.56041232309154,50,40.997336795549806
78,SIAgent15,FEMALE_HIGH_INCOME,14,16.31693822825001,15,15.640608977837543
78,SIAgent16,MALE_YOUNG_HIGH_INCOME,11,11.982122845184833,12,11.769774908765852
78,SIAgent17,FEMALE_YOUNG_HIGH_INCOME,6,5.912617168717249,6,5.628229027418553
78,WFAgent11,FEMALE_OLD_LOW_INCOME,49,41.21388672687615,56,40.93920748897333
78,WFAgent10,MALE_LOW_INCOME,73,68.73731998462642,80,68.62224227187579
78,SIAgent9,FEMALE_LOW_INCOME,88,72.15531276016769,156,71.33536602425671
78,SIAgent7,MALE_OLD,53,51.57051307386794,53,51.25888496632888
78,SIAgent8,OLD_HIGH_INCOME,25,24.573529796742164,41,24.57352979674215
78,SIAgent5,FEMALE_OLD_HIGH_INCOME,9,9.470460875429563,9,9.326968394217836
78,SIAgent6,MALE_OLD_HIGH_INCOME,17,18.681018117938738,19,18.67588264552404
78,SIAgent3,OLD_LOW_INCOME,84,87.23220017652602,90,87.05659701355013
78,SIAgent4,MALE_YOUNG,48,47.07909963506339,48,46.47780431270442
78,SIAgent1,MALE_YOUNG,48,43.57741580024309,198,0.0
78,SIAgent2,OLD_LOW_INCOME,84,72.0533543854695,84,71.24642112529962
78,SIAgent0,FEMALE_YOUNG_HIGH_INCOME,6,5.628229027418553,25,0.0
78,WFAgent0,FEMALE_YOUNG_LOW_INCOME,40,33.592709158968724,40,32.797869436439846
78,WFAgent1,FEMALE_OLD,57,43.60144723413411,157,0.0
78,WFAgent2,MALE_YOUNG,48,46.26161767242253,50,45.39314145858656
78,WFAgent3,MALE_HIGH_INCOME,27,29.029463338143447,29,28.304521354225926
78,WFAgent4,FEMALE_OLD_HIGH_INCOME,9,9.477992977642145,9,9.470460875429563
78,WFAgent5,MALE_OLD_LOW_INCOME,36,31.63001934067679,142,0.0
79,WFAgent6,FEMALE_YOUNG_HIGH_INCOME,6,6.109997688311494,6,5.736275387065357
79,WFAgent7,YOUNG_HIGH_INCOME,16,15.722184381567702,53,11.9614453322709
79,WFAgent8,OLD_HIGH_INCOME,25,25.669857979307558,25,24.982626775935483
79,WFAgent9,MALE_YOUNG_HIGH_INCOME,11,11.76691462649012,12,11.519128542013759
79,SIAgent10,FEMALE_YOUNG_LOW_INCOME,40,32.1819411202226,214,0.0
79,SIAgent11,FEMALE_YOUNG_LOW_INCOME,40,47.21917362901742,41,46.75167887790927
79,SIAgent12,OLD_LOW_INCOME,84,93.64559156700365,86,93.37967317979822
79,SIAgent13,OLD_LOW_INCOME,84,91.1669686003594,261,90.93676146440534
79,SIAgent14,FEMALE_HIGH_INCOME,14,13.384642569819166,14,13.348707851380397
79,SIAgent15,OLD_HIGH_INCOME,25,29.19189894285913,28,28.441322016180468
79,SIAgent16,MALE_LOW_INCOME,73,79.27293787189025,84,79.23875868143516
79,SIAgent17,MALE_YOUNG_HIGH_INCOME,11,11.868118889531063,11,11.868118889531063
79,WFAgent11,MALE_OLD_HIGH_INCOME,17,15.627120581963462,12,10.749207615859149
79,WFAgent10,FEMALE_OLD_HIGH_INCOME,9,9.001437165010255,9,8.604413080598036
79,SIAgent9,OLD_HIGH_INCOME,25,22.39418253303989,21,18.01580611561051
79,SIAgent7,MALE_OLD,53,52.96316876498324,194,52.31889783169896
79,SIAgent8,MALE_OLD_HIGH_INCOME,17,17.544808758861684,17,17.544808758861677
79,SIAgent5,YOUNG_LOW_INCOME,77,85.86919967986842,79,85.00148475893344
79,SIAgent6,YOUNG_HIGH_INCOME,16,14.72177887048726,25,13.801667691081809
79,SIAgent3,FEMALE_LOW_INCOME,88,100.34506685990273,90,100.34061337986714
79,SIAgent4,OLD_HIGH_INCOME,25,22.820026770249072,25,22.39418253303989
79,SIAgent1,MALE_YOUNG_HIGH_INCOME,11,10.87204272783591,11,10.87204272783591
79,SIAgent2,FEMALE_YOUNG,45,46.50576836717092,53,46.01693439787843
79,SIAgent0,FEMALE_OLD_HIGH_INCOME,9,7.721059763833074,0,0.0
79,WFAgent0,YOUNG_LOW_INCOME,77,62.69535385887872,0,0.0
79,WFAgent1,MALE_OLD_HIGH_INCOME,17,18.42794823239393,18,18.38040131483276
79,WFAgent2,YOUNG_LOW_INCOME,77,81.24193165396058,282,0.0
79,WFAgent3,OLD_HIGH_INCOME,25,21.299482338289682,0,0.0
79,WFAgent4,FEMALE_YOUNG_LOW_INCOME,40,40.100134381824795,49,39.42287787227265
79,WFAgent5,MALE_YOUNG_HIGH_INCOME,11,12.6415893060709,12,12.313172140227879
80,WFAgent6,FEMALE_YOUNG_HIGH_INCOME,6,5.271032011293999,0,0.0
80,WFAgent7,OLD_LOW_INCOME,84,89.77211445047381,480,0.0
80,WFAgent8,MALE_YOUNG,48,48.89763000631074,50,48.27762615310013
80,WFAgent9,OLD_HIGH_INCOME,25,20.499177585034353,0,0.0
80,SIAgent10,MALE_YOUNG_LOW_INCOME,37,39.65977778368185,40,38.775988165704504
80,SIAgent11,YOUNG_LOW_INCOME,77,71.75058463174557,77,71.3492313194583
80,SIAgent12,YOUNG_LOW_INCOME,77,88.98731863616442,90,88.57790504257493
80,SIAgent13,MALE_LOW_INCOME,73,67.25562566635439,224,66.48676085314668
80,SIAgent14,MALE_YOUNG,48,46.53118579884541,48,46.531185798845385
80,SIAgent15,YOUNG_LOW_INCOME,77,68.2597411425639,278,0.0
80,SIAgent16,OLD_HIGH_INCOME,25,27.165800232035405,25,26.216994897524703
80,SIAgent17,OLD_HIGH_INCOME,25,28.66238376352023,26,28.25243224131682
80,WFAgent11,MALE_YOUNG_HIGH_INCOME,11,9.213782851464043,0,0.0
80,WFAgent10,MALE_HIGH_INCOME,27,27.41912579987173,30,27.200917070426428
80,SIAgent9,OLD_HIGH_INCOME,25,25.279411786087447,42,24.73252514836828
80,SIAgent7,MALE_HIGH_INCOME,27,28.610264641885852,27,28.308578973883147
80,SIAgent8,FEMALE_HIGH_INCOME,14,14.35546799303473,14,14.322151017721025
80,SIAgent5,MALE_YOUNG_HIGH_INCOME,11,11.116343542305522,11,11.116343542305518
80,SIAgent6,MALE_OLD,53,55.42995829419355,60,55.27859643809948
80,SIAgent3,MALE_YOUNG_HIGH_INCOME,11,9.211886959279154,1,0.0
80,SIAgent4,MALE_OLD_HIGH_INCOME,17,17.559589858369794,17,17.190000014539468
80,SIAgent1,MALE_OLD_HIGH_INCOME,17,16.81811710089043,70,0.0
80,SIAgent2,YOUNG_LOW_INCOME,77,71.34923131945838,80,70.91921157668976
80,SIAgent0,FEMALE_YOUNG_HIGH_INCOME,6,6.149899037417014,46,0.0
80,WFAgent0,FEMALE_OLD_HIGH_INCOME,9,8.849674612858543,0,0.0
80,WFAgent1,MALE_OLD_LOW_INCOME,36,42.56215549278727,40,41.83393078807058
80,WFAgent2,FEMALE_OLD_HIGH_INCOME,9,7.3051395976879405,0,0.0
80,WFAgent3,MALE_YOUNG,48,52.02609189788599,50,51.36290095699289
80,WFAgent4,FEMALE_OLD,57,54.81592540888486,0,0.0
80,WFAgent5,MALE_YOUNG_LOW_INCOME,37,41.4791845172056,38,40.731663669727304
81,WFAgent6,FEMALE_OLD_LOW_INCOME,49,48.73317074353957,322,41.14819205256099
81,WFAgent7,MALE_OLD,53,43.60903303869734,0,0.0
81,WFAgent8,YOUNG_HIGH_INCOME,16,15.532487530167034,50,8.451140306436553
81,WFAgent9,FEMALE_YOUNG_HIGH_INCOME,6,5.2081935271259265,0,0.0
81,SIAgent10,FEMALE_OLD_LOW_INCOME,49,65.37058940122,60,65.06409191854247
81,SIAgent11,YOUNG_LOW_INCOME,77,79.35455357687087,113,78.84342275057084
81,SIAgent12,FEMALE_OLD_LOW_INCOME,49,44.80580912389974,48,43.89140485606506
81,SIAgent13,MALE_LOW_INCOME,73,79.82926507585192,82,79.20042196412935
81,SIAgent14,MALE_OLD,53,50.71410689752344,372,0.0
81,SIAgent15,FEMALE_LOW_INCOME,88,95.42733481386234,103,95.3015028534873
81,SIAgent16,FEMALE_HIGH_INCOME,14,14.564156479760685,14,13.698641478700734
81,SIAgent17,MALE_HIGH_INCOME,27,27.675555586897378,31,27.667876377840585
81,WFAgent11,MALE_YOUNG_LOW_INCOME,37,36.390905323787074,155,26.58673557868091
81,WFAgent10,FEMALE_HIGH_INCOME,14,15.358636119445547,14,14.564156479760685
81,SIAgent9,FEMALE_YOUNG_LOW_INCOME,40,45.07286379254797,40,44.48757864139007
81,SIAgent7,MALE_OLD_HIGH_INCOME,17,19.168144652635448,18,18.45037039126492
81,SIAgent8,MALE_YOUNG_LOW_INCOME,37,33.921007462454945,36,33.0042234769832
81,SIAgent5,YOUNG_HIGH_INCOME,16,16.958184655641723,16,16.590133473887846
81,SIAgent6,MALE_YOUNG_HIGH_INCOME,11,8.451140306436551,10,7.68285482403323
81,SIAgent3,FEMALE_YOUNG_LOW_INCOME,40,43.61461776036208,40,43.37606127902831
81,SIAgent4,FEMALE_YOUNG_LOW_INCOME,40,42.963960807755896,41,42.25372333313901
81,SIAgent1,FEMALE_YOUNG_HIGH_INCOME,6,6.339927700962889,6,6.069516711578375
81,SIAgent2,YOUNG_LOW_INCOME,77,85.63858888467597,77,84.80927604769929
81,SIAgent0,YOUNG_HIGH_INCOME,16,16.984916288183438,16,16.958184655641727
81,WFAgent0,MALE_YOUNG_LOW_INCOME,37,41.3044807909945,37,41.1137344639794
81,WFAgent1,OLD_HIGH_INCOME,25,22.91629728150141,0,0.0
81,WFAgent2,FEMALE_YOUNG_HIGH_INCOME,6,5.7915100535833846,24,0.0
81,WFAgent3,OLD_HIGH_INCOME,25,23.663800488785096,57,0.0
81,WFAgent4,MALE_YOUNG_LOW_INCOME,37,32.0395586270302,0,0.0
81,WFAgent5,MALE_OLD_HIGH_INCOME,17,19.08711937732937,18,18.245918483775554
82,WFAgent6,OLD_LOW_INCOME,84,78.7942903893902,222,63.61686726849402
82,WFAgent7,FEMALE_OLD_HIGH_INCOME,9,9.4957443392453,0,0.0
82,WFAgent8,MALE_OLD,53,57.410783667509875,54,56.470237910564705
82,WFAgent9,FEMALE_LOW_INCOME,88,91.07140332623979,101,90.49723371997035
82,SIAgent10,FEMALE_OLD,57,51.07269625780509,68,51.07269625780506
82,SIAgent11,MALE_OLD_HIGH_INCOME,17,17.222697415808017,17,16.890100324779898
82,SIAgent12,MALE_OLD,53,59.27968814979581,61,58.85450704548258
82,SIAgent13,MALE_HIGH_INCOME,27,28.26945501232686,26,27.222438160018466
82,SIAgent14,MALE_OLD_HIGH_INCOME,17,17.42629862158413,17,17.222697415808017
82,SIAgent15,MALE_OLD_HIGH_INCOME,17,17.768564753992518,17,17.426298621584134
82,SIAgent16,MALE_YOUNG_LOW_INCOME,37,38.700582731348696,37,38.70058273134869
82,SIAgent17,FEMALE_YOUNG,45,35.62418383285596,45,35.62418383285596
82,WFAgent11,OLD_LOW_INCOME,84,90.52770503152892,102,90.50630146806623
82,WFAgent10,YOUNG_LOW_INCOME,77,84.77119994302257,107,84.70639266923548
82,SIAgent9,MALE_OLD,53,44.70359011621533,190,0.0
82,SIAgent7,FEMALE_YOUNG_HIGH_INCOME,6,6.381702828009541,6,5.916825586300996
82,SIAgent8,FEMALE_YOUNG_HIGH_INCOME,6,5.916825586300996,6,5.916825586300996
82,SIAgent5,MALE_HIGH_INCOME,27,26.82545345700336,81,26.147382898163702
82,SIAgent6,FEMALE_OLD_HIGH_INCOME,9,9.1546588794278,9,8.474194511990435
82,SIAgent3,FEMALE_OLD,57,61.819202701916275,64,60.904472645939684
82,SIAgent4,FEMALE_YOUNG_LOW_INCOME,40,47.46830027759271,45,46.57060397364538
82,SIAgent1,FEMALE_OLD,57,67.34010751871524,62,67.24193978103183
82,SIAgent2,OLD_HIGH_INCOME,25,23.539429199973434,26,23.296317591279514
82,SIAgent0,FEMALE_OLD_HIGH_INCOME,9,10.667611865180486,9,10.53579057634453
82,WFAgent0,MALE_YOUNG_LOW_INCOME,37,39.546385527247146,305,28.24096577693014
82,WFAgent1,MALE_YOUNG,48,51.455642713923524,50,50.69291490375236
82,WFAgent2,FEMALE_YOUNG,45,43.02374357097562,199,22.957807358951612
82,WFAgent3,OLD_LOW_INCOME,84,74.53460120899561,0,0.0
82,WFAgent4,FEMALE_HIGH_INCOME,14,14.613415040346304,16,14.416778086784642
82,WFAgent5,MALE_OLD_LOW_INCOME,36,33.74045989235527,40,33.73855857827575
83,WFAgent6,MALE_LOW_INCOME,73,68.8397259582547,81,68.6976271950461
83,WFAgent7,MALE_YOUNG,48,52.00424046962614,89,13.592757153388076
83,WFAgent8,FEMALE_HIGH_INCOME,14,16.110058783691652,48,4.395296378039456
83,WFAgent9,FEMALE_OLD_LOW_INCOME,49,50.3263064184777,49,50.212080510945476
83,SIAgent10,FEMALE_HIGH_INCOME,14,15.383537323138096,14,15.31044339995806
83,SIAgent11,OLD_LOW_INCOME,84,86.07785230447794,88,86.02684782950358
83,SIAgent12,MALE_YOUNG,48,46.60373881161626,49,46.58342424934603
83,SIAgent13,FEMALE_OLD,57,61.734232784857426,59,61.69500793077315
83,SIAgent14,MALE_YOUNG_LOW_INCOME,37,37.07862913579546,38,36.894626559196205
83,SIAgent15,MALE_OLD,53,44.95029927577086,78,0.0
83,SIAgent16,FEMALE_OLD_HIGH_INCOME,9,10.24237338145413,9,9.889416850588773
83,SIAgent17,OLD_LOW_INCOME,84,89.63697512450281,87,89.15206131535217
83,WFAgent11,MALE_OLD_LOW_INCOME,36,30.533690923947834,0,0.0
83,WFAgent10,MALE_LOW_INCOME,73,70.28749353682038,82,69.54896266010344
83,SIAgent9,FEMALE_OLD_LOW_INCOME,49,55.33612511553222,51,55.23589249171457
83,SIAgent7,YOUNG_LOW_INCOME,77,72.64004252034442,246,72.04012062526782
83,SIAgent8,OLD_HIGH_INCOME,25,24.24633265700126,26,24.135948630102718
83,SIAgent5,OLD_HIGH_INCOME,25,27.40794981752262,25,26.573246249599357
83,SIAgent6,OLD_HIGH_INCOME,25,23.20764291356031,26,22.357905566452313
83,SIAgent3,OLD_HIGH_INCOME,25,21.497986121588774,36,21.202971356495677
83,SIAgent4,FEMALE_LOW_INCOME,88,86.29462254472713,146,85.84732297858886
83,SIAgent1,MALE_OLD_LOW_INCOME,36,43.39427949542624,40,42.68427386881086
83,SIAgent2,MALE_OLD_HIGH_INCOME,17,18.069807449727566,18,17.45735951304091
83,SIAgent0,FEMALE_YOUNG_LOW_INCOME,40,41.846094500784844,40,41.84609450078484
83,WFAgent0,MALE_YOUNG_LOW_INCOME,37,42.914486036300524,42,42.08925469468674
83,WFAgent1,FEMALE_OLD_LOW_INCOME,49,60.769589881103975,53,59.85335981884103
83,WFAgent2,FEMALE_YOUNG_LOW_INCOME,40,37.3768334291969,78,0.0
83,WFAgent3,YOUNG_LOW_INCOME,77,71.1165293352004,0,0.0
83,WFAgent4,OLD_LOW_INCOME,84,70.44478896225979,202,0.0
83,WFAgent5,FEMALE_LOW_INCOME,88,105.67472454998955,106,105.58408663256895
84,WFAgent6,FEMALE_YOUNG_LOW_INCOME,40,37.164416674473614,48,36.961472554567955
84,WFAgent7,FEMALE_OLD_HIGH_INCOME,9,8.93579448791383,10,8.37998574345841
84,WFAgent8,YOUNG_LOW_INCOME,77,67.96797348789097,85,65.4526076487141
84,WFAgent9,FEMALE_OLD_HIGH_INCOME,9,9.51313527020627,9,9.077110422486971
84,SIAgent10,MALE_OLD_LOW_INCOME,36,34.110155221238834,238,0.0
84,SIAgent11,OLD_HIGH_INCOME,25,26.52513722081131,26,26.13620454092893
84,SIAgent12,MALE_HIGH_INCOME,27,26.04477154410247,29,25.694807189526163
84,SIAgent13,OLD_HIGH_INCOME,25,20.949964358646035,80,5.865990020420888
84,SIAgent14,FEMALE_LOW_INCOME,88,67.76269968337449,426,63.91254629227378
84,SIAgent15,FEMALE_YOUNG_LOW_INCOME,40,38.41653178548803,43,37.95614103869235
84,SIAgent16,MALE_YOUNG_LOW_INCOME,37,39.86558202218843,40,39.79275766216271
84,SIAgent17,OLD_HIGH_INCOME,25,25.130965904739355,25,25.07333090748103
84,WFAgent11,OLD_HIGH_INCOME,25,24.439303285001966,26,24.320414812076883
84,WFAgent10,YOUNG_HIGH_INCOME,16,13.901089981864065,0,0.0
84,SIAgent9,FEMALE_YOUNG_HIGH_INCOME,6,6.495319418041557,6,5.714953056333134
84,SIAgent7,FEMALE_OLD_HIGH_INCOME,9,9.077110422486971,9,9.077110422486971
84,SIAgent8,YOUNG_HIGH_INCOME,16,15.239874816888358,76,0.0
84,SIAgent5,MALE_YOUNG_LOW_INCOME,37,36.43915223524206,306,0.0
84,SIAgent6,MALE_YOUNG_HIGH_INCOME,11,12.544474890640156,12,12.236918927305616
84,SIAgent3,MALE_OLD_HIGH_INCOME,17,17.049865017087097,17,16.398559861101557
84,SIAgent4,OLD_LOW_INCOME,84,83.26369678009216,99,83.15450884955209
84,SIAgent1,FEMALE_OLD,57,62.89189981297675,60,62.56335430917098
84,SIAgent2,OLD_LOW_INCOME,84,87.31767867476538,88,87.22863472200137
84,SIAgent0,YOUNG_LOW_INCOME,77,76.60105849966322,77,76.26184086515545
84,WFAgent0,FEMALE_OLD_HIGH_INCOME,9,9.43654873125612,9,9.077110422486971
84,WFAgent1,YOUNG_LOW_INCOME,77,88.00267794155133,90,87.57258286560477
84,WFAgent2,MALE_YOUNG,48,53.284396262844794,55,53.05416425650503
84,WFAgent3,FEMALE_OLD_HIGH_INCOME,9,7.483706297328552,0,0.0
84,WFAgent4,MALE_YOUNG_HIGH_INCOME,11,11.217175683363484,11,10.477413936610745
84,WFAgent5,MALE_YOUNG_LOW_INCOME,37,30.345661469342154,0,0.0
85,WFAgent6,OLD_HIGH_INCOME,25,30.88847924642615,31,30.294750395831258
85,WFAgent7,MALE_OLD_LOW_INCOME,36,36.125688493950356,38,35.90416089880172
85,WFAgent8,FEMALE_YOUNG_LOW_INCOME,40,38.3235387424117,192,37.08076204934044
85,WFAgent9,FEMALE_OLD_HIGH_INCOME,9,10.152845057498578,10,9.524500945212202
85,SIAgent10,FEMALE_YOUNG_HIGH_INCOME,6,5.867351782997485,6,5.402465051861664
85,SIAgent11,MALE_LOW_INCOME,73,65.53483941752553,279,64.73534131863448
85,SIAgent12,MALE_OLD_LOW_INCOME,36,37.989584891152276,40,37.898539829185324
85,SIAgent13,FEMALE_HIGH_INCOME,14,12.605751787677214,14,12.32131005014834
85,SIAgent14,FEMALE_YOUNG,45,50.903762192796826,49,50.878496841135984
85,SIAgent15,YOUNG_LOW_INCOME,77,73.21073532818497,79,72.45975065775497
85,SIAgent16,MALE_OLD_LOW_INCOME,36,34.10868584626678,36,34.10868584626678
85,SIAgent17,MALE_YOUNG,48,46.393714051984965,50,46.38515056936004
85,WFAgent11,MALE_OLD,53,48.026528180756245,51,0.0
85,WFAgent10,YOUNG_HIGH_INCOME,16,16.25417163141789,16,15.636000204300016
85,SIAgent9,MALE_HIGH_INCOME,27,26.385750344756275,27,26.38575034475626
85,SIAgent7,FEMALE_YOUNG_HIGH_INCOME,6,5.212837226842414,27,0.0
85,SIAgent8,MALE_YOUNG_LOW_INCOME,37,30.319083908727514,86,0.0
85,SIAgent5,FEMALE_YOUNG,45,46.72515016022689,47,45.808934019189195
85,SIAgent6,FEMALE_OLD_HIGH_INCOME,9,8.572050850690982,9,8.463142023654495
85,SIAgent3,MALE_YOUNG_HIGH_INCOME,11,9.61219864146902,62,0.0
85,SIAgent4,FEMALE_OLD_LOW_INCOME,49,43.16668668094977,48,42.28573389154266
85,SIAgent1,FEMALE_OLD_HIGH_INCOME,9,8.327005989858884,9,8.103697577792495
85,SIAgent2,YOUNG_LOW_INCOME,77,75.01223980943318,77,75.01223980943313
85,SIAgent0,FEMALE_OLD_LOW_INCOME,49,50.174505841396794,56,49.33335620679978
85,WFAgent0,FEMALE_YOUNG,45,45.9713117611384,48,45.96540725312151
85,WFAgent1,OLD_HIGH_INCOME,25,23.039964693484183,45,10.804930103723327
85,WFAgent2,MALE_LOW_INCOME,73,82.53052829385823,84,81.73974365947913
85,WFAgent3,MALE_OLD,53,56.199953387062294,66,55.81208244132074
85,WFAgent4,MALE_OLD_HIGH_INCOME,17,13.827040541142619,0,0.0
85,WFAgent5,FEMALE_LOW_INCOME,88,89.96077096326708,355,48.45240341739264
86,WFAgent6,MALE_YOUNG_HIGH_INCOME,11,10.005489140123974,16,0.0
86,WFAgent7,OLD_HIGH_INCOME,25,22.33010538291372,91,0.0
86,WFAgent8,MALE_YOUNG,48,55.557440930730756,58,55.38419381628329
86,WFAgent9,OLD_HIGH_INCOME,25,24.244945941283103,32,23.944808404467995
86,SIAgent10,OLD_LOW_INCOME,84,85.95943865207747,91,85.42139757817306
86,SIAgent11,FEMALE_YOUNG,45,46.66337522705821,47,45.90188920168768
86,SIAgent12,YOUNG_HIGH_INCOME,16,16.82541044078357,16,16.82541044078357
86,SIAgent13,FEMALE_YOUNG_HIGH_INCOME,6,6.410294208451136,6,5.628296213180264
86,SIAgent14,MALE_LOW_INCOME,73,63.70706036126182,241,27.926382624114783
86,SIAgent15,OLD_LOW_INCOME,84,78.85052084139036,85,78.73915203578345
86,SIAgent16,FEMALE_HIGH_INCOME,14,15.16955237142795,14,15.01523571179867
86,SIAgent17,MALE_HIGH_INCOME,27,24.382805538856477,28,23.7229707065215
86,WFAgent11,OLD_LOW_INCOME,84,96.12089242825374,91,96.00818130725055
86,WFAgent10,YOUNG_HIGH_INCOME,16,18.59073002088923,17,18.20797151835864
86,SIAgent9,MALE_YOUNG,48,45.76497011127518,52,45.380371764186485
86,SIAgent7,FEMALE_OLD_LOW_INCOME,49,49.06326300395615,52,48.81222718752741
86,SIAgent8,FEMALE_OLD_LOW_INCOME,49,44.709806941672255,266,0.0
86,SIAgent5,FEMALE_YOUNG,45,46.93447573048551,45,46.934475730485474
86,SIAgent6,YOUNG_LOW_INCOME,77,75.20096741553085,77,75.1351897607702
86,SIAgent3,FEMALE_OLD,57,60.78441009649503,58,60.65990850853213
86,SIAgent4,YOUNG_HIGH_INCOME,16,15.008789901814039,29,14.449069948951994
86,SIAgent1,FEMALE_YOUNG_LOW_INCOME,40,35.36279599074707,194,0.0
86,SIAgent2,OLD_HIGH_INCOME,25,23.351788024272494,25,23.351788024272494
86,SIAgent0,FEMALE_YOUNG,45,40.98862285653531,46,40.6672153893591
86,WFAgent0,OLD_HIGH_INCOME,25,21.18122384510849,0,0.0
86,WFAgent1,FEMALE_OLD_HIGH_INCOME,9,7.713074132868454,0,0.0
86,WFAgent2,FEMALE_YOUNG_LOW_INCOME,40,45.09031819986133,43,44.830425664457636
86,WFAgent3,MALE_OLD_LOW_INCOME,36,32.48131917127331,37,32.28987990913272
86,WFAgent4,MALE_LOW_INCOME,73,82.65377018152961,85,82.43407836064237
86,WFAgent5,OLD_LOW_INCOME,84,84.71650592974343,95,84.62237612701118
87,WFAgent6,MALE_OLD_LOW_INCOME,36,35.59566592974256,36,34.641378738479304
87,WFAgent7,YOUNG_HIGH_INCOME,16,12.09265866318361,0,0.0
87,WFAgent8,OLD_LOW_INCOME,84,96.19280334960497,105,96.07116530088923
87,WFAgent9,OLD_HIGH_INCOME,25,26.440503130810345,56,13.745798528577298
87,SIAgent10,MALE_OLD,53,54.58970047557891,53,54.07015414683717
87,SIAgent11,OLD_LOW_INCOME,84,75.66267624860309,360,74.90312284350966
87,SIAgent12,MALE_HIGH_INCOME,27,28.91974130960203,27,28.268787311353503
87,SIAgent13,MALE_LOW_INCOME,73,76.54537094975807,75,76.4004818908336
87,SIAgent14,MALE_YOUNG_HIGH_INCOME,11,12.030538069365466,11,11.782116829837863
87,SIAgent15,MALE_OLD,53,47.899354393977816,53,47.83904923711271
87,SIAgent16,OLD_HIGH_INCOME,25,26.434227939571727,27,25.937635038047997
87,SIAgent17,FEMALE_YOUNG_LOW_INCOME,40,41.80603572044604,39,40.760884827434914
87,WFAgent11,MALE_OLD,53,51.29796743983054,79,33.439171935418486
87,WFAgent10,YOUNG_LOW_INCOME,77,81.31562929795727,359,78.41271864752105
87,SIAgent9,MALE_LOW_INCOME,73,70.2450179974719,73,69.81756517290867
87,SIAgent7,MALE_YOUNG,48,47.76520446552932,48,47.41567021831613
87,SIAgent8,MALE_YOUNG,48,47.41567021831616,60,47.15076550515235
87,SIAgent5,MALE_OLD_LOW_INCOME,36,36.72689715634221,37,35.811788590070364
87,SIAgent6,MALE_LOW_INCOME,73,69.81756517290864,79,69.77052407940732
87,SIAgent3,FEMALE_OLD,57,52.97889068535461,57,52.97889068535455
87,SIAgent4,MALE_YOUNG_HIGH_INCOME,11,11.270652974071158,11,10.946192690017135
87,SIAgent1,YOUNG_LOW_INCOME,77,77.67505840321057,78,77.61845725648507
87,SIAgent2,MALE_LOW_INCOME,73,62.84974675374946,75,52.518281533955054
87,SIAgent0,FEMALE_HIGH_INCOME,14,12.001001374075361,13,11.143786990212838
87,WFAgent0,YOUNG_HIGH_INCOME,16,17.13156058060541,42,7.714929454762732
87,WFAgent1,MALE_LOW_INCOME,73,68.96194506783263,52,44.769682619109226
87,WFAgent2,MALE_OLD_LOW_INCOME,36,30.916944717804093,0,0.0
87,WFAgent3,MALE_HIGH_INCOME,27,29.75171551396195,27,28.86481165999246
87,WFAgent4,MALE_YOUNG_HIGH_INCOME,11,8.811175353738928,0,0.0
87,WFAgent5,OLD_HIGH_INCOME,25,20.48009020387795,0,0.0
88,WFAgent6,MALE_OLD_LOW_INCOME,36,36.762973293136085,38,35.835104294992654
88,WFAgent7,MALE_YOUNG,48,45.95961570798783,198,29.789875934118054
88,WFAgent8,FEMALE_OLD_LOW_INCOME,49,43.39252461847756,236,0.0
88,WFAgent9,OLD_LOW_INCOME,84,95.14189373630646,97,94.99548900798203
88,SIAgent10,FEMALE_YOUNG_HIGH_INCOME,6,5.857769936787259,6,5.811281564716941
88,SIAgent11,FEMALE_YOUNG_LOW_INCOME,40,41.77890235395432,40,41.12822676680176
88,SIAgent12,FEMALE_YOUNG_HIGH_INCOME,6,5.987026315344232,6,5.857769936787259
88,SIAgent13,MALE_YOUNG,48,46.138399202698935,48,46.05346753074536
88,SIAgent14,MALE_YOUNG,48,34.04557249613491,51,33.33628973579877
88,SIAgent15,MALE_YOUNG_HIGH_INCOME,11,10.386533472320535,11,10.044835997861075
88,SIAgent16,MALE_HIGH_INCOME,27,24.655506540204463,29,24.239114723833886
88,SIAgent17,MALE_OLD_HIGH_INCOME,17,19.347314288295923,19,19.05138036932717
88,WFAgent11,FEMALE_YOUNG_HIGH_INCOME,6,6.229601461493002,6,6.169234015020264
88,WFAgent10,MALE_OLD_HIGH_INCOME,17,16.120117388493224,17,15.348226801535409
88,SIAgent9,FEMALE_YOUNG,45,43.62824760292429,45,43.584611735377024
88,SIAgent7,MALE_OLD_LOW_INCOME,36,32.928307281389884,135,0.0
88,SIAgent8,FEMALE_YOUNG,45,43.58461173537705,229,0.0
88,SIAgent5,OLD_LOW_INCOME,84,79.21444107314166,128,79.21444107314154
88,SIAgent6,YOUNG_HIGH_INCOME,16,15.564460406926926,16,15.379466400899645
88,SIAgent3,FEMALE_YOUNG,45,46.26925511265198,47,46.00233163770821
88,SIAgent4,FEMALE_OLD,57,64.94639335694795,67,64.3764504378353
88,SIAgent1,MALE_OLD_LOW_INCOME,36,33.07819071958741,36,32.92830728138989
88,SIAgent2,OLD_HIGH_INCOME,25,25.06760574911469,35,24.655506540204446
88,SIAgent0,FEMALE_LOW_INCOME,88,114.99749817849707,104,114.4163550265328
88,WFAgent0,MALE_OLD_HIGH_INCOME,17,14.528710436248058,0,0.0
88,WFAgent1,MALE_OLD_LOW_INCOME,36,35.25605777615832,37,34.55340922446961
88,WFAgent2,OLD_HIGH_INCOME,25,21.473203723329814,80,0.0
88,WFAgent3,MALE_OLD,53,47.357549811516506,0,0.0
88,WFAgent4,FEMALE_OLD_LOW_INCOME,49,53.6034178758067,56,52.80962738209444
88,WFAgent5,YOUNG_LOW_INCOME,77,78.261141439058,90,77.94374625457759
89,WFAgent6,MALE_YOUNG_HIGH_INCOME,11,10.79030514733358,24,0.0
89,WFAgent7,FEMALE_LOW_INCOME,88,81.75146918319753,88,0.0
89,WFAgent8,FEMALE_YOUNG_LOW_INCOME,40,43.912491230691096,43,43.429292531359295
89,WFAgent9,MALE_HIGH_INCOME,27,28.083800739097974,29,27.668497984631546
89,SIAgent10,MALE_YOUNG_LOW_INCOME,37,44.20156836861534,41,43.53357795124829
89,SIAgent11,MALE_YOUNG_LOW_INCOME,37,37.256655765969214,39,37.20935935864241
89,SIAgent12,FEMALE_YOUNG,45,52.57735415208251,50,51.75404481754918
89,SIAgent13,YOUNG_LOW_INCOME,77,72.47963679501045,185,72.47963679501042
89,SIAgent14,MALE_OLD_LOW_INCOME,36,39.744210918091724,37,39.15422310387771
89,SIAgent15,FEMALE_LOW_INCOME,88,78.57828094714003,89,78.30352762069072
89,SIAgent16,YOUNG_HIGH_INCOME,16,17.820606972676018,23,17.652183589181984
89,SIAgent17,FEMALE_OLD_LOW_INCOME,49,49.457422022807386,48,48.448086879484805
89,WFAgent11,MALE_YOUNG_HIGH_INCOME,11,10.134382084087031,0,0.0
89,WFAgent10,YOUNG_HIGH_INCOME,16,15.98931526187502,37,0.0
89,SIAgent9,MALE_OLD,53,48.05000434336315,54,47.85880393559015
89,SIAgent7,MALE_OLD_LOW_INCOME,36,38.09600085782696,42,38.077361932476435
89,SIAgent8,FEMALE_OLD,57,47.19961587898263,242,29.81028371304164
89,SIAgent5,MALE_OLD,53,42.088338854568306,293,0.0
89,SIAgent6,MALE_YOUNG,48,50.9661400404858,50,50.34683211617466
89,SIAgent3,MALE_OLD,53,46.97252978863482,59,46.853056460745854
89,SIAgent4,YOUNG_HIGH_INCOME,16,19.3311947163008,16,18.311986380962264
89,SIAgent1,MALE_YOUNG,48,45.796134595252184,48,45.18211124883771
89,SIAgent2,MALE_YOUNG_HIGH_INCOME,11,12.135876217562611,12,11.991986446406266
89,SIAgent0,MALE_OLD_HIGH_INCOME,17,17.26055902777932,19,17.225473255167923
89,WFAgent0,YOUNG_LOW_INCOME,77,77.76873313755033,84,77.66628445141889
89,WFAgent1,FEMALE_OLD_LOW_INCOME,49,44.66538265093418,50,44.646750538147735
89,WFAgent2,FEMALE_YOUNG_LOW_INCOME,40,41.27205745497054,43,40.47564132708378
89,WFAgent3,OLD_HIGH_INCOME,25,26.962944851054775,30,24.841903094201367
89,WFAgent4,MALE_YOUNG_LOW_INCOME,37,34.199429162735385,124,0.0
89,WFAgent5,FEMALE_LOW_INCOME,88,96.68494680164375,101,96.35564311271963
90,WFAgent6,MALE_YOUNG_HIGH_INCOME,11,10.85202300116454,13,10.549668383930758
90,WFAgent7,FEMALE_LOW_INCOME,88,94.69597239307714,109,94.45555203644814
90,WFAgent8,MALE_OLD_LOW_INCOME,36,31.700667993538275,151,0.0
90,WFAgent9,MALE_OLD_HIGH_INCOME,17,16.70094853703262,17,16.691747778886416
90,SIAgent10,FEMALE_YOUNG_HIGH_INCOME,6,5.265313147149071,35,0.0
90,SIAgent11,YOUNG_HIGH_INCOME,16,18.180335031093904,18,17.672432819533654
90,SIAgent12,MALE_OLD_LOW_INCOME,36,33.62363066199455,38,33.038546171850896
90,SIAgent13,FEMALE_YOUNG_LOW_INCOME,40,44.53750616181768,46,43.90630399730332
90,SIAgent14,FEMALE_YOUNG_LOW_INCOME,40,38.17135015855099,41,37.434207126038885
90,SIAgent15,MALE_HIGH_INCOME,27,21.910849720471568,89,21.099336767861523
90,SIAgent16,MALE_LOW_INCOME,73,69.09835019125399,75,68.68610670235557
90,SIAgent17,FEMALE_YOUNG_HIGH_INCOME,6,6.962999615448038,6,6.817625636660214
90,WFAgent11,FEMALE_OLD_LOW_INCOME,49,54.169974120074095,62,53.90499638565154
90,WFAgent10,OLD_HIGH_INCOME,25,25.65406544790815,27,24.892351086531672
90,SIAgent9,FEMALE_HIGH_INCOME,14,14.462403735456354,14,13.691379935874187
90,SIAgent7,OLD_LOW_INCOME,84,73.032575748302,83,72.16314032272705
90,SIAgent8,FEMALE_YOUNG_LOW_INCOME,40,36.52117768394036,215,0.0
90,SIAgent5,FEMALE_YOUNG,45,42.951819127796746,45,42.951819127796725
90,SIAgent6,MALE_YOUNG_LOW_INCOME,37,31.481996391838074,246,0.0
90,SIAgent3,FEMALE_OLD,57,48.871825680080725,254,0.0
90,SIAgent4,OLD_HIGH_INCOME,25,24.546687910127076,25,24.54668791012707
90,SIAgent1,MALE_OLD_LOW_INCOME,36,33.91682239938398,36,33.87610132474658
90,SIAgent2,MALE_OLD,53,50.65799732836782,53,50.16729534433503
90,SIAgent0,MALE_OLD,53,56.60881695223667,57,55.82859779629045
90,WFAgent0,FEMALE_YOUNG_HIGH_INCOME,6,5.867529220231379,6,5.496111182094318
90,WFAgent1,YOUNG_LOW_INCOME,77,75.96207046881545,79,75.39626006930811
90,WFAgent2,MALE_HIGH_INCOME,27,32.564962624701224,32,32.36821758931056
90,WFAgent3,MALE_YOUNG_LOW_INCOME,37,35.83059999504866,37,35.022451466799936
90,WFAgent4,MALE_HIGH_INCOME,27,26.113469399767524,38,20.287823815251464
90,WFAgent5,MALE_OLD_LOW_INCOME,36,34.030423696306734,36,33.916822399383996
91,WFAgent6,FEMALE_HIGH_INCOME,14,16.094936816578134,15,15.097201444086554
91,WFAgent7,MALE_YOUNG_LOW_INCOME,37,35.10517731225425,40,34.74532636694133
91,WFAgent8,FEMALE_YOUNG_LOW_INCOME,40,44.02318673391996,41,43.924458447668755
91,WFAgent9,FEMALE_HIGH_INCOME,14,13.694571228195263,0,0.0
91,SIAgent10,YOUNG_LOW_INCOME,77,85.27385628978817,77,84.52773586513388
91,SIAgent11,MALE_OLD_LOW_INCOME,36,42.94426821359246,36,42.35753928222034
91,SIAgent12,FEMALE_OLD_HIGH_INCOME,9,9.002526016143637,9,8.751789296349912
91,SIAgent13,FEMALE_OLD,57,60.10600292815614,315,59.37389238210932
91,SIAgent14,YOUNG_LOW_INCOME,77,66.88475325636202,85,66.16610255260456
91,SIAgent15,MALE_LOW_INCOME,73,79.98975397740742,97,79.73563475539646
91,SIAgent16,FEMALE_OLD_HIGH_INCOME,9,9.625443345926703,9,9.490421514972022
91,SIAgent17,FEMALE_YOUNG_LOW_INCOME,40,40.106531010548224,46,39.95712532198253
91,WFAgent11,OLD_HIGH_INCOME,25,25.48915055732468,87,24.31052582319421
91,WFAgent10,MALE_HIGH_INCOME,27,27.96241508391329,27,27.048134623353484
91,SIAgent9,OLD_LOW_INCOME,84,92.01813706130291,85,91.55700721259508
91,SIAgent7,OLD_HIGH_INCOME,25,24.310525823194197,24,23.338104790266442
91,SIAgent8,MALE_YOUNG_LOW_INCOME,37,32.081749678802794,13,0.0
91,SIAgent5,FEMALE_YOUNG_LOW_INCOME,40,28.847083307598403,38,0.0
91,SIAgent6,FEMALE_YOUNG,45,45.291604332259666,50,45.180916523006495
91,SIAgent3,MALE_OLD_LOW_INCOME,36,42.35753928222034,38,41.63850207043126
91,SIAgent4,FEMALE_OLD_HIGH_INCOME,9,9.37482511296463,9,9.002526016143637
91,SIAgent1,MALE_OLD_HIGH_INCOME,17,17.599691097888908,17,17.476004672437675
91,SIAgent2,MALE_YOUNG,48,45.94622376439591,56,45.94622376439589
91,SIAgent0,MALE_HIGH_INCOME,27,27.75600742093043,27,27.03347727595085
91,WFAgent0,MALE_YOUNG,48,43.85822181038299,89,43.408275305723485
91,WFAgent1,YOUNG_LOW_INCOME,77,80.0654749901925,84,79.31839056997767
91,WFAgent2,FEMALE_YOUNG_LOW_INCOME,40,43.9975499305216,42,43.67207726737773
91,WFAgent3,OLD_HIGH_INCOME,25,29.47360265262163,28,28.98772651416998
91,WFAgent4,FEMALE_OLD_LOW_INCOME,49,58.27705860448814,53,58.05906266963167
91,WFAgent5,FEMALE_LOW_INCOME,88,94.27688642426457,93,93.60264895333685
92,WFAgent6,OLD_LOW_INCOME,84,105.09203339016591,107,104.75836235997923
92,WFAgent7,MALE_OLD_LOW_INCOME,36,36.1361392418126,208,0.0
92,WFAgent8,YOUNG_LOW_INCOME,77,66.75571920442319,0,0.0
92,WFAgent9,YOUNG_LOW_INCOME,77,70.19482985051181,271,0.0
92,SIAgent10,OLD_HIGH_INCOME,25,26.970680373764285,25,25.99155862627512
92,SIAgent11,MALE_HIGH_INCOME,27,31.114564483727566,28,30.137224750938202
92,SIAgent12,FEMALE_YOUNG_HIGH_INCOME,6,6.011542132324516,6,5.559978688843661
92,SIAgent13,FEMALE_YOUNG_LOW_INCOME,40,36.00098504451822,40,36.0009850445182
92,SIAgent14,MALE_YOUNG_LOW_INCOME,37,39.057584433760134,45,39.0130826519356
92,SIAgent15,MALE_HIGH_INCOME,27,27.240028576364875,28,26.686608706793212
92,SIAgent16,MALE_YOUNG,48,63.69692240946503,55,62.57693156315028
92,SIAgent17,FEMALE_YOUNG_HIGH_INCOME,6,6.33674144802981,6,6.231125624191897
92,WFAgent11,OLD_HIGH_INCOME,25,27.853556419816176,27,27.533372955904564
92,WFAgent10,FEMALE_LOW_INCOME,88,86.15641016521641,95,85.50233948073056
92,SIAgent9,FEMALE_OLD_HIGH_INCOME,9,8.897570425205533,9,8.52107285186222
92,SIAgent7,OLD_HIGH_INCOME,25,19.057872036821976,28,0.0
92,SIAgent8,MALE_LOW_INCOME,73,82.69200289846403,81,82.44654567298412
92,SIAgent5,FEMALE_OLD_HIGH_INCOME,9,7.978323629986848,10,7.62314881472879
92,SIAgent6,OLD_HIGH_INCOME,25,22.197781054590777,25,22.104984636742973
92,SIAgent3,FEMALE_HIGH_INCOME,14,14.539293123114426,14,14.02693164209054
92,SIAgent4,FEMALE_YOUNG_LOW_INCOME,40,40.81096676532931,44,40.111331343149615
92,SIAgent1,OLD_HIGH_INCOME,25,23.669646810728395,26,23.085692296774397
92,SIAgent2,MALE_OLD_HIGH_INCOME,17,15.016309490452093,19,14.483982747984697
92,SIAgent0,YOUNG_HIGH_INCOME,16,14.82660983691643,106,0.0
92,WFAgent0,OLD_LOW_INCOME,84,80.10669130265235,0,0.0
92,WFAgent1,OLD_HIGH_INCOME,25,26.179188052298517,27,25.935843004648483
92,WFAgent2,MALE_LOW_INCOME,73,77.17029908880886,80,76.29208695490699
92,WFAgent3,FEMALE_OLD,57,59.59449028144813,375,0.0
92,WFAgent4,FEMALE_YOUNG,45,40.58848521085542,45,40.50110817508296
92,WFAgent5,FEMALE_YOUNG_LOW_INCOME,40,35.33309727651438,170,0.0
93,WFAgent6,FEMALE_YOUNG_HIGH_INCOME,6,6.1518449398596315,35,5.347708469116572
93,WFAgent7,FEMALE_OLD,57,56.981213265265,59,56.500186736225935
93,WFAgent8,YOUNG_HIGH_INCOME,16,13.8988246211492,0,0.0
93,WFAgent9,MALE_OLD_HIGH_INCOME,17,15.775522861930794,17,15.501285551418508
93,SIAgent10,MALE_OLD,53,48.327537307363585,250,13.677604898310449
93,SIAgent11,MALE_OLD_LOW_INCOME,36,44.30658086903213,38,43.60225017930862
93,SIAgent12,MALE_YOUNG_HIGH_INCOME,11,11.002858425117312,11,10.376778740770154
93,SIAgent13,FEMALE_OLD_LOW_INCOME,49,45.03189193040139,112,0.0
93,SIAgent14,FEMALE_OLD,57,57.43370737529037,60,57.42295124140935
93,SIAgent15,FEMALE_YOUNG_LOW_INCOME,40,35.37265836127975,56,0.0
93,SIAgent16,FEMALE_LOW_INCOME,88,90.2984931456312,91,90.03779611699517
93,SIAgent17,OLD_LOW_INCOME,84,96.38392144899805,86,96.05605966696362
93,WFAgent11,FEMALE_LOW_INCOME,88,84.4921006288247,93,84.18664372694084
93,WFAgent10,MALE_YOUNG,48,47.3467554252026,54,47.24916037670672
93,SIAgent9,YOUNG_LOW_INCOME,77,75.84060772298471,80,75.39016640060761
93,SIAgent7,OLD_LOW_INCOME,84,86.86172762439172,86,86.13666020433018
93,SIAgent8,OLD_LOW_INCOME,84,93.82219781424362,87,92.8081786120411
93,SIAgent5,MALE_YOUNG,48,45.280489050633406,51,44.96198125299152
93,SIAgent6,MALE_YOUNG,48,40.069115207919246,201,30.886609639437754
93,SIAgent3,FEMALE_OLD,57,53.96099090049137,69,53.63819042123809
93,SIAgent4,FEMALE_LOW_INCOME,88,96.6864932276815,94,96.45520858737888
93,SIAgent1,OLD_LOW_INCOME,84,81.53070211340408,88,81.35845086740277
93,SIAgent2,FEMALE_HIGH_INCOME,14,12.477986427938667,14,12.477986427938665
93,SIAgent0,FEMALE_LOW_INCOME,88,81.31329221630433,88,81.14840832301164
93,WFAgent0,MALE_OLD_HIGH_INCOME,17,16.3398814170988,17,15.501285551418508
93,WFAgent1,MALE_OLD_LOW_INCOME,36,30.487666704656846,0,0.0
93,WFAgent2,MALE_YOUNG_LOW_INCOME,37,33.000402588332285,39,32.556156106434386
93,WFAgent3,MALE_HIGH_INCOME,27,27.909787074469588,30,27.839157991642583
93,WFAgent4,MALE_LOW_INCOME,73,72.95891755471656,74,72.8857788506607
93,WFAgent5,MALE_YOUNG_HIGH_INCOME,11,9.605109423109477,0,0.0
94,WFAgent6,MALE_LOW_INCOME,73,66.63238597403011,140,36.47637967772722
94,WFAgent7,MALE_OLD_HIGH_INCOME,17,15.744044769310081,18,15.486526394630271
94,WFAgent8,MALE_YOUNG_LOW_INCOME,37,35.892291530855466,38,35.32791178870487
94,WFAgent9,MALE_YOUNG_HIGH_INCOME,11,12.02736570554666,12,11.423708087700804
94,SIAgent10,MALE_HIGH_INCOME,27,23.229789591945398,59,13.765801239671351
94,SIAgent11,MALE_OLD_LOW_INCOME,36,33.945655512073884,36,33.376024280593235
94,SIAgent12,MALE_OLD,53,43.937457339080524,52,43.10844871004129
94,SIAgent13,MALE_OLD_HIGH_INCOME,17,16.293582944274654,16,15.335136888729089
94,SIAgent14,FEMALE_YOUNG,45,44.11835954426112,336,12.745303868342102
94,SIAgent15,FEMALE_OLD_LOW_INCOME,49,49.81362959156502,49,49.80882454317046
94,SIAgent16,YOUNG_HIGH_INCOME,16,14.34302528824741,16,13.765801239671351
94,SIAgent17,OLD_LOW_INCOME,84,96.24256775595283,94,96.12393149952277
94,WFAgent11,MALE_OLD,53,54.10397865149176,57,53.74728789411691
94,WFAgent10,FEMALE_YOUNG_HIGH_INCOME,6,6.516788592118751,6,5.882447939234815
94,SIAgent9,MALE_OLD_HIGH_INCOME,17,14.366729389824037,0,0.0
94,SIAgent7,YOUNG_LOW_INCOME,77,81.82899250007915,78,81.4559914187673
94,SIAgent8,MALE_YOUNG_LOW_INCOME,37,33.52395917103697,221,0.0
94,SIAgent5,YOUNG_LOW_INCOME,77,80.41168383647542,84,80.20050947774048
94,SIAgent6,FEMALE_OLD,57,61.421025615177776,60,60.99451601271011
94,SIAgent3,FEMALE_YOUNG_LOW_INCOME,40,46.12480809585641,43,45.69671009744685
94,SIAgent4,MALE_YOUNG_HIGH_INCOME,11,10.47173241372574,11,10.471732413725737
94,SIAgent1,YOUNG_HIGH_INCOME,16,14.728836930660739,16,14.343025288247416
94,SIAgent2,MALE_YOUNG,48,44.65538443866328,48,44.56747062991058
94,SIAgent0,FEMALE_OLD,57,57.94087752981051,365,0.0
94,WFAgent0,MALE_OLD,53,62.10273050664239,64,61.34054755491627
94,WFAgent1,MALE_OLD_LOW_INCOME,36,34.25545167448064,36,33.945655512073884
94,WFAgent2,MALE_HIGH_INCOME,27,24.545273312822303,13,11.18471350723297
94,WFAgent3,MALE_OLD_HIGH_INCOME,17,17.02337642509041,18,17.005219705948367
94,WFAgent4,FEMALE_HIGH_INCOME,14,14.690834463725572,14,13.725711858214572
94,WFAgent5,FEMALE_OLD,57,55.965895382469256,0,0.0
95,WFAgent6,MALE_OLD_HIGH_INCOME,17,17.613364297464116,17,17.444374294758934
95,WFAgent7,FEMALE_YOUNG_HIGH_INCOME,6,7.295588956686915,7,6.941158068370657
95,WFAgent8,FEMALE_OLD_LOW_INCOME,49,42.9984772511287,0,0.0
95,WFAgent9,MALE_OLD_LOW_INCOME,36,32.25312906253002,0,0.0
95,SIAgent10,YOUNG_HIGH_INCOME,16,15.865504156275788,110,0.0
95,SIAgent11,MALE_YOUNG_HIGH_INCOME,11,11.02507119040167,11,10.907534107439604
95,SIAgent12,YOUNG_LOW_INCOME,77,86.81896511056543,159,86.01376843789365
95,SIAgent13,FEMALE_LOW_INCOME,88,83.98394130820343,89,83.52751773496612
95,SIAgent14,MALE_OLD_HIGH_INCOME,17,16.559290941288136,17,16.425184309489055
95,SIAgent15,FEMALE_OLD_LOW_INCOME,49,46.16218873666462,51,45.906566482914705
95,SIAgent16,FEMALE_YOUNG_LOW_INCOME,40,44.682477110594185,41,44.33096715558693
95,SIAgent17,FEMALE_OLD_HIGH_INCOME,9,9.428562690785936,85,0.0
95,WFAgent11,MALE_LOW_INCOME,73,79.5364211444956,79,78.84679646064534
95,WFAgent10,FEMALE_LOW_INCOME,88,99.67836478104874,97,99.41199602982992
95,SIAgent9,FEMALE_OLD_LOW_INCOME,49,44.10630897378077,134,0.0
95,SIAgent7,MALE_OLD,53,51.20792755311294,325,0.0
95,SIAgent8,FEMALE_YOUNG_LOW_INCOME,40,33.81912977251293,120,0.0
95,SIAgent5,FEMALE_LOW_INCOME,88,90.31881861061723,88,90.10897308159534
95,SIAgent6,FEMALE_OLD_HIGH_INCOME,9,9.704004419326914,9,9.428562690785938
95,SIAgent3,FEMALE_YOUNG_LOW_INCOME,40,43.24972405423114,42,43.10670888234
95,SIAgent4,MALE_OLD,53,54.38540221307198,53,54.125083579698156
95,SIAgent1,MALE_OLD,53,57.805727612093946,56,57.46382120626467
95,SIAgent2,FEMALE_YOUNG_LOW_INCOME,40,40.21462634328414,42,40.08324471527894
95,SIAgent0,FEMALE_YOUNG_LOW_INCOME,40,36.835178367355816,43,36.355564505451376
95,WFAgent0,FEMALE_YOUNG_LOW_INCOME,40,33.464461138057516,0,0.0
95,WFAgent1,MALE_OLD_HIGH_INCOME,17,19.59261324182794,17,18.541459800105606
95,WFAgent2,MALE_HIGH_INCOME,27,30.043316825658955,29,29.06609677469533
95,WFAgent3,MALE_YOUNG,48,51.76168801174578,279,0.0
95,WFAgent4,FEMALE_YOUNG,45,40.5887671041469,0,0.0
95,WFAgent5,FEMALE_HIGH_INCOME,14,13.963776326155322,0,0.0
96,WFAgent6,MALE_HIGH_INCOME,27,29.358222141109792,30,28.52284851299341
96,WFAgent7,FEMALE_LOW_INCOME,88,110.92537675747226,104,110.91207264370013
96,WFAgent8,MALE_OLD,53,48.03064862822982,116,0.0
96,WFAgent9,FEMALE_YOUNG_HIGH_INCOME,6,6.8923494316089275,6,6.0487716606661746
96,SIAgent10,FEMALE_YOUNG_LOW_INCOME,40,34.132508319089425,41,33.45318928016232
96,SIAgent11,MALE_HIGH_INCOME,27,26.41309731217858,27,26.357558751344424
96,SIAgent12,MALE_YOUNG,48,46.42344725986512,50,46.3150766587743
96,SIAgent13,FEMALE_OLD,57,61.67814013426715,59,60.71539644784983
96,SIAgent14,YOUNG_LOW_INCOME,77,78.63846085197018,80,78.61725400544455
96,SIAgent15,MALE_OLD_HIGH_INCOME,17,14.87726422550547,113,0.0
96,SIAgent16,MALE_YOUNG_HIGH_INCOME,11,10.956458343946773,11,10.760891497554237
96,SIAgent17,FEMALE_LOW_INCOME,88,71.80196723547033,437,0.0
96,WFAgent11,MALE_OLD,53,51.26892267486142,67,51.07939600088668
96,WFAgent10,MALE_OLD_LOW_INCOME,36,37.11323916424951,40,36.249546134513075
96,SIAgent9,FEMALE_YOUNG_LOW_INCOME,40,35.646568799073755,41,34.98582102706665
96,SIAgent7,MALE_YOUNG_HIGH_INCOME,11,11.649052672681067,11,10.956458343946775
96,SIAgent8,FEMALE_LOW_INCOME,88,101.68737289074117,91,100.81951190786027
96,SIAgent5,FEMALE_OLD_LOW_INCOME,49,51.45303340042369,63,51.403681089029845
96,SIAgent6,MALE_YOUNG,48,41.9666889247701,166,17.486120385320874
96,SIAgent3,FEMALE_OLD_HIGH_INCOME,9,8.795009853711393,65,0.0
96,SIAgent4,FEMALE_YOUNG_HIGH_INCOME,6,5.739659645668674,38,0.0
96,SIAgent1,MALE_LOW_INCOME,73,88.54734228980142,78,87.8008441771602
96,SIAgent2,MALE_LOW_INCOME,73,82.17258493503442,77,81.45653552564102
96,SIAgent0,YOUNG_HIGH_INCOME,16,16.954356468436465,16,16.946646578215738
96,WFAgent0,MALE_OLD_HIGH_INCOME,17,19.278006964295326,19,18.58699440486641
96,WFAgent1,FEMALE_YOUNG_LOW_INCOME,40,42.9040287017632,46,42.81515701234449
96,WFAgent2,YOUNG_HIGH_INCOME,16,15.468330087802709,17,14.863202327522743
96,WFAgent3,MALE_OLD_LOW_INCOME,36,42.0176876668629,40,41.38485918778967
96,WFAgent4,MALE_YOUNG,48,47.26709071652672,51,46.44658962219116
96,WFAgent5,MALE_OLD_LOW_INCOME,36,27.445645612416694,0,0.0
97,WFAgent6,MALE_YOUNG_HIGH_INCOME,11,12.102668690382183,11,11.735241213895353
97,WFAgent7,MALE_OLD_LOW_INCOME,36,36.41238431102449,38,35.67384637945534
97,WFAgent8,FEMALE_YOUNG_HIGH_INCOME,6,5.790015586322696,6,5.36807620712209
97,WFAgent9,OLD_LOW_INCOME,84,62.16487307928726,0,0.0
97,SIAgent10,MALE_OLD_HIGH_INCOME,17,16.579545509807573,17,16.17341167426391
97,SIAgent11,MALE_YOUNG_LOW_INCOME,37,33.22361812285304,269,0.0
97,SIAgent12,MALE_HIGH_INCOME,27,25.687183247360334,26,24.7358060900507
97,SIAgent13,FEMALE_OLD_LOW_INCOME,49,49.56534084711995,53,49.53125016568561
97,SIAgent14,MALE_OLD_LOW_INCOME,36,30.784048212191912,41,30.342378526794956
97,SIAgent15,MALE_OLD_HIGH_INCOME,17,17.241744228447693,17,16.579545509807573
97,SIAgent16,FEMALE_HIGH_INCOME,14,13.764565081907845,15,13.417536080015871
97,SIAgent17,FEMALE_OLD,57,58.32604270176367,58,57.7334854722113
97,WFAgent11,FEMALE_OLD_LOW_INCOME,49,46.875706812731835,63,46.62365480946541
97,WFAgent10,MALE_YOUNG,48,50.48766866800888,54,50.10457556627689
97,SIAgent9,MALE_HIGH_INCOME,27,28.80468297956132,28,28.454392818655375
97,SIAgent7,FEMALE_OLD_LOW_INCOME,49,51.79806892415329,50,51.26151913809697
97,SIAgent8,MALE_OLD_LOW_INCOME,36,31.283605077641475,36,30.78404821219194
97,SIAgent5,FEMALE_YOUNG_HIGH_INCOME,6,4.7418426113136425,15,0.0
97,SIAgent6,YOUNG_HIGH_INCOME,16,14.314869885658908,18,14.061454327863773
97,SIAgent3,MALE_YOUNG,48,50.031992438825036,54,49.210511501200955
97,SIAgent4,MALE_OLD_LOW_INCOME,36,38.08480819705573,40,37.55141724153194
97,SIAgent1,FEMALE_OLD_LOW_INCOME,49,50.23628875533497,49,50.139931445375815
97,SIAgent2,MALE_OLD,53,49.755627845029835,54,49.228688852887984
97,SIAgent0,FEMALE_OLD_HIGH_INCOME,9,7.630035348608498,43,6.782253643207554
97,WFAgent0,MALE_YOUNG,48,52.578997667123836,50,52.1166587904428
97,WFAgent1,FEMALE_HIGH_INCOME,14,12.623662874538132,14,11.915841538065957
97,WFAgent2,MALE_HIGH_INCOME,27,26.030009018898614,101,20.930297460812127
97,WFAgent3,FEMALE_OLD,57,53.26945772536003,208,0.0
97,WFAgent4,FEMALE_LOW_INCOME,88,86.24879752570688,400,0.0
97,WFAgent5,MALE_OLD,53,43.75325662772825,150,0.0
98,WFAgent6,FEMALE_YOUNG,45,54.016700586486266,55,53.80247248544122
98,WFAgent7,OLD_LOW_INCOME,84,87.26108377176571,88,87.13780999164509
98,WFAgent8,YOUNG_HIGH_INCOME,16,18.645922469719807,20,18.15179424079642
98,WFAgent9,MALE_HIGH_INCOME,27,32.13355307045536,32,31.483277744746484
98,SIAgent10,MALE_LOW_INCOME,73,59.235332604343704,205,0.0
98,SIAgent11,OLD_LOW_INCOME,84,85.80884914789843,87,84.9765931022231
98,SIAgent12,OLD_LOW_INCOME,84,74.18119031690497,233,74.1141573626538
98,SIAgent13,FEMALE_YOUNG_LOW_INCOME,40,39.46661697273282,40,39.466616972732815
98,SIAgent14,FEMALE_OLD_HIGH_INCOME,9,9.480594599082036,88,0.0
98,SIAgent15,MALE_YOUNG,48,42.26750613439468,47,41.38693308992813
98,SIAgent16,MALE_OLD_HIGH_INCOME,17,16.725491301896565,17,16.49670314944605
98,SIAgent17,MALE_LOW_INCOME,73,62.160629905267314,76,61.66966134150861
98,WFAgent11,FEMALE_HIGH_INCOME,14,13.18538357393402,35,0.0
98,WFAgent10,OLD_HIGH_INCOME,25,23.41992017260374,0,0.0
98,SIAgent9,FEMALE_YOUNG_LOW_INCOME,40,32.74784813671885,40,32.74784813671885
98,SIAgent7,MALE_YOUNG_HIGH_INCOME,11,9.673321342528215,28,0.0
98,SIAgent8,FEMALE_OLD_LOW_INCOME,49,47.86038002309128,50,47.39941349897272
98,SIAgent5,MALE_HIGH_INCOME,27,24.50492222507517,60,24.074569277713117
98,SIAgent6,MALE_OLD_LOW_INCOME,36,37.31641833804546,36,37.31641833804545
98,SIAgent3,FEMALE_LOW_INCOME,88,83.42296775819199,101,83.26803539126458
98,SIAgent4,MALE_LOW_INCOME,73,62.55552980849508,73,62.16062990526734
98,SIAgent1,MALE_YOUNG_HIGH_INCOME,11,9.768310358757002,11,9.673321342528212
98,SIAgent2,FEMALE_OLD_LOW_INCOME,49,50.84025101967958,49,50.05516200294069
98,SIAgent0,FEMALE_HIGH_INCOME,14,15.57433177879788,14,14.983803078636573
98,WFAgent0,MALE_OLD_LOW_INCOME,36,33.65408249549191,38,33.558157524314154
98,WFAgent1,MALE_YOUNG_HIGH_INCOME,11,10.38406621855888,11,9.983486832438029
98,WFAgent2,MALE_YOUNG,48,50.8942421962455,58,50.647572964318535
98,WFAgent3,FEMALE_YOUNG_HIGH_INCOME,6,6.765259032263012,6,5.867843608610039
98,WFAgent4,FEMALE_YOUNG,45,40.98306452379491,196,30.29175952646494
98,WFAgent5,MALE_OLD_HIGH_INCOME,17,19.027020602262002,19,18.693196160943224
99,WFAgent6,FEMALE_OLD,57,61.17417743202084,65,60.701046201007486
99,WFAgent7,MALE_YOUNG,48,49.21971059754931,51,49.03775389667446
99,WFAgent8,FEMALE_OLD,57,55.35502022054055,60,55.319471354904024
99,WFAgent9,OLD_LOW_INCOME,84,78.44442893668665,87,78.09536937881519
99,SIAgent10,FEMALE_LOW_INCOME,88,81.13522465385915,178,81.06001583474838
99,SIAgent11,OLD_LOW_INCOME,84,75.35313987931099,354,0.0
99,SIAgent12,FEMALE_YOUNG_HIGH_INCOME,6,5.495632501324017,13,5.495632501324017
99,SIAgent13,FEMALE_OLD_LOW_INCOME,49,53.286571617002494,49,52.58832796787758
99,SIAgent14,MALE_OLD,53,54.149078464331026,60,53.891732585546094
99,SIAgent15,YOUNG_HIGH_INCOME,16,16.216993555466566,16,16.038112534103625
99,SIAgent16,OLD_HIGH_INCOME,25,25.923210311870015,26,25.425611332488366
99,SIAgent17,MALE_YOUNG_LOW_INCOME,37,42.27219318748394,42,42.10004540202204
99,WFAgent11,MALE_OLD_HIGH_INCOME,17,16.072888925317688,17,15.764428321960208
99,WFAgent10,FEMALE_HIGH_INCOME,14,16.370384766677034,17,16.071970528166165
99,SIAgent9,MALE_LOW_INCOME,73,65.56827464574782,73,65.56827464574775
99,SIAgent7,MALE_HIGH_INCOME,27,25.037621452525038,27,24.62886033820804
99,SIAgent8,FEMALE_YOUNG_HIGH_INCOME,6,6.096846630621753,6,6.096846630621753
99,SIAgent5,OLD_HIGH_INCOME,25,22.08061624494773,92,0.0
99,SIAgent6,MALE_YOUNG,48,48.11433760231089,48,47.363710399060984
99,SIAgent3,FEMALE_OLD_HIGH_INCOME,9,9.715810845369829,9,9.332355712273205
99,SIAgent4,FEMALE_OLD_LOW_INCOME,49,59.82010988405597,55,59.811457937451735
99,SIAgent1,MALE_OLD_HIGH_INCOME,17,19.41674231264222,18,18.66471142454641
99,SIAgent2,MALE_HIGH_INCOME,27,24.456750395337732,41,23.84706554454356
99,SIAgent0,MALE_OLD_HIGH_INCOME,17,20.988647742386192,18,20.558903625150588
99,WFAgent0,MALE_LOW_INCOME,73,72.5794798087747,217,17.065715318756283
99,WFAgent1,OLD_HIGH_INCOME,25,26.348602955452844,28,25.806216533079713
99,WFAgent2,FEMALE_YOUNG_LOW_INCOME,40,43.86449043992136,47,43.3335858946748
99,WFAgent3,FEMALE_OLD_LOW_INCOME,49,53.191038564890675,54,52.44159810367001
99,WFAgent4,FEMALE_YOUNG_LOW_INCOME,40,37.194154009068086,40,36.87964756993598
99,WFAgent5,FEMALE_YOUNG_HIGH_INCOME,6,5.940404888740181,6,5.495632501324017

