0,WEAgent1,YOUNG_LOW_INCOME,238,3816.0,0,0.0
0,WEAgent2,FEMALE_OLD_HIGH_INCOME,25,407.0,0,0.0
0,WEAgent0,YOUNG_HIGH_INCOME,48,773.0,0,0.0
0,SIAgent7,YOUNG_LOW_INCOME,238,3816.0,0,0.0
0,SIAgent8,FEMALE_YOUNG_LOW_INCOME,123,1980.0,0,0.0
0,SIAgent5,MALE_YOUNG_LOW_INCOME,114,1836.0,0,0.0
0,SIAgent6,FEMALE_YOUNG_LOW_INCOME,123,1980.0,0,0.0
0,SIAgent3,MALE_YOUNG_LOW_INCOME,114,1836.0,0,0.0
0,SIAgent4,FEMALE_YOUNG_HIGH_INCOME,16,256.0,0,0.0
0,SIAgent1,MALE_YOUNG_LOW_INCOME,114,1836.0,1,16.105263157894736
0,SIAgent2,YOUNG_HIGH_INCOME,48,773.0,0,0.0
0,SIAgent0,FEMALE_HIGH_INCOME,41,663.0,0,0.0
1,WEAgent1,MALE_YOUNG_HIGH_INCOME,32,517.0,0,0.0
1,WEAgent2,MALE_OLD,162,2603.0,0,0.0
1,WEAgent0,FEMALE_OLD,175,2808.0,0,0.0
1,SIAgent7,FEMALE_YOUNG_HIGH_INCOME,16,256.0,0,0.0
1,SIAgent8,FEMALE_YOUNG_LOW_INCOME,123,1980.0,0,0.0
1,SIAgent5,MALE_OLD,162,2603.0,0,0.0
1,SIAgent6,FEMALE_OLD_HIGH_INCOME,25,407.0,0,0.0
1,SIAgent3,FEMALE_OLD_HIGH_INCOME,25,407.0,0,0.0
1,SIAgent4,MALE_HIGH_INCOME,82,1325.0,1,16.067901234567902
1,SIAgent1,MALE_OLD,162,2603.0,0,0.0
1,SIAgent2,MALE_OLD,162,2603.0,0,0.0
1,SIAgent0,YOUNG_HIGH_INCOME,48,773.0,0,0.0
2,WEAgent1,YOUNG_LOW_INCOME,238,3816.0,0,0.0
2,WEAgent2,MALE_OLD_LOW_INCOME,112,1795.0,0,0.0
2,WEAgent0,MALE_HIGH_INCOME,82,1325.0,0,0.0
2,SIAgent7,MALE_YOUNG_HIGH_INCOME,32,517.0,0,0.0
2,SIAgent8,MALE_OLD,162,2603.0,0,0.0
2,SIAgent5,FEMALE_YOUNG_LOW_INCOME,123,1980.0,1,16.086330935251798
2,SIAgent6,FEMALE_OLD_LOW_INCOME,150,2401.0,0,0.0
2,SIAgent3,MALE_OLD,162,2603.0,0,0.0
2,SIAgent4,OLD_LOW_INCOME,262,4196.0,0,0.0
2,SIAgent1,FEMALE_OLD_LOW_INCOME,150,2401.0,0,0.0
2,SIAgent2,FEMALE_YOUNG,139,2236.0,0,0.0
2,SIAgent0,MALE_YOUNG,147,2353.0,0,0.0
3,WEAgent1,FEMALE_YOUNG,139,2236.0,0,0.0
3,WEAgent2,MALE_YOUNG_LOW_INCOME,114,1836.0,0,0.0
3,WEAgent0,FEMALE_YOUNG,139,2236.0,0,0.0
3,SIAgent7,MALE_OLD,162,2603.0,1,16.026785714285715
3,SIAgent8,FEMALE_YOUNG,139,2236.0,0,0.0
3,SIAgent5,MALE_OLD_LOW_INCOME,112,1795.0,0,0.0
3,SIAgent6,FEMALE_OLD,175,2808.0,0,0.0
3,SIAgent3,FEMALE_YOUNG_HIGH_INCOME,16,256.0,0,0.0
3,SIAgent4,FEMALE_YOUNG,139,2236.0,0,0.0
3,SIAgent1,MALE_HIGH_INCOME,82,1325.0,0,0.0
3,SIAgent2,FEMALE_HIGH_INCOME,41,663.0,0,0.0
3,SIAgent0,MALE_YOUNG_HIGH_INCOME,32,517.0,0,0.0
4,WEAgent1,YOUNG_HIGH_INCOME,48,773.0,0,0.0
4,WEAgent2,FEMALE_YOUNG_HIGH_INCOME,16,256.0,0,0.0
4,WEAgent0,MALE_OLD_LOW_INCOME,112,1795.0,0,0.0
4,SIAgent7,FEMALE_OLD,175,2808.0,0,0.0
4,SIAgent8,FEMALE_YOUNG,139,2236.0,1,16.03361344537815
4,SIAgent5,YOUNG_HIGH_INCOME,48,773.0,0,0.0
4,SIAgent6,YOUNG_HIGH_INCOME,48,773.0,0,0.0
4,SIAgent3,MALE_OLD_LOW_INCOME,112,1795.0,0,0.0
4,SIAgent4,YOUNG_LOW_INCOME,238,3816.0,0,0.0
4,SIAgent1,FEMALE_YOUNG_HIGH_INCOME,16,256.0,0,0.0
4,SIAgent2,MALE_LOW_INCOME,226,3631.0,0,0.0
4,SIAgent0,OLD_LOW_INCOME,262,4196.0,0,0.0
5,WEAgent1,FEMALE_YOUNG_LOW_INCOME,123,1980.0,0,0.0
5,WEAgent2,MALE_OLD,162,2603.0,0,0.0
5,WEAgent0,MALE_YOUNG_LOW_INCOME,114,1836.0,0,0.0
5,SIAgent7,MALE_HIGH_INCOME,82,1325.0,0,0.0
5,SIAgent8,MALE_HIGH_INCOME,82,1325.0,0,0.0
5,SIAgent5,MALE_YOUNG_LOW_INCOME,114,1836.0,0,0.0
5,SIAgent6,YOUNG_LOW_INCOME,238,3816.0,0,0.0
5,SIAgent3,FEMALE_YOUNG_LOW_INCOME,123,1980.0,1,16.097560975609756
5,SIAgent4,FEMALE_OLD,175,2808.0,0,0.0
5,SIAgent1,MALE_OLD_LOW_INCOME,112,1795.0,0,0.0
5,SIAgent2,FEMALE_YOUNG,139,2236.0,0,0.0
5,SIAgent0,MALE_OLD,162,2603.0,0,0.0
6,WEAgent1,FEMALE_LOW_INCOME,273,4381.0,0,0.0
6,WEAgent2,FEMALE_OLD_HIGH_INCOME,25,407.0,0,0.0
6,WEAgent0,MALE_OLD_LOW_INCOME,112,1795.0,0,0.0
6,SIAgent7,FEMALE_YOUNG_LOW_INCOME,123,1980.0,0,0.0
6,SIAgent8,MALE_YOUNG_HIGH_INCOME,32,517.0,0,0.0
6,SIAgent5,FEMALE_HIGH_INCOME,41,663.0,0,0.0
6,SIAgent6,MALE_YOUNG_LOW_INCOME,114,1836.0,1,16.06637168141593
6,SIAgent3,MALE_LOW_INCOME,226,3631.0,0,0.0
6,SIAgent4,FEMALE_OLD_HIGH_INCOME,25,407.0,0,0.0
6,SIAgent1,MALE_LOW_INCOME,226,3631.0,0,0.0
6,SIAgent2,FEMALE_OLD_LOW_INCOME,150,2401.0,0,0.0
6,SIAgent0,YOUNG_HIGH_INCOME,48,773.0,0,0.0
7,WEAgent1,MALE_YOUNG_HIGH_INCOME,32,517.0,0,0.0
7,WEAgent2,MALE_LOW_INCOME,226,3631.0,0,0.0
7,WEAgent0,MALE_LOW_INCOME,226,3631.0,0,0.0
7,SIAgent7,FEMALE_OLD_LOW_INCOME,150,2401.0,1,0.0
7,SIAgent8,YOUNG_HIGH_INCOME,48,773.0,0,0.0
7,SIAgent5,MALE_YOUNG_LOW_INCOME,114,1836.0,0,0.0
7,SIAgent6,FEMALE_YOUNG,139,2236.0,0,0.0
7,SIAgent3,MALE_OLD,162,2603.0,0,0.0
7,SIAgent4,FEMALE_YOUNG,139,2236.0,0,0.0
7,SIAgent1,MALE_YOUNG_LOW_INCOME,114,1836.0,0,0.0
7,SIAgent2,FEMALE_OLD_HIGH_INCOME,25,407.0,0,0.0
7,SIAgent0,FEMALE_YOUNG_HIGH_INCOME,16,256.0,0,0.0
8,WEAgent1,FEMALE_OLD_LOW_INCOME,150,2401.0,0,0.0
8,WEAgent2,YOUNG_LOW_INCOME,238,3816.0,0,0.0
8,WEAgent0,FEMALE_YOUNG,139,2236.0,0,0.0
8,SIAgent7,MALE_OLD_LOW_INCOME,112,1795.0,0,0.0
8,SIAgent8,MALE_OLD_HIGH_INCOME,50,808.0,0,0.0
8,SIAgent5,MALE_OLD_LOW_INCOME,112,1795.0,0,0.0
8,SIAgent6,FEMALE_YOUNG_HIGH_INCOME,16,256.0,0,0.0
8,SIAgent3,FEMALE_LOW_INCOME,273,4381.0,0,0.0
8,SIAgent4,FEMALE_HIGH_INCOME,41,663.0,0,0.0
8,SIAgent1,FEMALE_HIGH_INCOME,41,663.0,0,0.0
8,SIAgent2,FEMALE_OLD_LOW_INCOME,150,2401.0,0,0.0
8,SIAgent0,MALE_OLD,162,2603.0,0,0.0
9,WEAgent1,OLD_LOW_INCOME,262,4196.0,0,0.0
9,WEAgent2,MALE_LOW_INCOME,226,3631.0,0,0.0
9,WEAgent0,MALE_OLD_HIGH_INCOME,50,808.0,0,0.0
9,SIAgent7,FEMALE_LOW_INCOME,273,4381.0,0,0.0
9,SIAgent8,YOUNG_HIGH_INCOME,48,773.0,0,0.0
9,SIAgent5,MALE_YOUNG_HIGH_INCOME,32,517.0,0,0.0
9,SIAgent6,FEMALE_YOUNG_HIGH_INCOME,16,256.0,0,0.0
9,SIAgent3,FEMALE_YOUNG_LOW_INCOME,123,1980.0,1,16.086330935251798
9,SIAgent4,MALE_YOUNG_LOW_INCOME,114,1836.0,0,0.0
9,SIAgent1,MALE_LOW_INCOME,226,3631.0,0,0.0
9,SIAgent2,FEMALE_YOUNG,139,2236.0,0,0.0
9,SIAgent0,FEMALE_OLD,175,2808.0,0,0.0
10,WEAgent1,FEMALE_LOW_INCOME,273,4381.0,0,0.0
10,WEAgent2,MALE_OLD_HIGH_INCOME,50,808.0,0,0.0
10,WEAgent0,MALE_YOUNG_LOW_INCOME,114,1836.0,0,0.0
10,SIAgent7,MALE_OLD_LOW_INCOME,112,1795.0,0,0.0
10,SIAgent8,MALE_HIGH_INCOME,82,1325.0,0,0.0
10,SIAgent5,OLD_HIGH_INCOME,75,1215.0,0,0.0
10,SIAgent6,FEMALE_OLD,175,2808.0,0,0.0
10,SIAgent3,FEMALE_LOW_INCOME,273,4381.0,0,0.0
10,SIAgent4,FEMALE_YOUNG_HIGH_INCOME,16,256.0,1,0.0
10,SIAgent1,MALE_YOUNG_LOW_INCOME,114,1836.0,0,0.0
10,SIAgent2,FEMALE_OLD_LOW_INCOME,150,2401.0,0,0.0
10,SIAgent0,OLD_HIGH_INCOME,75,1215.0,0,0.0
11,WEAgent1,OLD_LOW_INCOME,262,4196.0,0,0.0
11,WEAgent2,OLD_LOW_INCOME,262,4196.0,0,0.0
11,WEAgent0,YOUNG_LOW_INCOME,238,3816.0,0,0.0
11,SIAgent7,MALE_OLD,162,2603.0,0,0.0
11,SIAgent8,MALE_OLD,162,2603.0,0,0.0
11,SIAgent5,FEMALE_OLD_LOW_INCOME,150,2401.0,0,0.0
11,SIAgent6,FEMALE_LOW_INCOME,273,4381.0,0,0.0
11,SIAgent3,MALE_OLD_HIGH_INCOME,50,808.0,0,0.0
11,SIAgent4,FEMALE_LOW_INCOME,273,4381.0,0,0.0
11,SIAgent1,FEMALE_YOUNG,139,2236.0,1,16.047619047619047
11,SIAgent2,MALE_OLD,162,2603.0,0,0.0
11,SIAgent0,MALE_LOW_INCOME,226,3631.0,0,0.0
12,WEAgent1,FEMALE_OLD_HIGH_INCOME,25,407.0,0,0.0
12,WEAgent2,YOUNG_LOW_INCOME,238,3816.0,0,0.0
12,WEAgent0,FEMALE_HIGH_INCOME,41,663.0,0,0.0
12,SIAgent7,FEMALE_OLD,175,2808.0,0,0.0
12,SIAgent8,FEMALE_LOW_INCOME,273,4381.0,0,0.0
12,SIAgent5,MALE_YOUNG_HIGH_INCOME,32,517.0,0,0.0
12,SIAgent6,MALE_OLD_HIGH_INCOME,50,808.0,0,0.0
12,SIAgent3,MALE_OLD,162,2603.0,0,0.0
12,SIAgent4,FEMALE_HIGH_INCOME,41,663.0,0,0.0
12,SIAgent1,FEMALE_OLD,175,2808.0,0,0.0
12,SIAgent2,YOUNG_LOW_INCOME,238,3816.0,1,0.0
12,SIAgent0,MALE_OLD_LOW_INCOME,112,1795.0,0,0.0
13,WEAgent1,MALE_YOUNG_HIGH_INCOME,32,517.0,0,0.0
13,WEAgent2,MALE_YOUNG_LOW_INCOME,114,1836.0,0,0.0
13,WEAgent0,OLD_LOW_INCOME,262,4196.0,0,0.0
13,SIAgent7,FEMALE_OLD,175,2808.0,1,0.0
13,SIAgent8,FEMALE_YOUNG_HIGH_INCOME,16,256.0,0,0.0
13,SIAgent5,MALE_YOUNG,147,2353.0,0,0.0
13,SIAgent6,MALE_OLD_HIGH_INCOME,50,808.0,0,0.0
13,SIAgent3,FEMALE_YOUNG,139,2236.0,0,0.0
13,SIAgent4,YOUNG_HIGH_INCOME,48,773.0,0,0.0
13,SIAgent1,MALE_YOUNG_HIGH_INCOME,32,517.0,0,0.0
13,SIAgent2,MALE_OLD_LOW_INCOME,112,1795.0,0,0.0
13,SIAgent0,MALE_YOUNG_HIGH_INCOME,32,517.0,0,0.0
14,WEAgent1,FEMALE_OLD,175,2808.0,0,0.0
14,WEAgent2,MALE_YOUNG,147,2353.0,0,0.0
14,WEAgent0,MALE_YOUNG_LOW_INCOME,114,1836.0,0,0.0
14,SIAgent7,YOUNG_HIGH_INCOME,48,773.0,0,0.0
14,SIAgent8,MALE_YOUNG_LOW_INCOME,114,1836.0,0,0.0
14,SIAgent5,FEMALE_OLD,175,2808.0,0,0.0
14,SIAgent6,MALE_OLD_LOW_INCOME,112,1795.0,0,0.0
14,SIAgent3,FEMALE_YOUNG,139,2236.0,0,0.0
14,SIAgent4,OLD_LOW_INCOME,262,4196.0,0,0.0
14,SIAgent1,FEMALE_YOUNG,139,2236.0,0,0.0
14,SIAgent2,YOUNG_LOW_INCOME,238,3816.0,0,0.0
14,SIAgent0,FEMALE_YOUNG_LOW_INCOME,123,1980.0,1,16.086330935251798
15,WEAgent1,FEMALE_YOUNG,139,2236.0,0,0.0
15,WEAgent2,MALE_OLD,162,2603.0,0,0.0
15,WEAgent0,OLD_LOW_INCOME,262,4196.0,0,0.0
15,SIAgent7,MALE_HIGH_INCOME,82,1325.0,0,0.0
15,SIAgent8,MALE_OLD,162,2603.0,1,16.015267175572518
15,SIAgent5,FEMALE_YOUNG,139,2236.0,0,0.0
15,SIAgent6,MALE_YOUNG_LOW_INCOME,114,1836.0,0,0.0
15,SIAgent3,MALE_OLD_HIGH_INCOME,50,808.0,0,0.0
15,SIAgent4,FEMALE_OLD,175,2808.0,0,0.0
15,SIAgent1,OLD_HIGH_INCOME,75,1215.0,0,0.0
15,SIAgent2,FEMALE_YOUNG,139,2236.0,0,0.0
15,SIAgent0,MALE_YOUNG,147,2353.0,0,0.0
16,WEAgent1,MALE_YOUNG_HIGH_INCOME,32,517.0,0,0.0
16,WEAgent2,FEMALE_YOUNG,139,2236.0,0,0.0
16,WEAgent0,FEMALE_LOW_INCOME,273,4381.0,0,0.0
16,SIAgent7,FEMALE_OLD_LOW_INCOME,150,2401.0,0,0.0
16,SIAgent8,YOUNG_LOW_INCOME,238,3816.0,0,0.0
16,SIAgent5,FEMALE_OLD_HIGH_INCOME,25,407.0,0,0.0
16,SIAgent6,FEMALE_HIGH_INCOME,41,663.0,0,0.0
16,SIAgent3,YOUNG_LOW_INCOME,238,3816.0,0,0.0
16,SIAgent4,FEMALE_YOUNG_HIGH_INCOME,16,256.0,0,0.0
16,SIAgent1,MALE_OLD_HIGH_INCOME,50,808.0,0,0.0
16,SIAgent2,FEMALE_OLD,175,2808.0,0,0.0
16,SIAgent0,MALE_YOUNG_LOW_INCOME,114,1836.0,1,16.03361344537815
17,WEAgent1,YOUNG_HIGH_INCOME,48,773.0,0,0.0
17,WEAgent2,FEMALE_OLD,175,2808.0,0,0.0
17,WEAgent0,YOUNG_HIGH_INCOME,48,773.0,0,0.0
17,SIAgent7,FEMALE_OLD_LOW_INCOME,150,2401.0,0,0.0
17,SIAgent8,OLD_HIGH_INCOME,75,1215.0,0,0.0
17,SIAgent5,FEMALE_YOUNG,139,2236.0,0,0.0
17,SIAgent6,MALE_OLD_LOW_INCOME,112,1795.0,0,0.0
17,SIAgent3,MALE_YOUNG_HIGH_INCOME,32,517.0,0,0.0
17,SIAgent4,YOUNG_HIGH_INCOME,48,773.0,0,0.0
17,SIAgent1,FEMALE_OLD_LOW_INCOME,150,2401.0,0,0.0
17,SIAgent2,MALE_OLD,162,2603.0,1,16.026785714285715
17,SIAgent0,FEMALE_YOUNG_HIGH_INCOME,16,256.0,0,0.0
18,WEAgent1,MALE_YOUNG_HIGH_INCOME,32,517.0,0,0.0
18,WEAgent2,OLD_LOW_INCOME,262,4196.0,0,0.0
18,WEAgent0,OLD_LOW_INCOME,262,4196.0,0,0.0
18,SIAgent7,MALE_OLD_LOW_INCOME,112,1795.0,0,0.0
18,SIAgent8,FEMALE_HIGH_INCOME,41,663.0,0,0.0
18,SIAgent5,MALE_YOUNG_HIGH_INCOME,32,517.0,0,0.0
18,SIAgent6,MALE_YOUNG,147,2353.0,0,0.0
18,SIAgent3,OLD_LOW_INCOME,262,4196.0,0,0.0
18,SIAgent4,MALE_YOUNG,147,2353.0,1,16.006802721088434
18,SIAgent1,MALE_YOUNG,147,2353.0,0,0.0
18,SIAgent2,FEMALE_YOUNG_HIGH_INCOME,16,256.0,0,0.0
18,SIAgent0,MALE_YOUNG,147,2353.0,0,0.0
19,WEAgent1,MALE_OLD,162,2603.0,0,0.0
19,WEAgent2,FEMALE_LOW_INCOME,273,4381.0,0,0.0
19,WEAgent0,MALE_OLD,162,2603.0,0,0.0
19,SIAgent7,MALE_OLD,162,2603.0,0,0.0
19,SIAgent8,OLD_LOW_INCOME,262,4196.0,0,0.0
19,SIAgent5,MALE_OLD,162,2603.0,0,0.0
19,SIAgent6,YOUNG_HIGH_INCOME,48,773.0,0,0.0
19,SIAgent3,FEMALE_LOW_INCOME,273,4381.0,1,16.047619047619047
19,SIAgent4,OLD_HIGH_INCOME,75,1215.0,0,0.0
19,SIAgent1,MALE_YOUNG,147,2353.0,0,0.0
19,SIAgent2,MALE_OLD,162,2603.0,0,0.0
19,SIAgent0,FEMALE_LOW_INCOME,273,4381.0,0,0.0
20,WEAgent1,FEMALE_LOW_INCOME,273,4381.0,0,0.0
20,WEAgent2,OLD_LOW_INCOME,262,4196.0,0,0.0
20,WEAgent0,MALE_OLD,162,2603.0,0,0.0
20,SIAgent7,MALE_YOUNG_HIGH_INCOME,32,517.0,0,0.0
20,SIAgent8,FEMALE_YOUNG_HIGH_INCOME,16,256.0,0,0.0
20,SIAgent5,FEMALE_OLD_HIGH_INCOME,25,407.0,0,0.0
20,SIAgent6,MALE_OLD_HIGH_INCOME,50,808.0,0,0.0
20,SIAgent3,FEMALE_HIGH_INCOME,41,663.0,0,0.0
20,SIAgent4,MALE_HIGH_INCOME,82,1325.0,0,0.0
20,SIAgent1,FEMALE_OLD_LOW_INCOME,150,2401.0,0,0.0
20,SIAgent2,MALE_YOUNG,147,2353.0,1,0.0
20,SIAgent0,FEMALE_HIGH_INCOME,41,663.0,0,0.0
21,WEAgent1,MALE_OLD_LOW_INCOME,112,1795.0,0,0.0
21,WEAgent2,MALE_YOUNG_LOW_INCOME,114,1836.0,1,16.06637168141593
21,WEAgent0,FEMALE_LOW_INCOME,273,4381.0,0,0.0
21,SIAgent7,OLD_LOW_INCOME,262,4196.0,0,0.0
21,SIAgent8,MALE_LOW_INCOME,226,3631.0,0,0.0
21,SIAgent5,FEMALE_YOUNG,139,2236.0,0,0.0
21,SIAgent6,MALE_HIGH_INCOME,82,1325.0,0,0.0
21,SIAgent3,MALE_OLD,162,2603.0,0,0.0
21,SIAgent4,MALE_OLD_HIGH_INCOME,50,808.0,0,0.0
21,SIAgent1,MALE_YOUNG_HIGH_INCOME,32,517.0,0,0.0
21,SIAgent2,FEMALE_OLD_HIGH_INCOME,25,407.0,0,0.0
21,SIAgent0,YOUNG_HIGH_INCOME,48,773.0,0,0.0
22,WEAgent1,MALE_YOUNG_LOW_INCOME,114,1836.0,0,0.0
22,WEAgent2,FEMALE_OLD_HIGH_INCOME,25,407.0,0,0.0
22,WEAgent0,MALE_LOW_INCOME,226,3631.0,0,0.0
22,SIAgent7,MALE_LOW_INCOME,226,3631.0,0,0.0
22,SIAgent8,YOUNG_LOW_INCOME,238,3816.0,0,0.0
22,SIAgent5,OLD_HIGH_INCOME,75,1215.0,0,0.0
22,SIAgent6,OLD_LOW_INCOME,262,4196.0,0,0.0
22,SIAgent3,FEMALE_YOUNG_LOW_INCOME,123,1980.0,1,16.086330935251798
22,SIAgent4,FEMALE_HIGH_INCOME,41,663.0,0,0.0
22,SIAgent1,FEMALE_YOUNG,139,2236.0,0,0.0
22,SIAgent2,MALE_OLD,162,2603.0,0,0.0
22,SIAgent0,OLD_LOW_INCOME,262,4196.0,0,0.0
23,WEAgent1,YOUNG_LOW_INCOME,238,3816.0,0,0.0
23,WEAgent2,MALE_YOUNG_HIGH_INCOME,32,517.0,0,0.0
23,WEAgent0,FEMALE_HIGH_INCOME,41,663.0,0,0.0
23,SIAgent7,OLD_LOW_INCOME,262,4196.0,0,0.0
23,SIAgent8,YOUNG_HIGH_INCOME,48,773.0,0,0.0
23,SIAgent5,FEMALE_YOUNG_LOW_INCOME,123,1980.0,0,0.0
23,SIAgent6,FEMALE_YOUNG_HIGH_INCOME,16,256.0,0,0.0
23,SIAgent3,MALE_YOUNG_HIGH_INCOME,32,517.0,0,0.0
23,SIAgent4,FEMALE_OLD,175,2808.0,1,16.015267175572518
23,SIAgent1,MALE_YOUNG_LOW_INCOME,114,1836.0,0,0.0
23,SIAgent2,FEMALE_YOUNG_HIGH_INCOME,16,256.0,0,0.0
23,SIAgent0,MALE_LOW_INCOME,226,3631.0,0,0.0
24,WEAgent1,FEMALE_YOUNG_HIGH_INCOME,16,256.0,0,0.0
24,WEAgent2,MALE_OLD_HIGH_INCOME,50,808.0,0,0.0
24,WEAgent0,MALE_OLD_HIGH_INCOME,50,808.0,0,0.0
24,SIAgent7,MALE_YOUNG_HIGH_INCOME,32,517.0,0,0.0
24,SIAgent8,FEMALE_OLD,175,2808.0,0,0.0
24,SIAgent5,FEMALE_OLD_LOW_INCOME,150,2401.0,0,0.0
24,SIAgent6,MALE_OLD_HIGH_INCOME,50,808.0,0,0.0
24,SIAgent3,FEMALE_HIGH_INCOME,41,663.0,1,16.0
24,SIAgent4,MALE_OLD,162,2603.0,0,0.0
24,SIAgent1,FEMALE_OLD_HIGH_INCOME,25,407.0,0,0.0
24,SIAgent2,MALE_HIGH_INCOME,82,1325.0,0,0.0
24,SIAgent0,MALE_YOUNG,147,2353.0,0,0.0
25,WEAgent1,FEMALE_OLD,175,2808.0,0,0.0
25,WEAgent2,MALE_YOUNG,147,2353.0,0,0.0
25,WEAgent0,FEMALE_YOUNG,139,2236.0,0,0.0
25,SIAgent7,FEMALE_OLD_LOW_INCOME,150,2401.0,0,0.0
25,SIAgent8,FEMALE_OLD,175,2808.0,0,0.0
25,SIAgent5,FEMALE_YOUNG,139,2236.0,0,0.0
25,SIAgent6,FEMALE_YOUNG,139,2236.0,0,0.0
25,SIAgent3,FEMALE_LOW_INCOME,273,4381.0,1,16.045714285714286
25,SIAgent4,MALE_OLD,162,2603.0,0,0.0
25,SIAgent1,FEMALE_OLD_LOW_INCOME,150,2401.0,0,0.0
25,SIAgent2,MALE_YOUNG,147,2353.0,0,0.0
25,SIAgent0,FEMALE_OLD_HIGH_INCOME,25,407.0,0,0.0
26,WEAgent1,FEMALE_HIGH_INCOME,41,663.0,0,0.0
26,WEAgent2,OLD_LOW_INCOME,262,4196.0,0,0.0
26,WEAgent0,MALE_LOW_INCOME,226,3631.0,0,0.0
26,SIAgent7,FEMALE_OLD_LOW_INCOME,150,2401.0,0,0.0
26,SIAgent8,MALE_LOW_INCOME,226,3631.0,1,16.026785714285715
26,SIAgent5,MALE_OLD_HIGH_INCOME,50,808.0,0,0.0
26,SIAgent6,OLD_LOW_INCOME,262,4196.0,0,0.0
26,SIAgent3,FEMALE_HIGH_INCOME,41,663.0,0,0.0
26,SIAgent4,MALE_YOUNG_HIGH_INCOME,32,517.0,0,0.0
26,SIAgent1,MALE_OLD_LOW_INCOME,112,1795.0,0,0.0
26,SIAgent2,YOUNG_HIGH_INCOME,48,773.0,0,0.0
26,SIAgent0,FEMALE_OLD_HIGH_INCOME,25,407.0,0,0.0
27,WEAgent1,YOUNG_HIGH_INCOME,48,773.0,0,0.0
27,WEAgent2,MALE_YOUNG_LOW_INCOME,114,1836.0,0,0.0
27,WEAgent0,FEMALE_OLD_LOW_INCOME,150,2401.0,0,0.0
27,SIAgent7,OLD_LOW_INCOME,262,4196.0,1,16.015267175572518
27,SIAgent8,FEMALE_OLD_LOW_INCOME,150,2401.0,0,0.0
27,SIAgent5,OLD_LOW_INCOME,262,4196.0,0,0.0
27,SIAgent6,MALE_HIGH_INCOME,82,1325.0,0,0.0
27,SIAgent3,OLD_HIGH_INCOME,75,1215.0,0,0.0
27,SIAgent4,MALE_YOUNG_LOW_INCOME,114,1836.0,0,0.0
27,SIAgent1,FEMALE_HIGH_INCOME,41,663.0,0,0.0
27,SIAgent2,MALE_YOUNG_HIGH_INCOME,32,517.0,0,0.0
27,SIAgent0,FEMALE_OLD_LOW_INCOME,150,2401.0,0,0.0
28,WEAgent1,FEMALE_OLD_LOW_INCOME,150,2401.0,0,0.0
28,WEAgent2,OLD_LOW_INCOME,262,4196.0,0,0.0
28,WEAgent0,MALE_OLD,162,2603.0,0,0.0
28,SIAgent7,FEMALE_OLD,175,2808.0,0,0.0
28,SIAgent8,MALE_OLD,162,2603.0,0,0.0
28,SIAgent5,MALE_LOW_INCOME,226,3631.0,0,0.0
28,SIAgent6,MALE_YOUNG_LOW_INCOME,114,1836.0,0,0.0
28,SIAgent3,FEMALE_YOUNG_LOW_INCOME,123,1980.0,1,16.03361344537815
28,SIAgent4,MALE_HIGH_INCOME,82,1325.0,0,0.0
28,SIAgent1,MALE_YOUNG,147,2353.0,0,0.0
28,SIAgent2,YOUNG_LOW_INCOME,238,3816.0,0,0.0
28,SIAgent0,MALE_OLD_HIGH_INCOME,50,808.0,0,0.0
29,WEAgent1,MALE_YOUNG,147,2353.0,0,0.0
29,WEAgent2,MALE_HIGH_INCOME,82,1325.0,0,0.0
29,WEAgent0,MALE_YOUNG_LOW_INCOME,114,1836.0,0,0.0
29,SIAgent7,FEMALE_LOW_INCOME,273,4381.0,1,16.045714285714286
29,SIAgent8,FEMALE_HIGH_INCOME,41,663.0,0,0.0
29,SIAgent5,MALE_HIGH_INCOME,82,1325.0,0,0.0
29,SIAgent6,FEMALE_OLD,175,2808.0,0,0.0
29,SIAgent3,MALE_OLD_HIGH_INCOME,50,808.0,0,0.0
29,SIAgent4,OLD_HIGH_INCOME,75,1215.0,0,0.0
29,SIAgent1,MALE_YOUNG,147,2353.0,0,0.0
29,SIAgent2,FEMALE_OLD,175,2808.0,0,0.0
29,SIAgent0,FEMALE_YOUNG_LOW_INCOME,123,1980.0,0,0.0
30,WEAgent1,MALE_LOW_INCOME,226,3631.0,0,0.0
30,WEAgent2,MALE_YOUNG,147,2353.0,0,0.0
30,WEAgent0,FEMALE_OLD,175,2808.0,0,0.0
30,SIAgent7,MALE_YOUNG,147,2353.0,0,0.0
30,SIAgent8,FEMALE_OLD_HIGH_INCOME,25,407.0,0,0.0
30,SIAgent5,MALE_OLD_LOW_INCOME,112,1795.0,1,16.026785714285715
30,SIAgent6,YOUNG_LOW_INCOME,238,3816.0,0,0.0
30,SIAgent3,MALE_HIGH_INCOME,82,1325.0,0,0.0
30,SIAgent4,MALE_OLD_LOW_INCOME,112,1795.0,0,0.0
30,SIAgent1,YOUNG_HIGH_INCOME,48,773.0,0,0.0
30,SIAgent2,YOUNG_HIGH_INCOME,48,773.0,0,0.0
30,SIAgent0,MALE_OLD_HIGH_INCOME,50,808.0,0,0.0
31,WEAgent1,FEMALE_HIGH_INCOME,41,663.0,0,0.0
31,WEAgent2,OLD_LOW_INCOME,262,4196.0,0,0.0
31,WEAgent0,MALE_OLD_HIGH_INCOME,50,808.0,0,0.0
31,SIAgent7,FEMALE_HIGH_INCOME,41,663.0,0,0.0
31,SIAgent8,FEMALE_LOW_INCOME,273,4381.0,1,16.045714285714286
31,SIAgent5,MALE_LOW_INCOME,226,3631.0,0,0.0
31,SIAgent6,MALE_YOUNG,147,2353.0,0,0.0
31,SIAgent3,FEMALE_OLD_HIGH_INCOME,25,407.0,0,0.0
31,SIAgent4,FEMALE_OLD,175,2808.0,0,0.0
31,SIAgent1,OLD_LOW_INCOME,262,4196.0,0,0.0
31,SIAgent2,MALE_OLD_HIGH_INCOME,50,808.0,0,0.0
31,SIAgent0,MALE_OLD_LOW_INCOME,112,1795.0,0,0.0
32,WEAgent1,FEMALE_LOW_INCOME,273,4381.0,0,0.0
32,WEAgent2,MALE_YOUNG,147,2353.0,0,0.0
32,WEAgent0,MALE_OLD,162,2603.0,0,0.0
32,SIAgent7,FEMALE_YOUNG_LOW_INCOME,123,1980.0,0,0.0
32,SIAgent8,MALE_YOUNG_HIGH_INCOME,32,517.0,0,0.0
32,SIAgent5,YOUNG_HIGH_INCOME,48,773.0,0,0.0
32,SIAgent6,FEMALE_HIGH_INCOME,41,663.0,0,0.0
32,SIAgent3,YOUNG_LOW_INCOME,238,3816.0,0,0.0
32,SIAgent4,FEMALE_OLD_HIGH_INCOME,25,407.0,0,0.0
32,SIAgent1,FEMALE_OLD,175,2808.0,0,0.0
32,SIAgent2,MALE_LOW_INCOME,226,3631.0,1,16.03361344537815
32,SIAgent0,MALE_YOUNG_HIGH_INCOME,32,517.0,0,0.0
33,WEAgent1,MALE_OLD_HIGH_INCOME,50,808.0,0,0.0
33,WEAgent2,FEMALE_OLD,175,2808.0,0,0.0
33,WEAgent0,MALE_OLD,162,2603.0,0,0.0
33,SIAgent7,MALE_OLD_HIGH_INCOME,50,808.0,0,0.0
33,SIAgent8,MALE_YOUNG_HIGH_INCOME,32,517.0,0,0.0
33,SIAgent5,FEMALE_OLD_HIGH_INCOME,25,407.0,0,0.0
33,SIAgent6,MALE_HIGH_INCOME,82,1325.0,0,0.0
33,SIAgent3,FEMALE_OLD_HIGH_INCOME,25,407.0,0,0.0
33,SIAgent4,MALE_YOUNG,147,2353.0,0,0.0
33,SIAgent1,FEMALE_OLD,175,2808.0,0,0.0
33,SIAgent2,FEMALE_YOUNG,139,2236.0,0,0.0
33,SIAgent0,FEMALE_OLD,175,2808.0,0,0.0
34,WEAgent1,FEMALE_HIGH_INCOME,41,663.0,0,0.0
34,WEAgent2,FEMALE_YOUNG_LOW_INCOME,123,1980.0,0,0.0
34,WEAgent0,MALE_YOUNG_HIGH_INCOME,32,517.0,0,0.0
34,SIAgent7,YOUNG_HIGH_INCOME,48,773.0,0,0.0
34,SIAgent8,FEMALE_OLD_LOW_INCOME,150,2401.0,0,0.0
34,SIAgent5,FEMALE_OLD_HIGH_INCOME,25,407.0,0,0.0
34,SIAgent6,MALE_OLD_HIGH_INCOME,50,808.0,0,0.0
34,SIAgent3,MALE_HIGH_INCOME,82,1325.0,0,0.0
34,SIAgent4,FEMALE_LOW_INCOME,273,4381.0,1,16.006666666666668
34,SIAgent1,MALE_YOUNG_LOW_INCOME,114,1836.0,0,0.0
34,SIAgent2,MALE_YOUNG_LOW_INCOME,114,1836.0,0,0.0
34,SIAgent0,MALE_YOUNG_LOW_INCOME,114,1836.0,0,0.0
35,WEAgent1,FEMALE_OLD_LOW_INCOME,150,2401.0,0,0.0
35,WEAgent2,MALE_OLD_HIGH_INCOME,50,808.0,0,0.0
35,WEAgent0,MALE_OLD_HIGH_INCOME,50,808.0,0,0.0
35,SIAgent7,MALE_HIGH_INCOME,82,1325.0,0,0.0
35,SIAgent8,OLD_LOW_INCOME,262,4196.0,0,0.0
35,SIAgent5,OLD_LOW_INCOME,262,4196.0,1,16.015267175572518
35,SIAgent6,MALE_OLD_HIGH_INCOME,50,808.0,0,0.0
35,SIAgent3,MALE_OLD,162,2603.0,0,0.0
35,SIAgent4,FEMALE_OLD_LOW_INCOME,150,2401.0,0,0.0
35,SIAgent1,YOUNG_LOW_INCOME,238,3816.0,0,0.0
35,SIAgent2,MALE_OLD_HIGH_INCOME,50,808.0,0,0.0
35,SIAgent0,MALE_OLD_HIGH_INCOME,50,808.0,0,0.0
36,WEAgent1,FEMALE_OLD_LOW_INCOME,150,2401.0,0,0.0
36,WEAgent2,MALE_OLD,162,2603.0,0,0.0
36,WEAgent0,MALE_OLD_LOW_INCOME,112,1795.0,0,0.0
36,SIAgent7,FEMALE_YOUNG_HIGH_INCOME,16,256.0,0,0.0
36,SIAgent8,YOUNG_LOW_INCOME,238,3816.0,0,0.0
36,SIAgent5,OLD_LOW_INCOME,262,4196.0,0,0.0
36,SIAgent6,FEMALE_HIGH_INCOME,41,663.0,0,0.0
36,SIAgent3,FEMALE_OLD,175,2808.0,0,0.0
36,SIAgent4,FEMALE_YOUNG_LOW_INCOME,123,1980.0,0,0.0
36,SIAgent1,YOUNG_HIGH_INCOME,48,773.0,0,0.0
36,SIAgent2,FEMALE_LOW_INCOME,273,4381.0,1,16.045714285714286
36,SIAgent0,FEMALE_OLD_LOW_INCOME,150,2401.0,0,0.0
37,WEAgent1,MALE_YOUNG,147,2353.0,0,0.0
37,WEAgent2,FEMALE_OLD_HIGH_INCOME,25,407.0,0,0.0
37,WEAgent0,FEMALE_OLD,175,2808.0,0,0.0
37,SIAgent7,FEMALE_HIGH_INCOME,41,663.0,0,0.0
37,SIAgent8,MALE_OLD_HIGH_INCOME,50,808.0,0,0.0
37,SIAgent5,MALE_HIGH_INCOME,82,1325.0,0,0.0
37,SIAgent6,OLD_HIGH_INCOME,75,1215.0,0,0.0
37,SIAgent3,MALE_YOUNG,147,2353.0,0,0.0
37,SIAgent4,FEMALE_YOUNG,139,2236.0,0,0.0
37,SIAgent1,MALE_HIGH_INCOME,82,1325.0,0,0.0
37,SIAgent2,MALE_YOUNG_HIGH_INCOME,32,517.0,0,0.0
37,SIAgent0,MALE_YOUNG,147,2353.0,0,0.0
38,WEAgent1,FEMALE_HIGH_INCOME,41,663.0,0,0.0
38,WEAgent2,MALE_YOUNG_LOW_INCOME,114,1836.0,0,0.0
38,WEAgent0,MALE_HIGH_INCOME,82,1325.0,0,0.0
38,SIAgent7,FEMALE_YOUNG_LOW_INCOME,123,1980.0,1,16.03361344537815
38,SIAgent8,FEMALE_OLD_LOW_INCOME,150,2401.0,0,0.0
38,SIAgent5,MALE_YOUNG_HIGH_INCOME,32,517.0,0,0.0
38,SIAgent6,MALE_YOUNG_LOW_INCOME,114,1836.0,0,0.0
38,SIAgent3,MALE_OLD_LOW_INCOME,112,1795.0,0,0.0
38,SIAgent4,MALE_YOUNG_HIGH_INCOME,32,517.0,0,0.0
38,SIAgent1,FEMALE_OLD_HIGH_INCOME,25,407.0,0,0.0
38,SIAgent2,YOUNG_LOW_INCOME,238,3816.0,0,0.0
38,SIAgent0,MALE_YOUNG,147,2353.0,0,0.0
39,WEAgent1,MALE_YOUNG_LOW_INCOME,114,1836.0,0,0.0
39,WEAgent2,MALE_OLD,162,2603.0,0,0.0
39,WEAgent0,FEMALE_YOUNG,139,2236.0,0,0.0
39,SIAgent7,FEMALE_YOUNG_LOW_INCOME,123,1980.0,0,0.0
39,SIAgent8,MALE_OLD_HIGH_INCOME,50,808.0,1,16.067901234567902
39,SIAgent5,MALE_LOW_INCOME,226,3631.0,0,0.0
39,SIAgent6,MALE_OLD,162,2603.0,0,0.0
39,SIAgent3,MALE_YOUNG_LOW_INCOME,114,1836.0,0,0.0
39,SIAgent4,FEMALE_LOW_INCOME,273,4381.0,0,0.0
39,SIAgent1,FEMALE_YOUNG,139,2236.0,0,0.0
39,SIAgent2,YOUNG_HIGH_INCOME,48,773.0,0,0.0
39,SIAgent0,MALE_YOUNG_HIGH_INCOME,32,517.0,0,0.0
40,WEAgent1,MALE_OLD,162,2603.0,0,0.0
40,WEAgent2,MALE_OLD_LOW_INCOME,112,1795.0,0,0.0
40,WEAgent0,FEMALE_LOW_INCOME,273,4381.0,0,0.0
40,SIAgent7,FEMALE_OLD_LOW_INCOME,150,2401.0,0,0.0
40,SIAgent8,MALE_OLD,162,2603.0,1,16.067901234567902
40,SIAgent5,MALE_OLD_HIGH_INCOME,50,808.0,0,0.0
40,SIAgent6,YOUNG_LOW_INCOME,238,3816.0,0,0.0
40,SIAgent3,FEMALE_YOUNG_LOW_INCOME,123,1980.0,0,0.0
40,SIAgent4,MALE_YOUNG_HIGH_INCOME,32,517.0,0,0.0
40,SIAgent1,MALE_OLD,162,2603.0,0,0.0
40,SIAgent2,FEMALE_YOUNG_LOW_INCOME,123,1980.0,0,0.0
40,SIAgent0,FEMALE_OLD,175,2808.0,0,0.0
41,WEAgent1,MALE_YOUNG_LOW_INCOME,114,1836.0,0,0.0
41,WEAgent2,FEMALE_YOUNG_LOW_INCOME,123,1980.0,0,0.0
41,WEAgent0,YOUNG_LOW_INCOME,238,3816.0,0,0.0
41,SIAgent7,FEMALE_OLD_LOW_INCOME,150,2401.0,0,0.0
41,SIAgent8,FEMALE_LOW_INCOME,273,4381.0,1,16.006666666666668
41,SIAgent5,FEMALE_YOUNG_HIGH_INCOME,16,256.0,0,0.0
41,SIAgent6,MALE_OLD_HIGH_INCOME,50,808.0,0,0.0
41,SIAgent3,MALE_YOUNG_HIGH_INCOME,32,517.0,0,0.0
41,SIAgent4,FEMALE_OLD,175,2808.0,0,0.0
41,SIAgent1,FEMALE_OLD,175,2808.0,0,0.0
41,SIAgent2,MALE_OLD,162,2603.0,0,0.0
41,SIAgent0,MALE_HIGH_INCOME,82,1325.0,0,0.0
42,WEAgent1,FEMALE_OLD,175,2808.0,0,0.0
42,WEAgent2,FEMALE_HIGH_INCOME,41,663.0,0,0.0
42,WEAgent0,MALE_LOW_INCOME,226,3631.0,0,0.0
42,SIAgent7,OLD_HIGH_INCOME,75,1215.0,0,0.0
42,SIAgent8,FEMALE_LOW_INCOME,273,4381.0,0,0.0
42,SIAgent5,FEMALE_OLD,175,2808.0,0,0.0
42,SIAgent6,FEMALE_OLD_LOW_INCOME,150,2401.0,0,0.0
42,SIAgent3,YOUNG_HIGH_INCOME,48,773.0,0,0.0
42,SIAgent4,FEMALE_OLD_HIGH_INCOME,25,407.0,0,0.0
42,SIAgent1,MALE_LOW_INCOME,226,3631.0,1,16.015267175572518
42,SIAgent2,OLD_LOW_INCOME,262,4196.0,0,0.0
42,SIAgent0,MALE_YOUNG_HIGH_INCOME,32,517.0,0,0.0
43,WEAgent1,OLD_LOW_INCOME,262,4196.0,0,0.0
43,WEAgent2,MALE_YOUNG_LOW_INCOME,114,1836.0,0,0.0
43,WEAgent0,FEMALE_YOUNG_HIGH_INCOME,16,256.0,0,0.0
43,SIAgent7,MALE_YOUNG_HIGH_INCOME,32,517.0,0,0.0
43,SIAgent8,FEMALE_LOW_INCOME,273,4381.0,0,0.0
43,SIAgent5,MALE_OLD,162,2603.0,0,0.0
43,SIAgent6,MALE_YOUNG_HIGH_INCOME,32,517.0,1,16.15625
43,SIAgent3,OLD_LOW_INCOME,262,4196.0,0,0.0
43,SIAgent4,MALE_YOUNG_LOW_INCOME,114,1836.0,0,0.0
43,SIAgent1,MALE_YOUNG_HIGH_INCOME,32,517.0,0,0.0
43,SIAgent2,FEMALE_YOUNG_LOW_INCOME,123,1980.0,0,0.0
43,SIAgent0,FEMALE_YOUNG_LOW_INCOME,123,1980.0,0,0.0
44,WEAgent1,FEMALE_YOUNG_LOW_INCOME,123,1980.0,0,0.0
44,WEAgent2,MALE_YOUNG_HIGH_INCOME,32,517.0,0,0.0
44,WEAgent0,FEMALE_OLD_LOW_INCOME,150,2401.0,0,0.0
44,SIAgent7,OLD_LOW_INCOME,262,4196.0,0,0.0
44,SIAgent8,FEMALE_LOW_INCOME,273,4381.0,0,0.0
44,SIAgent5,FEMALE_YOUNG,139,2236.0,0,0.0
44,SIAgent6,FEMALE_YOUNG_LOW_INCOME,123,1980.0,0,0.0
44,SIAgent3,FEMALE_OLD,175,2808.0,0,0.0
44,SIAgent4,FEMALE_OLD_LOW_INCOME,150,2401.0,0,0.0
44,SIAgent1,MALE_OLD_LOW_INCOME,112,1795.0,1,16.015267175572518
44,SIAgent2,OLD_LOW_INCOME,262,4196.0,0,0.0
44,SIAgent0,FEMALE_YOUNG_HIGH_INCOME,16,256.0,0,0.0
45,WEAgent1,FEMALE_YOUNG,139,2236.0,0,0.0
45,WEAgent2,FEMALE_HIGH_INCOME,41,663.0,0,0.0
45,WEAgent0,FEMALE_OLD,175,2808.0,0,0.0
45,SIAgent7,MALE_LOW_INCOME,226,3631.0,0,0.0
45,SIAgent8,MALE_YOUNG,147,2353.0,0,0.0
45,SIAgent5,MALE_YOUNG_HIGH_INCOME,32,517.0,0,0.0
45,SIAgent6,MALE_OLD,162,2603.0,0,0.0
45,SIAgent3,MALE_YOUNG_LOW_INCOME,114,1836.0,0,0.0
45,SIAgent4,MALE_LOW_INCOME,226,3631.0,0,0.0
45,SIAgent1,OLD_HIGH_INCOME,75,1215.0,0,0.0
45,SIAgent2,MALE_OLD,162,2603.0,0,0.0
45,SIAgent0,FEMALE_YOUNG_HIGH_INCOME,16,256.0,0,0.0
46,WEAgent1,FEMALE_HIGH_INCOME,41,663.0,0,0.0
46,WEAgent2,FEMALE_YOUNG_LOW_INCOME,123,1980.0,1,16.086330935251798
46,WEAgent0,YOUNG_LOW_INCOME,238,3816.0,0,0.0
46,SIAgent7,FEMALE_OLD_HIGH_INCOME,25,407.0,0,0.0
46,SIAgent8,FEMALE_YOUNG,139,2236.0,0,0.0
46,SIAgent5,YOUNG_HIGH_INCOME,48,773.0,0,0.0
46,SIAgent6,MALE_YOUNG_LOW_INCOME,114,1836.0,0,0.0
46,SIAgent3,MALE_OLD_HIGH_INCOME,50,808.0,0,0.0
46,SIAgent4,MALE_LOW_INCOME,226,3631.0,0,0.0
46,SIAgent1,MALE_OLD,162,2603.0,0,0.0
46,SIAgent2,FEMALE_OLD,175,2808.0,0,0.0
46,SIAgent0,FEMALE_OLD_HIGH_INCOME,25,407.0,0,0.0
47,WEAgent1,FEMALE_YOUNG,139,2236.0,0,0.0
47,WEAgent2,MALE_OLD_HIGH_INCOME,50,808.0,0,0.0
47,WEAgent0,FEMALE_OLD_LOW_INCOME,150,2401.0,0,0.0
47,SIAgent7,MALE_OLD_HIGH_INCOME,50,808.0,0,0.0
47,SIAgent8,FEMALE_HIGH_INCOME,41,663.0,0,0.0
47,SIAgent5,FEMALE_YOUNG_HIGH_INCOME,16,256.0,0,0.0
47,SIAgent6,OLD_LOW_INCOME,262,4196.0,0,0.0
47,SIAgent3,MALE_YOUNG_LOW_INCOME,114,1836.0,0,0.0
47,SIAgent4,MALE_YOUNG_LOW_INCOME,114,1836.0,0,0.0
47,SIAgent1,MALE_OLD_LOW_INCOME,112,1795.0,1,16.015267175572518
47,SIAgent2,MALE_HIGH_INCOME,82,1325.0,0,0.0
47,SIAgent0,OLD_HIGH_INCOME,75,1215.0,0,0.0
48,WEAgent1,OLD_HIGH_INCOME,75,1215.0,0,0.0
48,WEAgent2,FEMALE_OLD_HIGH_INCOME,25,407.0,0,0.0
48,WEAgent0,MALE_LOW_INCOME,226,3631.0,0,0.0
48,SIAgent7,FEMALE_YOUNG,139,2236.0,0,0.0
48,SIAgent8,OLD_LOW_INCOME,262,4196.0,0,0.0
48,SIAgent5,MALE_LOW_INCOME,226,3631.0,0,0.0
48,SIAgent6,MALE_HIGH_INCOME,82,1325.0,0,0.0
48,SIAgent3,MALE_OLD_HIGH_INCOME,50,808.0,0,0.0
48,SIAgent4,MALE_YOUNG_LOW_INCOME,114,1836.0,1,16.06637168141593
48,SIAgent1,FEMALE_OLD,175,2808.0,0,0.0
48,SIAgent2,FEMALE_LOW_INCOME,273,4381.0,0,0.0
48,SIAgent0,FEMALE_YOUNG,139,2236.0,0,0.0
49,WEAgent1,FEMALE_OLD,175,2808.0,0,0.0
49,WEAgent2,OLD_LOW_INCOME,262,4196.0,0,0.0
49,WEAgent0,MALE_LOW_INCOME,226,3631.0,0,0.0
49,SIAgent7,FEMALE_YOUNG,139,2236.0,1,16.03361344537815
49,SIAgent8,YOUNG_LOW_INCOME,238,3816.0,0,0.0
49,SIAgent5,MALE_LOW_INCOME,226,3631.0,0,0.0
49,SIAgent6,YOUNG_HIGH_INCOME,48,773.0,0,0.0
49,SIAgent3,FEMALE_OLD_LOW_INCOME,150,2401.0,0,0.0
49,SIAgent4,MALE_YOUNG_LOW_INCOME,114,1836.0,0,0.0
49,SIAgent1,MALE_YOUNG,147,2353.0,0,0.0
49,SIAgent2,MALE_YOUNG_LOW_INCOME,114,1836.0,0,0.0
49,SIAgent0,MALE_LOW_INCOME,226,3631.0,0,0.0
50,WEAgent1,FEMALE_LOW_INCOME,273,4381.0,0,0.0
50,WEAgent2,FEMALE_YOUNG,139,2236.0,0,0.0
50,WEAgent0,MALE_YOUNG_HIGH_INCOME,32,517.0,0,0.0
50,SIAgent7,FEMALE_YOUNG,139,2236.0,0,0.0
50,SIAgent8,MALE_YOUNG,147,2353.0,0,0.0
50,SIAgent5,MALE_YOUNG,147,2353.0,0,0.0
50,SIAgent6,FEMALE_YOUNG,139,2236.0,0,0.0
50,SIAgent3,OLD_HIGH_INCOME,75,1215.0,0,0.0
50,SIAgent4,MALE_OLD,162,2603.0,0,0.0
50,SIAgent1,YOUNG_HIGH_INCOME,48,773.0,1,16.006802721088434
50,SIAgent2,YOUNG_LOW_INCOME,238,3816.0,0,0.0
50,SIAgent0,FEMALE_YOUNG_LOW_INCOME,123,1980.0,0,0.0
51,WEAgent1,YOUNG_HIGH_INCOME,48,773.0,0,0.0
51,WEAgent2,FEMALE_YOUNG_HIGH_INCOME,16,256.0,0,0.0
51,WEAgent0,FEMALE_HIGH_INCOME,41,663.0,0,0.0
51,SIAgent7,MALE_OLD_HIGH_INCOME,50,808.0,0,0.0
51,SIAgent8,YOUNG_HIGH_INCOME,48,773.0,0,0.0
51,SIAgent5,MALE_HIGH_INCOME,82,1325.0,0,0.0
51,SIAgent6,MALE_OLD,162,2603.0,1,0.0
51,SIAgent3,YOUNG_HIGH_INCOME,48,773.0,0,0.0
51,SIAgent4,MALE_HIGH_INCOME,82,1325.0,0,0.0
51,SIAgent1,FEMALE_YOUNG_HIGH_INCOME,16,256.0,0,0.0
51,SIAgent2,MALE_YOUNG_HIGH_INCOME,32,517.0,0,0.0
51,SIAgent0,FEMALE_OLD_LOW_INCOME,150,2401.0,0,0.0
52,WEAgent1,MALE_OLD_HIGH_INCOME,50,808.0,0,0.0
52,WEAgent2,YOUNG_LOW_INCOME,238,3816.0,0,0.0
52,WEAgent0,FEMALE_OLD_HIGH_INCOME,25,407.0,0,0.0
52,SIAgent7,OLD_LOW_INCOME,262,4196.0,1,0.0
52,SIAgent8,FEMALE_LOW_INCOME,273,4381.0,0,0.0
52,SIAgent5,MALE_YOUNG_HIGH_INCOME,32,517.0,0,0.0
52,SIAgent6,MALE_YOUNG_HIGH_INCOME,32,517.0,0,0.0
52,SIAgent3,FEMALE_YOUNG_HIGH_INCOME,16,256.0,0,0.0
52,SIAgent4,FEMALE_OLD_HIGH_INCOME,25,407.0,0,0.0
52,SIAgent1,FEMALE_OLD_HIGH_INCOME,25,407.0,0,0.0
52,SIAgent2,FEMALE_YOUNG_LOW_INCOME,123,1980.0,0,0.0
52,SIAgent0,FEMALE_OLD_HIGH_INCOME,25,407.0,0,0.0
53,WEAgent1,MALE_OLD,162,2603.0,0,0.0
53,WEAgent2,FEMALE_LOW_INCOME,273,4381.0,0,0.0
53,WEAgent0,MALE_OLD_LOW_INCOME,112,1795.0,0,0.0
53,SIAgent7,MALE_YOUNG_HIGH_INCOME,32,517.0,0,0.0
53,SIAgent8,MALE_LOW_INCOME,226,3631.0,0,0.0
53,SIAgent5,MALE_YOUNG_LOW_INCOME,114,1836.0,0,0.0
53,SIAgent6,MALE_OLD_LOW_INCOME,112,1795.0,0,0.0
53,SIAgent3,MALE_OLD_HIGH_INCOME,50,808.0,0,0.0
53,SIAgent4,FEMALE_LOW_INCOME,273,4381.0,1,0.0
53,SIAgent1,MALE_LOW_INCOME,226,3631.0,0,0.0
53,SIAgent2,MALE_OLD_HIGH_INCOME,50,808.0,0,0.0
53,SIAgent0,FEMALE_YOUNG_HIGH_INCOME,16,256.0,0,0.0
54,WEAgent1,OLD_HIGH_INCOME,75,1215.0,0,0.0
54,WEAgent2,YOUNG_HIGH_INCOME,48,773.0,0,0.0
54,WEAgent0,FEMALE_HIGH_INCOME,41,663.0,0,0.0
54,SIAgent7,MALE_LOW_INCOME,226,3631.0,0,0.0
54,SIAgent8,MALE_YOUNG_HIGH_INCOME,32,517.0,0,0.0
54,SIAgent5,MALE_LOW_INCOME,226,3631.0,0,0.0
54,SIAgent6,MALE_LOW_INCOME,226,3631.0,0,0.0
54,SIAgent3,FEMALE_LOW_INCOME,273,4381.0,0,0.0
54,SIAgent4,MALE_OLD,162,2603.0,0,0.0
54,SIAgent1,FEMALE_LOW_INCOME,273,4381.0,0,0.0
54,SIAgent2,MALE_YOUNG_LOW_INCOME,114,1836.0,1,16.06637168141593
54,SIAgent0,MALE_OLD,162,2603.0,0,0.0
55,WEAgent1,MALE_HIGH_INCOME,82,1325.0,0,0.0
55,WEAgent2,MALE_LOW_INCOME,226,3631.0,0,0.0
55,WEAgent0,OLD_LOW_INCOME,262,4196.0,0,0.0
55,SIAgent7,FEMALE_OLD_HIGH_INCOME,25,407.0,0,0.0
55,SIAgent8,FEMALE_HIGH_INCOME,41,663.0,0,0.0
55,SIAgent5,FEMALE_OLD_HIGH_INCOME,25,407.0,0,0.0
55,SIAgent6,MALE_LOW_INCOME,226,3631.0,0,0.0
55,SIAgent3,FEMALE_YOUNG_LOW_INCOME,123,1980.0,1,0.0
55,SIAgent4,OLD_HIGH_INCOME,75,1215.0,0,0.0
55,SIAgent1,OLD_HIGH_INCOME,75,1215.0,0,0.0
55,SIAgent2,MALE_OLD,162,2603.0,0,0.0
55,SIAgent0,YOUNG_HIGH_INCOME,48,773.0,0,0.0
56,WEAgent1,FEMALE_OLD_LOW_INCOME,150,2401.0,0,0.0
56,WEAgent2,MALE_OLD_HIGH_INCOME,50,808.0,0,0.0
56,WEAgent0,MALE_YOUNG_HIGH_INCOME,32,517.0,0,0.0
56,SIAgent7,FEMALE_OLD,175,2808.0,0,0.0
56,SIAgent8,OLD_HIGH_INCOME,75,1215.0,0,0.0
56,SIAgent5,FEMALE_YOUNG_LOW_INCOME,123,1980.0,0,0.0
56,SIAgent6,YOUNG_HIGH_INCOME,48,773.0,0,0.0
56,SIAgent3,OLD_HIGH_INCOME,75,1215.0,0,0.0
56,SIAgent4,FEMALE_LOW_INCOME,273,4381.0,0,0.0
56,SIAgent1,FEMALE_LOW_INCOME,273,4381.0,0,0.0
56,SIAgent2,FEMALE_OLD_LOW_INCOME,150,2401.0,0,0.0
56,SIAgent0,MALE_HIGH_INCOME,82,1325.0,0,0.0
57,WEAgent1,MALE_OLD_LOW_INCOME,112,1795.0,0,0.0
57,WEAgent2,MALE_OLD_LOW_INCOME,112,1795.0,0,0.0
57,WEAgent0,FEMALE_OLD_LOW_INCOME,150,2401.0,0,0.0
57,SIAgent7,FEMALE_LOW_INCOME,273,4381.0,0,0.0
57,SIAgent8,MALE_OLD,162,2603.0,1,16.02678571428571
57,SIAgent5,FEMALE_OLD_HIGH_INCOME,25,407.0,0,0.0
57,SIAgent6,FEMALE_OLD,175,2808.0,0,0.0
57,SIAgent3,MALE_HIGH_INCOME,82,1325.0,0,0.0
57,SIAgent4,MALE_YOUNG,147,2353.0,0,0.0
57,SIAgent1,YOUNG_LOW_INCOME,238,3816.0,0,0.0
57,SIAgent2,FEMALE_OLD_LOW_INCOME,150,2401.0,0,0.0
57,SIAgent0,MALE_YOUNG_HIGH_INCOME,32,517.0,0,0.0
58,WEAgent1,MALE_YOUNG_LOW_INCOME,114,1836.0,0,0.0
58,WEAgent2,MALE_OLD_LOW_INCOME,112,1795.0,0,0.0
58,WEAgent0,MALE_YOUNG_LOW_INCOME,114,1836.0,0,0.0
58,SIAgent7,FEMALE_LOW_INCOME,273,4381.0,0,0.0
58,SIAgent8,OLD_HIGH_INCOME,75,1215.0,0,0.0
58,SIAgent5,MALE_YOUNG,147,2353.0,0,0.0
58,SIAgent6,FEMALE_HIGH_INCOME,41,663.0,0,0.0
58,SIAgent3,MALE_YOUNG_LOW_INCOME,114,1836.0,1,16.105263157894736
58,SIAgent4,FEMALE_HIGH_INCOME,41,663.0,0,0.0
58,SIAgent1,MALE_YOUNG,147,2353.0,0,0.0
58,SIAgent2,FEMALE_OLD_LOW_INCOME,150,2401.0,0,0.0
58,SIAgent0,MALE_OLD_LOW_INCOME,112,1795.0,0,0.0
59,WEAgent1,MALE_OLD,162,2603.0,0,0.0
59,WEAgent2,YOUNG_LOW_INCOME,238,3816.0,0,0.0
59,WEAgent0,YOUNG_LOW_INCOME,238,3816.0,0,0.0
59,SIAgent7,FEMALE_LOW_INCOME,273,4381.0,1,16.03361344537815
59,SIAgent8,YOUNG_LOW_INCOME,238,3816.0,0,0.0
59,SIAgent5,OLD_HIGH_INCOME,75,1215.0,0,0.0
59,SIAgent6,FEMALE_OLD_LOW_INCOME,150,2401.0,0,0.0
59,SIAgent3,MALE_OLD_HIGH_INCOME,50,808.0,0,0.0
59,SIAgent4,MALE_YOUNG_LOW_INCOME,114,1836.0,0,0.0
59,SIAgent1,MALE_LOW_INCOME,226,3631.0,0,0.0
59,SIAgent2,MALE_HIGH_INCOME,82,1325.0,0,0.0
59,SIAgent0,MALE_LOW_INCOME,226,3631.0,0,0.0
60,WEAgent1,FEMALE_OLD_LOW_INCOME,150,2401.0,1,0.0
60,WEAgent2,YOUNG_HIGH_INCOME,48,773.0,0,0.0
60,WEAgent0,YOUNG_LOW_INCOME,238,3816.0,0,0.0
60,SIAgent7,FEMALE_YOUNG_LOW_INCOME,123,1980.0,0,0.0
60,SIAgent8,FEMALE_OLD_HIGH_INCOME,25,407.0,0,0.0
60,SIAgent5,FEMALE_HIGH_INCOME,41,663.0,0,0.0
60,SIAgent6,MALE_OLD_LOW_INCOME,112,1795.0,0,0.0
60,SIAgent3,MALE_OLD_HIGH_INCOME,50,808.0,0,0.0
60,SIAgent4,FEMALE_YOUNG_HIGH_INCOME,16,256.0,0,0.0
60,SIAgent1,MALE_YOUNG_HIGH_INCOME,32,517.0,0,0.0
60,SIAgent2,MALE_YOUNG_HIGH_INCOME,32,517.0,0,0.0
60,SIAgent0,FEMALE_YOUNG_HIGH_INCOME,16,256.0,0,0.0
61,WEAgent1,MALE_YOUNG_LOW_INCOME,114,1836.0,0,0.0
61,WEAgent2,FEMALE_YOUNG,139,2236.0,0,0.0
61,WEAgent0,MALE_YOUNG,147,2353.0,0,0.0
61,SIAgent7,FEMALE_YOUNG_LOW_INCOME,123,1980.0,0,0.0
61,SIAgent8,FEMALE_YOUNG_LOW_INCOME,123,1980.0,1,16.097560975609756
61,SIAgent5,YOUNG_HIGH_INCOME,48,773.0,0,0.0
61,SIAgent6,FEMALE_YOUNG,139,2236.0,0,0.0
61,SIAgent3,FEMALE_LOW_INCOME,273,4381.0,0,0.0
61,SIAgent4,MALE_YOUNG_HIGH_INCOME,32,517.0,0,0.0
61,SIAgent1,MALE_OLD_LOW_INCOME,112,1795.0,0,0.0
61,SIAgent2,FEMALE_LOW_INCOME,273,4381.0,0,0.0
61,SIAgent0,FEMALE_YOUNG,139,2236.0,0,0.0
62,WEAgent1,FEMALE_OLD_HIGH_INCOME,25,407.0,0,0.0
62,WEAgent2,MALE_OLD_HIGH_INCOME,50,808.0,0,0.0
62,WEAgent0,MALE_OLD,162,2603.0,0,0.0
62,SIAgent7,FEMALE_OLD_LOW_INCOME,150,2401.0,0,0.0
62,SIAgent8,MALE_OLD_LOW_INCOME,112,1795.0,0,0.0
62,SIAgent5,YOUNG_LOW_INCOME,238,3816.0,1,0.0
62,SIAgent6,MALE_LOW_INCOME,226,3631.0,0,0.0
62,SIAgent3,MALE_OLD_LOW_INCOME,112,1795.0,0,0.0
62,SIAgent4,FEMALE_OLD_HIGH_INCOME,25,407.0,0,0.0
62,SIAgent1,OLD_HIGH_INCOME,75,1215.0,0,0.0
62,SIAgent2,FEMALE_YOUNG_HIGH_INCOME,16,256.0,0,0.0
62,SIAgent0,MALE_LOW_INCOME,226,3631.0,0,0.0
63,WEAgent1,FEMALE_YOUNG,139,2236.0,0,0.0
63,WEAgent2,FEMALE_LOW_INCOME,273,4381.0,0,0.0
63,WEAgent0,MALE_YOUNG_HIGH_INCOME,32,517.0,0,0.0
63,SIAgent7,YOUNG_LOW_INCOME,238,3816.0,0,0.0
63,SIAgent8,MALE_HIGH_INCOME,82,1325.0,0,0.0
63,SIAgent5,FEMALE_OLD_HIGH_INCOME,25,407.0,0,0.0
63,SIAgent6,OLD_LOW_INCOME,262,4196.0,0,0.0
63,SIAgent3,FEMALE_YOUNG,139,2236.0,0,0.0
63,SIAgent4,YOUNG_HIGH_INCOME,48,773.0,0,0.0
63,SIAgent1,MALE_YOUNG_HIGH_INCOME,32,517.0,0,0.0
63,SIAgent2,FEMALE_YOUNG_LOW_INCOME,123,1980.0,1,16.097560975609756
63,SIAgent0,FEMALE_YOUNG_LOW_INCOME,123,1980.0,0,0.0
64,WEAgent1,MALE_YOUNG_LOW_INCOME,114,1836.0,1,16.03361344537815
64,WEAgent2,OLD_LOW_INCOME,262,4196.0,0,0.0
64,WEAgent0,MALE_HIGH_INCOME,82,1325.0,0,0.0
64,SIAgent7,FEMALE_LOW_INCOME,273,4381.0,0,0.0
64,SIAgent8,FEMALE_OLD,175,2808.0,0,0.0
64,SIAgent5,FEMALE_OLD,175,2808.0,0,0.0
64,SIAgent6,FEMALE_OLD_LOW_INCOME,150,2401.0,0,0.0
64,SIAgent3,YOUNG_LOW_INCOME,238,3816.0,0,0.0
64,SIAgent4,MALE_YOUNG,147,2353.0,0,0.0
64,SIAgent1,MALE_OLD_HIGH_INCOME,50,808.0,0,0.0
64,SIAgent2,FEMALE_OLD_HIGH_INCOME,25,407.0,0,0.0
64,SIAgent0,FEMALE_OLD,175,2808.0,0,0.0
65,WEAgent1,FEMALE_OLD,175,2808.0,0,0.0
65,WEAgent2,MALE_YOUNG,147,2353.0,0,0.0
65,WEAgent0,FEMALE_YOUNG_HIGH_INCOME,16,256.0,0,0.0
65,SIAgent7,FEMALE_LOW_INCOME,273,4381.0,0,0.0
65,SIAgent8,MALE_HIGH_INCOME,82,1325.0,1,16.006802721088434
65,SIAgent5,MALE_LOW_INCOME,226,3631.0,0,0.0
65,SIAgent6,MALE_YOUNG,147,2353.0,0,0.0
65,SIAgent3,FEMALE_YOUNG,139,2236.0,0,0.0
65,SIAgent4,MALE_YOUNG,147,2353.0,0,0.0
65,SIAgent1,OLD_LOW_INCOME,262,4196.0,0,0.0
65,SIAgent2,FEMALE_YOUNG,139,2236.0,0,0.0
65,SIAgent0,FEMALE_YOUNG_LOW_INCOME,123,1980.0,0,0.0
66,WEAgent1,MALE_OLD_LOW_INCOME,112,1795.0,0,0.0
66,WEAgent2,FEMALE_OLD_LOW_INCOME,150,2401.0,0,0.0
66,WEAgent0,MALE_YOUNG_HIGH_INCOME,32,517.0,0,0.0
66,SIAgent7,FEMALE_OLD_HIGH_INCOME,25,407.0,0,0.0
66,SIAgent8,MALE_YOUNG_HIGH_INCOME,32,517.0,0,0.0
66,SIAgent5,MALE_YOUNG_LOW_INCOME,114,1836.0,0,0.0
66,SIAgent6,YOUNG_LOW_INCOME,238,3816.0,0,0.0
66,SIAgent3,FEMALE_LOW_INCOME,273,4381.0,0,0.0
66,SIAgent4,FEMALE_OLD,175,2808.0,0,0.0
66,SIAgent1,MALE_HIGH_INCOME,82,1325.0,0,0.0
66,SIAgent2,FEMALE_YOUNG,139,2236.0,0,0.0
66,SIAgent0,MALE_OLD_LOW_INCOME,112,1795.0,1,16.02678571428571
67,WEAgent1,OLD_HIGH_INCOME,75,1215.0,0,0.0
67,WEAgent2,MALE_OLD_LOW_INCOME,112,1795.0,0,0.0
67,WEAgent0,FEMALE_HIGH_INCOME,41,663.0,0,0.0
67,SIAgent7,MALE_LOW_INCOME,226,3631.0,0,0.0
67,SIAgent8,MALE_HIGH_INCOME,82,1325.0,0,0.0
67,SIAgent5,FEMALE_OLD_HIGH_INCOME,25,407.0,0,0.0
67,SIAgent6,FEMALE_LOW_INCOME,273,4381.0,1,0.0
67,SIAgent3,FEMALE_YOUNG,139,2236.0,0,0.0
67,SIAgent4,MALE_OLD_HIGH_INCOME,50,808.0,0,0.0
67,SIAgent1,OLD_HIGH_INCOME,75,1215.0,0,0.0
67,SIAgent2,OLD_HIGH_INCOME,75,1215.0,0,0.0
67,SIAgent0,FEMALE_HIGH_INCOME,41,663.0,0,0.0
68,WEAgent1,MALE_YOUNG_HIGH_INCOME,32,517.0,0,0.0
68,WEAgent2,FEMALE_YOUNG_LOW_INCOME,123,1980.0,0,0.0
68,WEAgent0,MALE_HIGH_INCOME,82,1325.0,0,0.0
68,SIAgent7,FEMALE_YOUNG,139,2236.0,0,0.0
68,SIAgent8,MALE_YOUNG,147,2353.0,0,0.0
68,SIAgent5,MALE_LOW_INCOME,226,3631.0,1,0.0
68,SIAgent6,MALE_YOUNG_HIGH_INCOME,32,517.0,0,0.0
68,SIAgent3,FEMALE_OLD,175,2808.0,0,0.0
68,SIAgent4,MALE_YOUNG_HIGH_INCOME,32,517.0,0,0.0
68,SIAgent1,FEMALE_HIGH_INCOME,41,663.0,0,0.0
68,SIAgent2,FEMALE_HIGH_INCOME,41,663.0,0,0.0
68,SIAgent0,MALE_YOUNG_LOW_INCOME,114,1836.0,0,0.0
69,WEAgent1,MALE_YOUNG_HIGH_INCOME,32,517.0,0,0.0
69,WEAgent2,FEMALE_YOUNG,139,2236.0,0,0.0
69,WEAgent0,FEMALE_YOUNG_HIGH_INCOME,16,256.0,0,0.0
69,SIAgent7,MALE_OLD_HIGH_INCOME,50,808.0,0,0.0
69,SIAgent8,MALE_OLD_HIGH_INCOME,50,808.0,0,0.0
69,SIAgent5,MALE_OLD,162,2603.0,0,0.0
69,SIAgent6,FEMALE_YOUNG_HIGH_INCOME,16,256.0,0,0.0
69,SIAgent3,MALE_LOW_INCOME,226,3631.0,1,16.006802721088434
69,SIAgent4,FEMALE_OLD_HIGH_INCOME,25,407.0,0,0.0
69,SIAgent1,OLD_HIGH_INCOME,75,1215.0,0,0.0
69,SIAgent2,MALE_YOUNG,147,2353.0,0,0.0
69,SIAgent0,MALE_YOUNG_HIGH_INCOME,32,517.0,0,0.0
70,WEAgent1,OLD_LOW_INCOME,262,4196.0,0,0.0
70,WEAgent2,MALE_LOW_INCOME,226,3631.0,0,0.0
70,WEAgent0,MALE_OLD,162,2603.0,0,0.0
70,SIAgent7,FEMALE_HIGH_INCOME,41,663.0,0,0.0
70,SIAgent8,FEMALE_HIGH_INCOME,41,663.0,0,0.0
70,SIAgent5,FEMALE_YOUNG_HIGH_INCOME,16,256.0,0,0.0
70,SIAgent6,YOUNG_HIGH_INCOME,48,773.0,0,0.0
70,SIAgent3,MALE_OLD,162,2603.0,0,0.0
70,SIAgent4,FEMALE_HIGH_INCOME,41,663.0,0,0.0
70,SIAgent1,FEMALE_YOUNG_LOW_INCOME,123,1980.0,0,0.0
70,SIAgent2,MALE_OLD_HIGH_INCOME,50,808.0,0,0.0
70,SIAgent0,MALE_YOUNG,147,2353.0,0,0.0
71,WEAgent1,MALE_OLD_LOW_INCOME,112,1795.0,0,0.0
71,WEAgent2,FEMALE_HIGH_INCOME,41,663.0,0,0.0
71,WEAgent0,MALE_YOUNG_HIGH_INCOME,32,517.0,0,0.0
71,SIAgent7,OLD_LOW_INCOME,262,4196.0,0,0.0
71,SIAgent8,MALE_HIGH_INCOME,82,1325.0,0,0.0
71,SIAgent5,MALE_YOUNG_LOW_INCOME,114,1836.0,0,0.0
71,SIAgent6,FEMALE_OLD_LOW_INCOME,150,2401.0,0,0.0
71,SIAgent3,MALE_OLD,162,2603.0,1,16.015267175572518
71,SIAgent4,MALE_OLD_HIGH_INCOME,50,808.0,0,0.0
71,SIAgent1,FEMALE_LOW_INCOME,273,4381.0,0,0.0
71,SIAgent2,YOUNG_LOW_INCOME,238,3816.0,0,0.0
71,SIAgent0,FEMALE_YOUNG_LOW_INCOME,123,1980.0,0,0.0
72,WEAgent1,OLD_LOW_INCOME,262,4196.0,0,0.0
72,WEAgent2,FEMALE_LOW_INCOME,273,4381.0,0,0.0
72,WEAgent0,MALE_YOUNG_LOW_INCOME,114,1836.0,0,0.0
72,SIAgent7,FEMALE_OLD_HIGH_INCOME,25,407.0,0,0.0
72,SIAgent8,MALE_OLD,162,2603.0,0,0.0
72,SIAgent5,MALE_HIGH_INCOME,82,1325.0,0,0.0
72,SIAgent6,FEMALE_YOUNG_LOW_INCOME,123,1980.0,0,0.0
72,SIAgent3,OLD_HIGH_INCOME,75,1215.0,0,0.0
72,SIAgent4,MALE_YOUNG,147,2353.0,0,0.0
72,SIAgent1,MALE_YOUNG_LOW_INCOME,114,1836.0,0,0.0
72,SIAgent2,FEMALE_YOUNG_LOW_INCOME,123,1980.0,0,0.0
72,SIAgent0,FEMALE_LOW_INCOME,273,4381.0,1,0.0
73,WEAgent1,MALE_YOUNG_HIGH_INCOME,32,517.0,0,0.0
73,WEAgent2,FEMALE_YOUNG_LOW_INCOME,123,1980.0,0,0.0
73,WEAgent0,MALE_LOW_INCOME,226,3631.0,0,0.0
73,SIAgent7,FEMALE_YOUNG_LOW_INCOME,123,1980.0,0,0.0
73,SIAgent8,MALE_OLD_LOW_INCOME,112,1795.0,0,0.0
73,SIAgent5,FEMALE_YOUNG_HIGH_INCOME,16,256.0,0,0.0
73,SIAgent6,YOUNG_HIGH_INCOME,48,773.0,0,0.0
73,SIAgent3,MALE_OLD_LOW_INCOME,112,1795.0,0,0.0
73,SIAgent4,MALE_LOW_INCOME,226,3631.0,1,0.0
73,SIAgent1,FEMALE_OLD_LOW_INCOME,150,2401.0,0,0.0
73,SIAgent2,FEMALE_HIGH_INCOME,41,663.0,0,0.0
73,SIAgent0,FEMALE_OLD_HIGH_INCOME,25,407.0,0,0.0
74,WEAgent1,FEMALE_OLD_HIGH_INCOME,25,407.0,0,0.0
74,WEAgent2,MALE_HIGH_INCOME,82,1325.0,0,0.0
74,WEAgent0,MALE_YOUNG,147,2353.0,0,0.0
74,SIAgent7,FEMALE_HIGH_INCOME,41,663.0,0,0.0
74,SIAgent8,YOUNG_LOW_INCOME,238,3816.0,0,0.0
74,SIAgent5,FEMALE_HIGH_INCOME,41,663.0,0,0.0
74,SIAgent6,FEMALE_HIGH_INCOME,41,663.0,0,0.0
74,SIAgent3,FEMALE_YOUNG,139,2236.0,0,0.0
74,SIAgent4,MALE_YOUNG_HIGH_INCOME,32,517.0,0,0.0
74,SIAgent1,YOUNG_LOW_INCOME,238,3816.0,0,0.0
74,SIAgent2,MALE_YOUNG_HIGH_INCOME,32,517.0,0,0.0
74,SIAgent0,YOUNG_LOW_INCOME,238,3816.0,0,0.0
75,WEAgent1,MALE_OLD_HIGH_INCOME,50,808.0,0,0.0
75,WEAgent2,MALE_OLD_HIGH_INCOME,50,808.0,0,0.0
75,WEAgent0,FEMALE_OLD_HIGH_INCOME,25,407.0,0,0.0
75,SIAgent7,FEMALE_OLD_LOW_INCOME,150,2401.0,0,0.0
75,SIAgent8,MALE_YOUNG,147,2353.0,0,0.0
75,SIAgent5,FEMALE_YOUNG,139,2236.0,1,16.086330935251798
75,SIAgent6,OLD_LOW_INCOME,262,4196.0,0,0.0
75,SIAgent3,MALE_OLD_HIGH_INCOME,50,808.0,0,0.0
75,SIAgent4,YOUNG_HIGH_INCOME,48,773.0,0,0.0
75,SIAgent1,FEMALE_YOUNG,139,2236.0,0,0.0
75,SIAgent2,FEMALE_LOW_INCOME,273,4381.0,0,0.0
75,SIAgent0,OLD_HIGH_INCOME,75,1215.0,0,0.0
76,WEAgent1,OLD_LOW_INCOME,262,4196.0,0,0.0
76,WEAgent2,FEMALE_YOUNG,139,2236.0,0,0.0
76,WEAgent0,FEMALE_HIGH_INCOME,41,663.0,0,0.0
76,SIAgent7,OLD_LOW_INCOME,262,4196.0,0,0.0
76,SIAgent8,FEMALE_YOUNG,139,2236.0,0,0.0
76,SIAgent5,OLD_LOW_INCOME,262,4196.0,0,0.0
76,SIAgent6,FEMALE_LOW_INCOME,273,4381.0,0,0.0
76,SIAgent3,FEMALE_LOW_INCOME,273,4381.0,0,0.0
76,SIAgent4,MALE_YOUNG_HIGH_INCOME,32,517.0,0,0.0
76,SIAgent1,OLD_LOW_INCOME,262,4196.0,0,0.0
76,SIAgent2,YOUNG_HIGH_INCOME,48,773.0,0,0.0
76,SIAgent0,FEMALE_YOUNG,139,2236.0,0,0.0
77,WEAgent1,MALE_OLD_HIGH_INCOME,50,808.0,0,0.0
77,WEAgent2,FEMALE_HIGH_INCOME,41,663.0,0,0.0
77,WEAgent0,OLD_LOW_INCOME,262,4196.0,0,0.0
77,SIAgent7,YOUNG_LOW_INCOME,238,3816.0,0,0.0
77,SIAgent8,FEMALE_YOUNG_HIGH_INCOME,16,256.0,0,0.0
77,SIAgent5,FEMALE_YOUNG,139,2236.0,0,0.0
77,SIAgent6,YOUNG_HIGH_INCOME,48,773.0,0,0.0
77,SIAgent3,FEMALE_LOW_INCOME,273,4381.0,0,0.0
77,SIAgent4,MALE_OLD_LOW_INCOME,112,1795.0,1,16.015267175572518
77,SIAgent1,FEMALE_LOW_INCOME,273,4381.0,0,0.0
77,SIAgent2,MALE_OLD_HIGH_INCOME,50,808.0,0,0.0
77,SIAgent0,FEMALE_LOW_INCOME,273,4381.0,0,0.0
78,WEAgent1,FEMALE_OLD_HIGH_INCOME,25,407.0,0,0.0
78,WEAgent2,OLD_LOW_INCOME,262,4196.0,0,0.0
78,WEAgent0,MALE_OLD,162,2603.0,0,0.0
78,SIAgent7,MALE_YOUNG,147,2353.0,0,0.0
78,SIAgent8,MALE_YOUNG,147,2353.0,0,0.0
78,SIAgent5,FEMALE_OLD,175,2808.0,1,16.015267175572518
78,SIAgent6,MALE_OLD,162,2603.0,0,0.0
78,SIAgent3,MALE_OLD_LOW_INCOME,112,1795.0,0,0.0
78,SIAgent4,FEMALE_YOUNG_HIGH_INCOME,16,256.0,0,0.0
78,SIAgent1,MALE_YOUNG,147,2353.0,0,0.0
78,SIAgent2,OLD_LOW_INCOME,262,4196.0,0,0.0
78,SIAgent0,OLD_HIGH_INCOME,75,1215.0,0,0.0
79,WEAgent1,MALE_YOUNG_LOW_INCOME,114,1836.0,0,0.0
79,WEAgent2,OLD_LOW_INCOME,262,4196.0,0,0.0
79,WEAgent0,MALE_YOUNG_LOW_INCOME,114,1836.0,0,0.0
79,SIAgent7,MALE_YOUNG_LOW_INCOME,114,1836.0,0,0.0
79,SIAgent8,FEMALE_LOW_INCOME,273,4381.0,1,16.03361344537815
79,SIAgent5,FEMALE_OLD_HIGH_INCOME,25,407.0,0,0.0
79,SIAgent6,OLD_HIGH_INCOME,75,1215.0,0,0.0
79,SIAgent3,FEMALE_OLD_HIGH_INCOME,25,407.0,0,0.0
79,SIAgent4,FEMALE_OLD_HIGH_INCOME,25,407.0,0,0.0
79,SIAgent1,MALE_HIGH_INCOME,82,1325.0,0,0.0
79,SIAgent2,MALE_OLD_LOW_INCOME,112,1795.0,0,0.0
79,SIAgent0,YOUNG_LOW_INCOME,238,3816.0,0,0.0
80,WEAgent1,MALE_OLD_HIGH_INCOME,50,808.0,0,0.0
80,WEAgent2,FEMALE_OLD_HIGH_INCOME,25,407.0,0,0.0
80,WEAgent0,MALE_LOW_INCOME,226,3631.0,0,0.0
80,SIAgent7,YOUNG_LOW_INCOME,238,3816.0,0,0.0
80,SIAgent8,OLD_LOW_INCOME,262,4196.0,0,0.0
80,SIAgent5,YOUNG_LOW_INCOME,238,3816.0,0,0.0
80,SIAgent6,FEMALE_OLD,175,2808.0,0,0.0
80,SIAgent3,FEMALE_LOW_INCOME,273,4381.0,1,16.03361344537815
80,SIAgent4,YOUNG_HIGH_INCOME,48,773.0,0,0.0
80,SIAgent1,MALE_OLD_LOW_INCOME,112,1795.0,0,0.0
80,SIAgent2,MALE_OLD,162,2603.0,0,0.0
80,SIAgent0,OLD_HIGH_INCOME,75,1215.0,0,0.0
81,WEAgent1,FEMALE_YOUNG_HIGH_INCOME,16,256.0,0,0.0
81,WEAgent2,MALE_YOUNG,147,2353.0,0,0.0
81,WEAgent0,FEMALE_OLD,175,2808.0,0,0.0
81,SIAgent7,FEMALE_LOW_INCOME,273,4381.0,1,16.045714285714286
81,SIAgent8,FEMALE_OLD,175,2808.0,0,0.0
81,SIAgent5,MALE_LOW_INCOME,226,3631.0,0,0.0
81,SIAgent6,YOUNG_HIGH_INCOME,48,773.0,0,0.0
81,SIAgent3,MALE_LOW_INCOME,226,3631.0,0,0.0
81,SIAgent4,FEMALE_YOUNG,139,2236.0,0,0.0
81,SIAgent1,MALE_OLD_LOW_INCOME,112,1795.0,0,0.0
81,SIAgent2,MALE_YOUNG_HIGH_INCOME,32,517.0,0,0.0
81,SIAgent0,MALE_LOW_INCOME,226,3631.0,0,0.0
82,WEAgent1,MALE_OLD,162,2603.0,0,0.0
82,WEAgent2,OLD_LOW_INCOME,262,4196.0,0,0.0
82,WEAgent0,MALE_OLD,162,2603.0,0,0.0
82,SIAgent7,MALE_LOW_INCOME,226,3631.0,0,0.0
82,SIAgent8,FEMALE_OLD_HIGH_INCOME,25,407.0,0,0.0
82,SIAgent5,MALE_YOUNG_LOW_INCOME,114,1836.0,0,0.0
82,SIAgent6,MALE_YOUNG,147,2353.0,0,0.0
82,SIAgent3,FEMALE_OLD_HIGH_INCOME,25,407.0,0,0.0
82,SIAgent4,FEMALE_YOUNG,139,2236.0,1,16.03361344537815
82,SIAgent1,OLD_LOW_INCOME,262,4196.0,0,0.0
82,SIAgent2,YOUNG_LOW_INCOME,238,3816.0,0,0.0
82,SIAgent0,FEMALE_OLD_HIGH_INCOME,25,407.0,0,0.0
83,WEAgent1,MALE_OLD,162,2603.0,0,0.0
83,WEAgent2,MALE_YOUNG_LOW_INCOME,114,1836.0,0,0.0
83,WEAgent0,FEMALE_YOUNG,139,2236.0,0,0.0
83,SIAgent7,FEMALE_OLD_LOW_INCOME,150,2401.0,0,0.0
83,SIAgent8,FEMALE_YOUNG,139,2236.0,0,0.0
83,SIAgent5,OLD_LOW_INCOME,262,4196.0,0,0.0
83,SIAgent6,MALE_YOUNG_LOW_INCOME,114,1836.0,0,0.0
83,SIAgent3,FEMALE_YOUNG_LOW_INCOME,123,1980.0,0,0.0
83,SIAgent4,FEMALE_OLD_HIGH_INCOME,25,407.0,0,0.0
83,SIAgent1,OLD_LOW_INCOME,262,4196.0,0,0.0
83,SIAgent2,FEMALE_HIGH_INCOME,41,663.0,0,0.0
83,SIAgent0,FEMALE_OLD,175,2808.0,0,0.0
84,WEAgent1,MALE_HIGH_INCOME,82,1325.0,0,0.0
84,WEAgent2,YOUNG_HIGH_INCOME,48,773.0,0,0.0
84,WEAgent0,FEMALE_YOUNG_LOW_INCOME,123,1980.0,0,0.0
84,SIAgent7,FEMALE_LOW_INCOME,273,4381.0,0,0.0
84,SIAgent8,YOUNG_HIGH_INCOME,48,773.0,0,0.0
84,SIAgent5,FEMALE_YOUNG_LOW_INCOME,123,1980.0,0,0.0
84,SIAgent6,YOUNG_HIGH_INCOME,48,773.0,0,0.0
84,SIAgent3,FEMALE_YOUNG,139,2236.0,0,0.0
84,SIAgent4,YOUNG_HIGH_INCOME,48,773.0,0,0.0
84,SIAgent1,MALE_YOUNG,147,2353.0,0,0.0
84,SIAgent2,MALE_YOUNG_LOW_INCOME,114,1836.0,1,16.006802721088434
84,SIAgent0,FEMALE_HIGH_INCOME,41,663.0,0,0.0
85,WEAgent1,YOUNG_HIGH_INCOME,48,773.0,0,0.0
85,WEAgent2,YOUNG_LOW_INCOME,238,3816.0,0,0.0
85,WEAgent0,FEMALE_YOUNG_LOW_INCOME,123,1980.0,0,0.0
85,SIAgent7,FEMALE_YOUNG_HIGH_INCOME,16,256.0,0,0.0
85,SIAgent8,MALE_OLD_LOW_INCOME,112,1795.0,0,0.0
85,SIAgent5,FEMALE_LOW_INCOME,273,4381.0,0,0.0
85,SIAgent6,MALE_HIGH_INCOME,82,1325.0,0,0.0
85,SIAgent3,MALE_LOW_INCOME,226,3631.0,0,0.0
85,SIAgent4,FEMALE_OLD_LOW_INCOME,150,2401.0,0,0.0
85,SIAgent1,MALE_YOUNG_LOW_INCOME,114,1836.0,0,0.0
85,SIAgent2,MALE_OLD,162,2603.0,1,16.067901234567902
85,SIAgent0,MALE_OLD,162,2603.0,0,0.0
86,WEAgent1,MALE_OLD,162,2603.0,0,0.0
86,WEAgent2,MALE_HIGH_INCOME,82,1325.0,0,0.0
86,WEAgent0,MALE_OLD,162,2603.0,0,0.0
86,SIAgent7,MALE_OLD,162,2603.0,0,0.0
86,SIAgent8,MALE_LOW_INCOME,226,3631.0,0,0.0
86,SIAgent5,OLD_HIGH_INCOME,75,1215.0,1,16.16
86,SIAgent6,FEMALE_OLD,175,2808.0,0,0.0
86,SIAgent3,FEMALE_YOUNG_LOW_INCOME,123,1980.0,0,0.0
86,SIAgent4,MALE_OLD_LOW_INCOME,112,1795.0,0,0.0
86,SIAgent1,MALE_OLD_HIGH_INCOME,50,808.0,0,0.0
86,SIAgent2,YOUNG_HIGH_INCOME,48,773.0,0,0.0
86,SIAgent0,FEMALE_YOUNG,139,2236.0,0,0.0
87,WEAgent1,MALE_HIGH_INCOME,82,1325.0,0,0.0
87,WEAgent2,OLD_HIGH_INCOME,75,1215.0,0,0.0
87,WEAgent0,YOUNG_HIGH_INCOME,48,773.0,0,0.0
87,SIAgent7,MALE_OLD,162,2603.0,0,0.0
87,SIAgent8,MALE_LOW_INCOME,226,3631.0,0,0.0
87,SIAgent5,YOUNG_HIGH_INCOME,48,773.0,0,0.0
87,SIAgent6,YOUNG_LOW_INCOME,238,3816.0,1,0.0
87,SIAgent3,FEMALE_OLD_LOW_INCOME,150,2401.0,0,0.0
87,SIAgent4,MALE_YOUNG,147,2353.0,0,0.0
87,SIAgent1,OLD_LOW_INCOME,262,4196.0,0,0.0
87,SIAgent2,YOUNG_HIGH_INCOME,48,773.0,0,0.0
87,SIAgent0,FEMALE_HIGH_INCOME,41,663.0,0,0.0
88,WEAgent1,FEMALE_OLD_LOW_INCOME,150,2401.0,0,0.0
88,WEAgent2,MALE_LOW_INCOME,226,3631.0,0,0.0
88,WEAgent0,MALE_LOW_INCOME,226,3631.0,0,0.0
88,SIAgent7,MALE_OLD_HIGH_INCOME,50,808.0,0,0.0
88,SIAgent8,FEMALE_YOUNG_LOW_INCOME,123,1980.0,0,0.0
88,SIAgent5,MALE_OLD,162,2603.0,0,0.0
88,SIAgent6,MALE_OLD,162,2603.0,0,0.0
88,SIAgent3,OLD_LOW_INCOME,262,4196.0,0,0.0
88,SIAgent4,OLD_HIGH_INCOME,75,1215.0,0,0.0
88,SIAgent1,MALE_YOUNG_LOW_INCOME,114,1836.0,1,0.0
88,SIAgent2,YOUNG_HIGH_INCOME,48,773.0,0,0.0
88,SIAgent0,MALE_OLD,162,2603.0,0,0.0
89,WEAgent1,FEMALE_OLD,175,2808.0,0,0.0
89,WEAgent2,FEMALE_YOUNG,139,2236.0,0,0.0
89,WEAgent0,FEMALE_YOUNG,139,2236.0,0,0.0
89,SIAgent7,FEMALE_LOW_INCOME,273,4381.0,1,16.045714285714286
89,SIAgent8,MALE_YOUNG_LOW_INCOME,114,1836.0,0,0.0
89,SIAgent5,FEMALE_YOUNG_HIGH_INCOME,16,256.0,0,0.0
89,SIAgent6,MALE_HIGH_INCOME,82,1325.0,0,0.0
89,SIAgent3,FEMALE_OLD_LOW_INCOME,150,2401.0,0,0.0
89,SIAgent4,FEMALE_YOUNG_HIGH_INCOME,16,256.0,0,0.0
89,SIAgent1,MALE_LOW_INCOME,226,3631.0,0,0.0
89,SIAgent2,FEMALE_OLD,175,2808.0,0,0.0
89,SIAgent0,FEMALE_OLD_LOW_INCOME,150,2401.0,0,0.0
90,WEAgent1,MALE_OLD,162,2603.0,0,0.0
90,WEAgent2,FEMALE_YOUNG_HIGH_INCOME,16,256.0,0,0.0
90,WEAgent0,MALE_OLD,162,2603.0,0,0.0
90,SIAgent7,MALE_OLD,162,2603.0,0,0.0
90,SIAgent8,MALE_YOUNG,147,2353.0,0,0.0
90,SIAgent5,MALE_OLD_LOW_INCOME,112,1795.0,0,0.0
90,SIAgent6,YOUNG_LOW_INCOME,238,3816.0,1,0.0
90,SIAgent3,MALE_YOUNG,147,2353.0,0,0.0
90,SIAgent4,MALE_YOUNG_HIGH_INCOME,32,517.0,0,0.0
90,SIAgent1,OLD_HIGH_INCOME,75,1215.0,0,0.0
90,SIAgent2,OLD_LOW_INCOME,262,4196.0,0,0.0
90,SIAgent0,MALE_OLD,162,2603.0,0,0.0
91,WEAgent1,OLD_HIGH_INCOME,75,1215.0,0,0.0
91,WEAgent2,YOUNG_HIGH_INCOME,48,773.0,0,0.0
91,WEAgent0,MALE_OLD_LOW_INCOME,112,1795.0,0,0.0
91,SIAgent7,FEMALE_OLD_LOW_INCOME,150,2401.0,0,0.0
91,SIAgent8,FEMALE_OLD,175,2808.0,1,16.006666666666668
91,SIAgent5,MALE_OLD_LOW_INCOME,112,1795.0,0,0.0
91,SIAgent6,FEMALE_YOUNG_LOW_INCOME,123,1980.0,0,0.0
91,SIAgent3,FEMALE_YOUNG_HIGH_INCOME,16,256.0,0,0.0
91,SIAgent4,MALE_YOUNG_LOW_INCOME,114,1836.0,0,0.0
91,SIAgent1,MALE_HIGH_INCOME,82,1325.0,0,0.0
91,SIAgent2,FEMALE_HIGH_INCOME,41,663.0,0,0.0
91,SIAgent0,MALE_YOUNG,147,2353.0,0,0.0
92,WEAgent1,YOUNG_HIGH_INCOME,48,773.0,0,0.0
92,WEAgent2,YOUNG_LOW_INCOME,238,3816.0,0,0.0
92,WEAgent0,MALE_YOUNG_LOW_INCOME,114,1836.0,0,0.0
92,SIAgent7,FEMALE_OLD_LOW_INCOME,150,2401.0,0,0.0
92,SIAgent8,MALE_YOUNG,147,2353.0,0,0.0
92,SIAgent5,OLD_HIGH_INCOME,75,1215.0,0,0.0
92,SIAgent6,MALE_OLD,162,2603.0,0,0.0
92,SIAgent3,FEMALE_YOUNG_LOW_INCOME,123,1980.0,0,0.0
92,SIAgent4,MALE_OLD_LOW_INCOME,112,1795.0,0,0.0
92,SIAgent1,YOUNG_HIGH_INCOME,48,773.0,1,16.006802721088434
92,SIAgent2,MALE_YOUNG,147,2353.0,0,0.0
92,SIAgent0,FEMALE_OLD_LOW_INCOME,150,2401.0,0,0.0
93,WEAgent1,FEMALE_OLD_LOW_INCOME,150,2401.0,1,0.0
93,WEAgent2,MALE_OLD_LOW_INCOME,112,1795.0,0,0.0
93,WEAgent0,OLD_HIGH_INCOME,75,1215.0,0,0.0
93,SIAgent7,MALE_LOW_INCOME,226,3631.0,0,0.0
93,SIAgent8,OLD_HIGH_INCOME,75,1215.0,0,0.0
93,SIAgent5,FEMALE_YOUNG,139,2236.0,0,0.0
93,SIAgent6,MALE_LOW_INCOME,226,3631.0,0,0.0
93,SIAgent3,FEMALE_HIGH_INCOME,41,663.0,0,0.0
93,SIAgent4,MALE_OLD_HIGH_INCOME,50,808.0,0,0.0
93,SIAgent1,OLD_HIGH_INCOME,75,1215.0,0,0.0
93,SIAgent2,FEMALE_OLD_HIGH_INCOME,25,407.0,0,0.0
93,SIAgent0,FEMALE_OLD_HIGH_INCOME,25,407.0,0,0.0
94,WEAgent1,FEMALE_LOW_INCOME,273,4381.0,0,0.0
94,WEAgent2,MALE_LOW_INCOME,226,3631.0,0,0.0
94,WEAgent0,MALE_OLD_LOW_INCOME,112,1795.0,0,0.0
94,SIAgent7,FEMALE_LOW_INCOME,273,4381.0,0,0.0
94,SIAgent8,MALE_OLD_LOW_INCOME,112,1795.0,0,0.0
94,SIAgent5,MALE_LOW_INCOME,226,3631.0,1,16.06637168141593
94,SIAgent6,MALE_YOUNG,147,2353.0,0,0.0
94,SIAgent3,FEMALE_YOUNG,139,2236.0,0,0.0
94,SIAgent4,MALE_YOUNG_LOW_INCOME,114,1836.0,0,0.0
94,SIAgent1,MALE_OLD_LOW_INCOME,112,1795.0,0,0.0
94,SIAgent2,MALE_LOW_INCOME,226,3631.0,0,0.0
94,SIAgent0,FEMALE_OLD,175,2808.0,0,0.0
95,WEAgent1,FEMALE_OLD,175,2808.0,0,0.0
95,WEAgent2,FEMALE_OLD_LOW_INCOME,150,2401.0,0,0.0
95,WEAgent0,FEMALE_OLD_HIGH_INCOME,25,407.0,0,0.0
95,SIAgent7,FEMALE_HIGH_INCOME,41,663.0,0,0.0
95,SIAgent8,FEMALE_HIGH_INCOME,41,663.0,0,0.0
95,SIAgent5,FEMALE_HIGH_INCOME,41,663.0,0,0.0
95,SIAgent6,FEMALE_LOW_INCOME,273,4381.0,1,16.03361344537815
95,SIAgent3,YOUNG_LOW_INCOME,238,3816.0,0,0.0
95,SIAgent4,YOUNG_HIGH_INCOME,48,773.0,0,0.0
95,SIAgent1,FEMALE_OLD,175,2808.0,0,0.0
95,SIAgent2,MALE_YOUNG,147,2353.0,0,0.0
95,SIAgent0,YOUNG_HIGH_INCOME,48,773.0,0,0.0
96,WEAgent1,FEMALE_LOW_INCOME,273,4381.0,0,0.0
96,WEAgent2,FEMALE_YOUNG_LOW_INCOME,123,1980.0,0,0.0
96,WEAgent0,OLD_HIGH_INCOME,75,1215.0,0,0.0
96,SIAgent7,OLD_HIGH_INCOME,75,1215.0,0,0.0
96,SIAgent8,MALE_HIGH_INCOME,82,1325.0,0,0.0
96,SIAgent5,MALE_YOUNG_LOW_INCOME,114,1836.0,0,0.0
96,SIAgent6,FEMALE_OLD_HIGH_INCOME,25,407.0,1,16.2
96,SIAgent3,MALE_OLD_LOW_INCOME,112,1795.0,0,0.0
96,SIAgent4,MALE_LOW_INCOME,226,3631.0,0,0.0
96,SIAgent1,FEMALE_OLD_LOW_INCOME,150,2401.0,0,0.0
96,SIAgent2,MALE_YOUNG,147,2353.0,0,0.0
96,SIAgent0,FEMALE_YOUNG_HIGH_INCOME,16,256.0,0,0.0
97,WEAgent1,FEMALE_OLD,175,2808.0,0,0.0
97,WEAgent2,MALE_OLD,162,2603.0,0,0.0
97,WEAgent0,YOUNG_LOW_INCOME,238,3816.0,0,0.0
97,SIAgent7,MALE_LOW_INCOME,226,3631.0,0,0.0
97,SIAgent8,OLD_LOW_INCOME,262,4196.0,0,0.0
97,SIAgent5,MALE_HIGH_INCOME,82,1325.0,0,0.0
97,SIAgent6,MALE_LOW_INCOME,226,3631.0,0,0.0
97,SIAgent3,MALE_YOUNG_HIGH_INCOME,32,517.0,0,0.0
97,SIAgent4,MALE_LOW_INCOME,226,3631.0,0,0.0
97,SIAgent1,OLD_LOW_INCOME,262,4196.0,0,0.0
97,SIAgent2,MALE_YOUNG_LOW_INCOME,114,1836.0,0,0.0
97,SIAgent0,FEMALE_LOW_INCOME,273,4381.0,1,16.03361344537815
98,WEAgent1,MALE_YOUNG_LOW_INCOME,114,1836.0,0,0.0
98,WEAgent2,FEMALE_OLD_LOW_INCOME,150,2401.0,1,16.006666666666668
98,WEAgent0,FEMALE_HIGH_INCOME,41,663.0,0,0.0
98,SIAgent7,YOUNG_HIGH_INCOME,48,773.0,0,0.0
98,SIAgent8,FEMALE_OLD_HIGH_INCOME,25,407.0,0,0.0
98,SIAgent5,MALE_HIGH_INCOME,82,1325.0,0,0.0
98,SIAgent6,OLD_HIGH_INCOME,75,1215.0,0,0.0
98,SIAgent3,FEMALE_OLD_LOW_INCOME,150,2401.0,0,0.0
98,SIAgent4,FEMALE_HIGH_INCOME,41,663.0,0,0.0
98,SIAgent1,MALE_HIGH_INCOME,82,1325.0,0,0.0
98,SIAgent2,FEMALE_OLD_HIGH_INCOME,25,407.0,0,0.0
98,SIAgent0,FEMALE_YOUNG,139,2236.0,0,0.0
99,WEAgent1,MALE_OLD_LOW_INCOME,112,1795.0,0,0.0
99,WEAgent2,FEMALE_OLD_HIGH_INCOME,25,407.0,0,0.0
99,WEAgent0,FEMALE_YOUNG_LOW_INCOME,123,1980.0,0,0.0
99,SIAgent7,FEMALE_OLD,175,2808.0,0,0.0
99,SIAgent8,MALE_LOW_INCOME,226,3631.0,0,0.0
99,SIAgent5,YOUNG_HIGH_INCOME,48,773.0,0,0.0
99,SIAgent6,OLD_HIGH_INCOME,75,1215.0,0,0.0
99,SIAgent3,YOUNG_HIGH_INCOME,48,773.0,0,0.0
99,SIAgent4,FEMALE_OLD_HIGH_INCOME,25,407.0,0,0.0
99,SIAgent1,FEMALE_HIGH_INCOME,41,663.0,1,16.104166666666668
99,SIAgent2,OLD_HIGH_INCOME,75,1215.0,0,0.0
99,SIAgent0,FEMALE_YOUNG,139,2236.0,0,0.0

